files/ftv70.atsp,0.100000,1918.000000,1918.000000,0.004084
files/ftv70.atsp,0.100000,1918.000000,2026.500000,0.008176
files/ftv70.atsp,0.100000,1918.000000,2079.000000,0.010240
files/ftv70.atsp,0.100000,1918.000000,2055.500000,0.012304
files/ftv70.atsp,0.100000,1918.000000,2088.200000,0.014366
files/ftv70.atsp,0.100000,1912.000000,2058.833333,0.021477
files/ftv70.atsp,0.100000,1912.000000,2048.000000,0.023540
files/ftv70.atsp,0.100000,1912.000000,2056.125000,0.026613
files/ftv70.atsp,0.100000,1912.000000,2055.222222,0.027666
files/ftv70.atsp,0.100000,1912.000000,2054.500000,0.028720
files/ftv70.atsp,0.100000,1912.000000,2046.909091,0.032804
files/ftv70.atsp,0.100000,1912.000000,2062.916667,0.034866
files/ftv70.atsp,0.100000,1912.000000,2078.153846,0.035921
files/ftv70.atsp,0.100000,1912.000000,2074.214286,0.037985
files/ftv70.atsp,0.100000,1912.000000,2071.200000,0.039039
files/ftv70.atsp,0.100000,1912.000000,2063.937500,0.040094
files/ftv70.atsp,0.100000,1912.000000,2067.588235,0.041150
files/ftv70.atsp,0.100000,1912.000000,2073.555556,0.044598
files/ftv70.atsp,0.100000,1912.000000,2070.631579,0.048695
files/ftv70.atsp,0.100000,1873.000000,2060.750000,0.051768
files/ftv70.atsp,0.100000,1873.000000,2072.095238,0.053830
files/ftv70.atsp,0.100000,1873.000000,2068.636364,0.055894
files/ftv70.atsp,0.100000,1873.000000,2064.521739,0.056950
files/ftv70.atsp,0.100000,1752.000000,2051.500000,0.061034
files/ftv70.atsp,0.100000,1752.000000,2048.560000,0.063099
files/ftv70.atsp,0.100000,1752.000000,2049.500000,0.068195
files/ftv70.atsp,0.100000,1752.000000,2056.481481,0.072277
files/ftv70.atsp,0.100000,1752.000000,2049.392857,0.074344
files/ftv70.atsp,0.100000,1752.000000,2041.172414,0.076407
files/ftv70.atsp,0.100000,1752.000000,2043.566667,0.081498
files/ftv70.atsp,0.100000,1752.000000,2038.774194,0.085585
files/ftv70.atsp,0.100000,1752.000000,2041.312500,0.088655
files/ftv70.atsp,0.100000,1752.000000,2046.515152,0.090751
files/ftv70.atsp,0.100000,1752.000000,2051.029412,0.091808
files/ftv70.atsp,0.100000,1752.000000,2045.571429,0.093874
files/ftv70.atsp,0.100000,1752.000000,2041.083333,0.097955
files/ftv70.atsp,0.100000,1752.000000,2036.162162,0.099068
files/ftv70.atsp,0.100000,1752.000000,2034.684211,0.102156
files/ftv70.atsp,0.100000,1752.000000,2032.871795,0.107452
files/ftv70.atsp,0.100000,1752.000000,2027.750000,0.110571
files/ftv70.atsp,0.100000,1752.000000,2028.243902,0.114673
files/ftv70.atsp,0.100000,1752.000000,2026.642857,0.116742
files/ftv70.atsp,0.100000,1752.000000,2029.465116,0.117800
files/ftv70.atsp,0.100000,1752.000000,2035.477273,0.118852
files/ftv70.atsp,0.100000,1752.000000,2039.577778,0.119910
files/ftv70.atsp,0.100000,1752.000000,2037.239130,0.127033
files/ftv70.atsp,0.100000,1752.000000,2037.531915,0.130107
files/ftv70.atsp,0.100000,1752.000000,2036.895833,0.133181
files/ftv70.atsp,0.100000,1752.000000,2038.938776,0.135245
files/ftv70.atsp,0.100000,1752.000000,2046.100000,0.140334
files/ftv70.atsp,0.100000,1752.000000,2044.705882,0.142399
files/ftv70.atsp,0.100000,1752.000000,2042.692308,0.145482
files/ftv70.atsp,0.100000,1752.000000,2043.283019,0.149564
files/ftv70.atsp,0.100000,1752.000000,2041.444444,0.151626
files/ftv70.atsp,0.100000,1752.000000,2044.054545,0.152682
files/ftv70.atsp,0.100000,1752.000000,2040.875000,0.155750
files/ftv70.atsp,0.100000,1752.000000,2041.701754,0.156803
files/ftv70.atsp,0.100000,1752.000000,2039.672414,0.160887
files/ftv70.atsp,0.100000,1752.000000,2040.864407,0.161940
files/ftv70.atsp,0.100000,1752.000000,2042.433333,0.164003
files/ftv70.atsp,0.100000,1752.000000,2044.393443,0.165063
files/ftv70.atsp,0.100000,1752.000000,2046.580645,0.166182
files/ftv70.atsp,0.100000,1749.000000,2041.857143,0.167247
files/ftv70.atsp,0.100000,1736.000000,2037.078125,0.170411
files/ftv70.atsp,0.100000,1736.000000,2037.830769,0.176069
files/ftv70.atsp,0.100000,1736.000000,2036.818182,0.177143
files/ftv70.atsp,0.100000,1736.000000,2037.477612,0.182251
files/ftv70.atsp,0.100000,1736.000000,2039.132353,0.185361
files/ftv70.atsp,0.100000,1736.000000,2039.231884,0.192474
files/ftv70.atsp,0.100000,1736.000000,2039.671429,0.195550
files/ftv70.atsp,0.100000,1736.000000,2036.619718,0.197614
files/ftv70.atsp,0.100000,1736.000000,2036.500000,0.199679
files/ftv70.atsp,0.100000,1680.000000,2031.616438,0.201746
files/ftv70.atsp,0.100000,1680.000000,2030.635135,0.203809
files/ftv70.atsp,0.100000,1680.000000,2033.826667,0.206880
files/ftv70.atsp,0.100000,1680.000000,2035.342105,0.208958
files/ftv70.atsp,0.100000,1680.000000,2033.532468,0.212029
files/ftv70.atsp,0.100000,1680.000000,2033.730769,0.213083
files/ftv70.atsp,0.100000,1680.000000,2035.772152,0.216162
files/ftv70.atsp,0.100000,1680.000000,2034.037500,0.220645
files/ftv70.atsp,0.100000,1680.000000,2032.987654,0.222721
files/ftv70.atsp,0.100000,1680.000000,2035.536585,0.223776
files/ftv70.atsp,0.100000,1680.000000,2037.168675,0.226854
files/ftv70.atsp,0.100000,1680.000000,2034.928571,0.229933
files/ftv70.atsp,0.100000,1680.000000,2033.141176,0.230989
files/ftv70.atsp,0.100000,1680.000000,2032.651163,0.233053
files/ftv70.atsp,0.100000,1680.000000,2032.149425,0.234106
files/ftv70.atsp,0.100000,1680.000000,2030.693182,0.236173
files/ftv70.atsp,0.100000,1680.000000,2028.876404,0.237233
files/ftv70.atsp,0.100000,1680.000000,2034.088889,0.240302
files/ftv70.atsp,0.100000,1680.000000,2031.659341,0.243381
files/ftv70.atsp,0.100000,1680.000000,2031.891304,0.244436
files/ftv70.atsp,0.100000,1680.000000,2032.182796,0.246497
files/ftv70.atsp,0.100000,1680.000000,2031.765957,0.248562
files/ftv70.atsp,0.100000,1680.000000,2033.378947,0.251631
files/ftv70.atsp,0.100000,1680.000000,2034.208333,0.256721
files/ftv70.atsp,0.100000,1680.000000,2032.896907,0.258786
files/ftv70.atsp,0.100000,1680.000000,2035.000000,0.259837
files/ftv70.atsp,0.100000,1680.000000,2032.303030,0.261908
files/ftv70.atsp,0.100000,1680.000000,2033.110000,0.269025
files/ftv70.atsp,0.100000,1680.000000,2031.782178,0.270079
files/ftv70.atsp,0.100000,1680.000000,2033.852941,0.272144
files/ftv70.atsp,0.100000,1680.000000,2033.000000,0.275219
files/ftv70.atsp,0.100000,1680.000000,2032.903846,0.279297
files/ftv70.atsp,0.100000,1680.000000,2033.504762,0.281370
files/ftv70.atsp,0.100000,1680.000000,2033.245283,0.283436
files/ftv70.atsp,0.100000,1680.000000,2035.626168,0.285499
files/ftv70.atsp,0.100000,1680.000000,2035.851852,0.289581
files/ftv70.atsp,0.100000,1680.000000,2038.568807,0.290633
files/ftv70.atsp,0.100000,1680.000000,2038.454545,0.296730
files/ftv70.atsp,0.100000,1680.000000,2040.549550,0.297784
files/ftv70.atsp,0.100000,1680.000000,2041.169643,0.299848
files/ftv70.atsp,0.100000,1680.000000,2040.309735,0.302920
files/ftv70.atsp,0.100000,1680.000000,2039.692982,0.305990
files/ftv70.atsp,0.100000,1680.000000,2039.069565,0.307048
files/ftv70.atsp,0.100000,1680.000000,2040.370690,0.309111
files/ftv70.atsp,0.100000,1680.000000,2042.051282,0.313191
files/ftv70.atsp,0.100000,1680.000000,2039.211864,0.316265
files/ftv70.atsp,0.100000,1680.000000,2039.361345,0.317318
files/ftv70.atsp,0.100000,1680.000000,2041.375000,0.319379
files/ftv70.atsp,0.100000,1680.000000,2039.504132,0.323466
files/ftv70.atsp,0.100000,1680.000000,2038.262295,0.326539
files/ftv70.atsp,0.100000,1680.000000,2038.650407,0.331629
files/ftv70.atsp,0.100000,1680.000000,2039.330645,0.337740
files/ftv70.atsp,0.100000,1680.000000,2039.264000,0.341854
files/ftv70.atsp,0.100000,1680.000000,2037.912698,0.346059
files/ftv70.atsp,0.100000,1680.000000,2035.338583,0.352207
files/ftv70.atsp,0.100000,1680.000000,2036.828125,0.356288
files/ftv70.atsp,0.100000,1680.000000,2034.984496,0.357413
files/ftv70.atsp,0.100000,1680.000000,2035.915385,0.360503
files/ftv70.atsp,0.100000,1680.000000,2038.374046,0.361555
files/ftv70.atsp,0.100000,1680.000000,2039.727273,0.365642
files/ftv70.atsp,0.100000,1680.000000,2038.571429,0.368785
files/ftv70.atsp,0.100000,1680.000000,2039.097015,0.370850
files/ftv70.atsp,0.100000,1680.000000,2039.637037,0.371904
files/ftv70.atsp,0.100000,1680.000000,2039.926471,0.373972
files/ftv70.atsp,0.100000,1680.000000,2039.934307,0.378066
files/ftv70.atsp,0.100000,1680.000000,2038.123188,0.382147
files/ftv70.atsp,0.100000,1680.000000,2038.345324,0.384209
files/ftv70.atsp,0.100000,1680.000000,2037.600000,0.389305
files/ftv70.atsp,0.100000,1680.000000,2036.992908,0.393386
files/ftv70.atsp,0.100000,1680.000000,2038.133803,0.396466
files/ftv70.atsp,0.100000,1680.000000,2039.076923,0.398528
files/ftv70.atsp,0.100000,1680.000000,2040.694444,0.404624
files/ftv70.atsp,0.100000,1680.000000,2041.351724,0.405678
files/ftv70.atsp,0.100000,1680.000000,2041.753425,0.406730
files/ftv70.atsp,0.100000,1680.000000,2042.210884,0.407781
files/ftv70.atsp,0.100000,1680.000000,2042.905405,0.412878
files/ftv70.atsp,0.100000,1680.000000,2043.651007,0.415948
files/ftv70.atsp,0.100000,1680.000000,2043.766667,0.418013
files/ftv70.atsp,0.100000,1680.000000,2044.185430,0.420078
files/ftv70.atsp,0.100000,1680.000000,2043.644737,0.425176
files/ftv70.atsp,0.100000,1680.000000,2045.176471,0.427238
files/ftv70.atsp,0.100000,1680.000000,2046.753247,0.429306
files/ftv70.atsp,0.100000,1680.000000,2046.541935,0.431370
files/ftv70.atsp,0.100000,1680.000000,2046.006410,0.432426
files/ftv70.atsp,0.100000,1680.000000,2045.165605,0.439538
files/ftv70.atsp,0.100000,1680.000000,2044.753165,0.442616
files/ftv70.atsp,0.100000,1680.000000,2046.792453,0.451812
files/ftv70.atsp,0.100000,1680.000000,2047.150000,0.453893
files/ftv70.atsp,0.100000,1680.000000,2046.701863,0.456969
files/ftv70.atsp,0.100000,1680.000000,2046.574074,0.460036
files/ftv70.atsp,0.100000,1680.000000,2046.073620,0.464121
files/ftv70.atsp,0.100000,1680.000000,2047.859756,0.465177
files/ftv70.atsp,0.100000,1680.000000,2048.090909,0.472356
files/ftv70.atsp,0.100000,1680.000000,2048.325301,0.474427
files/ftv70.atsp,0.100000,1680.000000,2048.353293,0.477070
files/ftv70.atsp,0.100000,1680.000000,2048.238095,0.478140
files/ftv70.atsp,0.100000,1680.000000,2048.893491,0.479196
files/ftv70.atsp,0.100000,1680.000000,2048.229412,0.483286
files/ftv70.atsp,0.100000,1680.000000,2048.187135,0.484341
files/ftv70.atsp,0.100000,1680.000000,2048.116279,0.486783
files/ftv70.atsp,0.100000,1680.000000,2048.959538,0.487846
files/ftv70.atsp,0.100000,1680.000000,2049.862069,0.488910
files/ftv70.atsp,0.100000,1680.000000,2049.320000,0.496329
files/ftv70.atsp,0.100000,1680.000000,2050.028409,0.499417
files/ftv70.atsp,0.100000,1680.000000,2049.440678,0.500762
files/ftv70.atsp,0.100000,1680.000000,2050.904494,0.501821
files/ftv70.atsp,0.100000,1680.000000,2050.681564,0.505904
files/ftv70.atsp,0.100000,1680.000000,2050.727778,0.507972
files/ftv70.atsp,0.100000,1680.000000,2050.906077,0.509030
files/ftv70.atsp,0.100000,1680.000000,2051.021978,0.511091
files/ftv70.atsp,0.100000,1680.000000,2051.994536,0.513153
files/ftv70.atsp,0.100000,1680.000000,2051.173913,0.517240
files/ftv70.atsp,0.100000,1680.000000,2051.697297,0.522330
files/ftv70.atsp,0.100000,1680.000000,2052.370968,0.525407
files/ftv70.atsp,0.100000,1680.000000,2050.663102,0.526462
files/ftv70.atsp,0.100000,1680.000000,2050.723404,0.527518
files/ftv70.atsp,0.100000,1680.000000,2052.476190,0.531598
files/ftv70.atsp,0.100000,1680.000000,2051.852632,0.537725
files/ftv70.atsp,0.100000,1680.000000,2052.387435,0.538781
files/ftv70.atsp,0.100000,1680.000000,2054.000000,0.539835
files/ftv70.atsp,0.100000,1680.000000,2054.404145,0.542912
files/ftv70.atsp,0.100000,1680.000000,2054.484536,0.544976
files/ftv70.atsp,0.100000,1680.000000,2055.917949,0.546034
files/ftv70.atsp,0.100000,1680.000000,2055.357143,0.547090
files/ftv70.atsp,0.100000,1680.000000,2054.852792,0.549153
files/ftv70.atsp,0.100000,1680.000000,2055.868687,0.550203
files/ftv70.atsp,0.100000,1680.000000,2055.532663,0.553279
files/ftv70.atsp,0.100000,1680.000000,2057.205000,0.555341
files/ftv70.atsp,0.100000,1680.000000,2057.159204,0.557403
files/ftv70.atsp,0.100000,1680.000000,2056.514851,0.559503
files/ftv70.atsp,0.100000,1680.000000,2056.216749,0.561568
files/ftv70.atsp,0.100000,1680.000000,2056.911765,0.563632
files/ftv70.atsp,0.100000,1680.000000,2057.131707,0.566710
files/ftv70.atsp,0.100000,1680.000000,2057.679612,0.569781
files/ftv70.atsp,0.100000,1680.000000,2058.632850,0.571844
files/ftv70.atsp,0.100000,1680.000000,2059.947115,0.573910
files/ftv70.atsp,0.100000,1680.000000,2061.162679,0.574962
files/ftv70.atsp,0.100000,1680.000000,2060.995238,0.578034
files/ftv70.atsp,0.100000,1680.000000,2060.573460,0.579090
files/ftv70.atsp,0.100000,1680.000000,2060.339623,0.581153
files/ftv70.atsp,0.100000,1680.000000,2060.201878,0.582208
files/ftv70.atsp,0.100000,1680.000000,2061.359813,0.584275
files/ftv70.atsp,0.100000,1680.000000,2062.209302,0.586336
files/ftv70.atsp,0.100000,1680.000000,2060.865741,0.589408
files/ftv70.atsp,0.100000,1680.000000,2061.562212,0.593521
files/ftv70.atsp,0.100000,1680.000000,2061.344037,0.599624
files/ftv70.atsp,0.100000,1680.000000,2061.675799,0.601687
files/ftv70.atsp,0.100000,1680.000000,2062.081818,0.604764
files/ftv70.atsp,0.100000,1680.000000,2061.855204,0.605818
files/ftv70.atsp,0.100000,1680.000000,2062.243243,0.608903
files/ftv70.atsp,0.100000,1680.000000,2061.591928,0.609957
files/ftv70.atsp,0.100000,1680.000000,2062.102679,0.611012
files/ftv70.atsp,0.100000,1680.000000,2062.604444,0.612066
files/ftv70.atsp,0.100000,1680.000000,2062.079646,0.614131
files/ftv70.atsp,0.100000,1680.000000,2061.916300,0.624267
files/ftv70.atsp,0.100000,1680.000000,2061.486842,0.626330
files/ftv70.atsp,0.100000,1680.000000,2061.803493,0.632433
files/ftv70.atsp,0.100000,1680.000000,2062.891304,0.634496
files/ftv70.atsp,0.100000,1680.000000,2063.103896,0.637569
files/ftv70.atsp,0.100000,1680.000000,2062.655172,0.644688
files/ftv70.atsp,0.100000,1680.000000,2062.515021,0.647756
files/ftv70.atsp,0.100000,1680.000000,2063.965812,0.649820
files/ftv70.atsp,0.100000,1680.000000,2063.000000,0.652895
files/ftv70.atsp,0.100000,1680.000000,2064.004237,0.659002
files/ftv70.atsp,0.100000,1680.000000,2064.016878,0.660055
files/ftv70.atsp,0.100000,1680.000000,2064.121849,0.664142
files/ftv70.atsp,0.100000,1680.000000,2064.790795,0.665197
files/ftv70.atsp,0.100000,1680.000000,2065.145833,0.668269
files/ftv70.atsp,0.100000,1680.000000,2063.834025,0.671346
files/ftv70.atsp,0.100000,1680.000000,2063.752066,0.673408
files/ftv70.atsp,0.100000,1680.000000,2063.732510,0.674462
files/ftv70.atsp,0.100000,1680.000000,2063.262295,0.679557
files/ftv70.atsp,0.100000,1680.000000,2062.681633,0.683637
files/ftv70.atsp,0.100000,1662.000000,2061.052846,0.693781
files/ftv70.atsp,0.100000,1662.000000,2060.647773,0.697864
files/ftv70.atsp,0.100000,1662.000000,2061.649194,0.699926
files/ftv70.atsp,0.100000,1662.000000,2062.674699,0.705016
files/ftv70.atsp,0.100000,1662.000000,2061.252000,0.711525
files/ftv70.atsp,0.100000,1662.000000,2060.956175,0.712631
files/ftv70.atsp,0.100000,1662.000000,2060.488095,0.714727
files/ftv70.atsp,0.100000,1662.000000,2060.766798,0.722882
files/ftv70.atsp,0.100000,1662.000000,2061.326772,0.723935
files/ftv70.atsp,0.100000,1662.000000,2061.403922,0.724992
files/ftv70.atsp,0.100000,1662.000000,2062.054688,0.729083
files/ftv70.atsp,0.100000,1662.000000,2063.023346,0.732157
files/ftv70.atsp,0.100000,1662.000000,2063.496124,0.735231
files/ftv70.atsp,0.100000,1662.000000,2063.548263,0.740328
files/ftv70.atsp,0.100000,1662.000000,2063.207692,0.741385
files/ftv70.atsp,0.100000,1662.000000,2064.413793,0.745466
files/ftv70.atsp,0.100000,1662.000000,2063.427481,0.747531
files/ftv70.atsp,0.100000,1662.000000,2064.346008,0.752623
files/ftv70.atsp,0.100000,1662.000000,2064.185606,0.754686
files/ftv70.atsp,0.100000,1662.000000,2063.535849,0.756753
files/ftv70.atsp,0.100000,1662.000000,2062.718045,0.758817
files/ftv70.atsp,0.100000,1662.000000,2062.902622,0.763030
files/ftv70.atsp,0.100000,1662.000000,2062.944030,0.766108
files/ftv70.atsp,0.100000,1662.000000,2063.368030,0.767160
files/ftv70.atsp,0.100000,1662.000000,2064.270370,0.771242
files/ftv70.atsp,0.100000,1662.000000,2065.084871,0.776337
files/ftv70.atsp,0.100000,1662.000000,2066.279412,0.778437
files/ftv70.atsp,0.100000,1662.000000,2065.472527,0.783526
files/ftv70.atsp,0.100000,1662.000000,2065.547445,0.784583
files/ftv70.atsp,0.100000,1662.000000,2066.247273,0.786647
files/ftv70.atsp,0.100000,1662.000000,2066.097826,0.787699
files/ftv70.atsp,0.100000,1662.000000,2066.119134,0.788754
files/ftv70.atsp,0.100000,1662.000000,2065.859712,0.790814
files/ftv70.atsp,0.100000,1662.000000,2064.655914,0.794902
files/ftv70.atsp,0.100000,1662.000000,2064.878571,0.796966
files/ftv70.atsp,0.100000,1662.000000,2065.067616,0.799026
files/ftv70.atsp,0.100000,1662.000000,2065.478723,0.803105
files/ftv70.atsp,0.100000,1662.000000,2065.402827,0.804160
files/ftv70.atsp,0.100000,1662.000000,2065.165493,0.805220
files/ftv70.atsp,0.100000,1662.000000,2065.129825,0.807296
files/ftv70.atsp,0.100000,1662.000000,2065.681818,0.808351
files/ftv70.atsp,0.100000,1662.000000,2065.909408,0.810412
files/ftv70.atsp,0.100000,1662.000000,2066.274306,0.812473
files/ftv70.atsp,0.100000,1662.000000,2066.733564,0.813527
files/ftv70.atsp,0.100000,1662.000000,2067.086207,0.815586
files/ftv70.atsp,0.100000,1662.000000,2067.364261,0.817649
files/ftv70.atsp,0.100000,1662.000000,2066.674658,0.818704
files/ftv70.atsp,0.100000,1662.000000,2067.201365,0.819757
files/ftv70.atsp,0.100000,1662.000000,2066.894558,0.823838
files/ftv70.atsp,0.100000,1662.000000,2066.613559,0.827922
files/ftv70.atsp,0.100000,1662.000000,2066.425676,0.830994
files/ftv70.atsp,0.100000,1662.000000,2066.781145,0.835087
files/ftv70.atsp,0.100000,1662.000000,2066.912752,0.839180
files/ftv70.atsp,0.100000,1662.000000,2066.170569,0.840235
files/ftv70.atsp,0.100000,1662.000000,2065.803333,0.842357
files/ftv70.atsp,0.100000,1662.000000,2065.631229,0.850724
files/ftv70.atsp,0.100000,1662.000000,2065.880795,0.851803
files/ftv70.atsp,0.100000,1662.000000,2065.749175,0.856915
files/ftv70.atsp,0.100000,1662.000000,2065.687500,0.858980
files/ftv70.atsp,0.100000,1662.000000,2066.324590,0.860032
files/ftv70.atsp,0.100000,1662.000000,2066.705882,0.863501
files/ftv70.atsp,0.100000,1662.000000,2066.071661,0.867608
files/ftv70.atsp,0.100000,1662.000000,2066.376623,0.870690
files/ftv70.atsp,0.100000,1662.000000,2065.702265,0.874834
files/ftv70.atsp,0.100000,1662.000000,2064.935484,0.880978
files/ftv70.atsp,0.100000,1662.000000,2065.263666,0.883046
files/ftv70.atsp,0.100000,1662.000000,2065.009615,0.885151
files/ftv70.atsp,0.100000,1662.000000,2065.322684,0.888230
files/ftv70.atsp,0.100000,1662.000000,2066.130573,0.890301
files/ftv70.atsp,0.100000,1662.000000,2066.422222,0.894387
files/ftv70.atsp,0.100000,1662.000000,2065.636076,0.896473
files/ftv70.atsp,0.100000,1662.000000,2065.646688,0.898537
files/ftv70.atsp,0.100000,1662.000000,2066.559748,0.902624
files/ftv70.atsp,0.100000,1662.000000,2067.137931,0.903680
files/ftv70.atsp,0.100000,1662.000000,2066.793750,0.905748
files/ftv70.atsp,0.100000,1662.000000,2066.847352,0.907825
files/ftv70.atsp,0.100000,1662.000000,2066.503106,0.909896
files/ftv70.atsp,0.100000,1662.000000,2066.839009,0.911959
files/ftv70.atsp,0.100000,1662.000000,2066.916667,0.915032
files/ftv70.atsp,0.100000,1662.000000,2067.292308,0.919115
files/ftv70.atsp,0.100000,1662.000000,2067.914110,0.924219
files/ftv70.atsp,0.100000,1662.000000,2068.351682,0.926285
files/ftv70.atsp,0.100000,1662.000000,2068.701220,0.927341
files/ftv70.atsp,0.100000,1662.000000,2069.127660,0.930538
files/ftv70.atsp,0.100000,1662.000000,2068.493939,0.933903
files/ftv70.atsp,0.100000,1662.000000,2068.344411,0.938044
files/ftv70.atsp,0.100000,1662.000000,2067.855422,0.942487
files/ftv70.atsp,0.100000,1662.000000,2067.339339,0.944567
files/ftv70.atsp,0.100000,1662.000000,2066.985030,0.950791
files/ftv70.atsp,0.100000,1662.000000,2067.229851,0.951895
files/ftv70.atsp,0.100000,1662.000000,2067.318452,0.955004
files/ftv70.atsp,0.100000,1662.000000,2066.332344,0.963368
files/ftv70.atsp,0.100000,1662.000000,2065.704142,0.967486
files/ftv70.atsp,0.100000,1662.000000,2065.203540,0.973624
files/ftv70.atsp,0.100000,1662.000000,2064.958824,0.974683
files/ftv70.atsp,0.100000,1662.000000,2064.480938,0.976793
files/ftv70.atsp,0.100000,1662.000000,2064.143275,0.978878
files/ftv70.atsp,0.100000,1662.000000,2063.976676,0.988018
files/ftv70.atsp,0.100000,1662.000000,2063.764535,0.995145
files/ftv70.atsp,0.100000,1662.000000,2063.875362,0.998220
files/ftv70.atsp,0.100000,1662.000000,2063.265896,1.003329
files/ftv70.atsp,0.100000,1662.000000,2063.198847,1.004387
files/ftv70.atsp,0.100000,1662.000000,2063.043103,1.006452
files/ftv70.atsp,0.100000,1662.000000,2063.300860,1.016619
files/ftv70.atsp,0.100000,1662.000000,2063.980000,1.019688
files/ftv70.atsp,0.100000,1662.000000,2063.319088,1.023782
files/ftv70.atsp,0.100000,1662.000000,2063.556818,1.027877
files/ftv70.atsp,0.100000,1662.000000,2063.838527,1.031957
files/ftv70.atsp,0.100000,1662.000000,2062.949153,1.042109
files/ftv70.atsp,0.100000,1662.000000,2063.349296,1.046201
files/ftv70.atsp,0.100000,1662.000000,2064.084270,1.049285
files/ftv70.atsp,0.100000,1662.000000,2063.946779,1.061470
files/ftv70.atsp,0.100000,1662.000000,2063.930168,1.062525
files/ftv70.atsp,0.100000,1662.000000,2064.476323,1.064587
files/ftv70.atsp,0.100000,1662.000000,2064.227778,1.066727
files/ftv70.atsp,0.100000,1662.000000,2064.786704,1.068807
files/ftv70.atsp,0.100000,1662.000000,2064.237569,1.075948
files/ftv70.atsp,0.100000,1662.000000,2063.617080,1.079026
files/ftv70.atsp,0.100000,1662.000000,2064.041209,1.083134
files/ftv70.atsp,0.100000,1662.000000,2063.753425,1.085199
files/ftv70.atsp,0.100000,1662.000000,2063.557377,1.086254
files/ftv70.atsp,0.100000,1662.000000,2063.749319,1.090343
files/ftv70.atsp,0.100000,1662.000000,2063.616848,1.093486
files/ftv70.atsp,0.100000,1662.000000,2063.222222,1.100605
files/ftv70.atsp,0.100000,1662.000000,2063.794595,1.101662
files/ftv70.atsp,0.100000,1662.000000,2064.215633,1.102717
files/ftv70.atsp,0.100000,1662.000000,2063.991935,1.110854
files/ftv70.atsp,0.100000,1662.000000,2063.983914,1.112925
files/ftv70.atsp,0.100000,1662.000000,2063.802139,1.115997
files/ftv70.atsp,0.100000,1662.000000,2063.808000,1.117067
files/ftv70.atsp,0.100000,1662.000000,2063.638298,1.119132
files/ftv70.atsp,0.100000,1662.000000,2063.068966,1.126243
files/ftv70.atsp,0.100000,1662.000000,2063.439153,1.127295
files/ftv70.atsp,0.100000,1662.000000,2063.831135,1.128366
files/ftv70.atsp,0.100000,1662.000000,2064.042105,1.135474
files/ftv70.atsp,0.100000,1662.000000,2063.669291,1.136529
files/ftv70.atsp,0.100000,1662.000000,2063.445026,1.138595
files/ftv70.atsp,0.100000,1662.000000,2063.477807,1.140674
files/ftv70.atsp,0.100000,1662.000000,2064.130208,1.142054
files/ftv70.atsp,0.100000,1662.000000,2064.623377,1.148199
files/ftv70.atsp,0.100000,1662.000000,2064.878238,1.149260
files/ftv70.atsp,0.100000,1662.000000,2065.142119,1.152369
files/ftv70.atsp,0.100000,1662.000000,2065.167526,1.153426
files/ftv70.atsp,0.100000,1662.000000,2065.609254,1.154478
files/ftv70.atsp,0.100000,1662.000000,2065.361538,1.156543
files/ftv70.atsp,0.100000,1662.000000,2065.273657,1.157601
files/ftv70.atsp,0.100000,1662.000000,2065.040816,1.165736
files/ftv70.atsp,0.100000,1662.000000,2064.531807,1.169820
files/ftv70.atsp,0.100000,1662.000000,2064.555838,1.170876
files/ftv70.atsp,0.100000,1662.000000,2064.607595,1.176988
files/ftv70.atsp,0.100000,1662.000000,2064.545455,1.178042
files/ftv70.atsp,0.100000,1662.000000,2065.030227,1.180108
files/ftv70.atsp,0.100000,1662.000000,2065.595477,1.182170
files/ftv70.atsp,0.100000,1662.000000,2065.822055,1.183222
files/ftv70.atsp,0.100000,1662.000000,2066.600000,1.184280
files/ftv70.atsp,0.100000,1662.000000,2066.785536,1.187361
files/ftv70.atsp,0.100000,1662.000000,2066.644279,1.188417
files/ftv70.atsp,0.100000,1662.000000,2067.059553,1.192503
files/ftv70.atsp,0.100000,1662.000000,2066.777228,1.195575
files/ftv70.atsp,0.100000,1662.000000,2066.214815,1.197638
files/ftv70.atsp,0.100000,1662.000000,2065.894089,1.199717
files/ftv70.atsp,0.100000,1662.000000,2065.697789,1.200772
files/ftv70.atsp,0.100000,1662.000000,2065.669118,1.201827
files/ftv70.atsp,0.100000,1662.000000,2065.589242,1.202884
files/ftv70.atsp,0.100000,1611.000000,2064.480488,1.216065
files/ftv70.atsp,0.100000,1611.000000,2064.401460,1.218181
files/ftv70.atsp,0.100000,1611.000000,2064.029126,1.222294
files/ftv70.atsp,0.100000,1611.000000,2064.728814,1.225371
files/ftv70.atsp,0.100000,1611.000000,2064.978261,1.227432
files/ftv70.atsp,0.100000,1611.000000,2065.002410,1.228488
files/ftv70.atsp,0.100000,1611.000000,2064.656250,1.233600
files/ftv70.atsp,0.100000,1611.000000,2064.520384,1.234654
files/ftv70.atsp,0.100000,1611.000000,2064.755981,1.237730
files/ftv70.atsp,0.100000,1611.000000,2064.937947,1.238785
files/ftv70.atsp,0.100000,1611.000000,2065.111905,1.241856
files/ftv70.atsp,0.100000,1611.000000,2065.209026,1.243919
files/ftv70.atsp,0.100000,1611.000000,2065.528436,1.245994
files/ftv70.atsp,0.100000,1611.000000,2066.515366,1.247046
files/ftv70.atsp,0.100000,1611.000000,2066.650943,1.249109
files/ftv70.atsp,0.100000,1611.000000,2066.501176,1.250163
files/ftv70.atsp,0.100000,1611.000000,2067.143192,1.251215
files/ftv70.atsp,0.100000,1611.000000,2066.533958,1.255306
files/ftv70.atsp,0.100000,1611.000000,2066.904206,1.256373
files/ftv70.atsp,0.100000,1611.000000,2066.244755,1.259445
files/ftv70.atsp,0.100000,1611.000000,2066.067442,1.260501
files/ftv70.atsp,0.100000,1611.000000,2065.336427,1.262563
files/ftv70.atsp,0.100000,1611.000000,2065.314815,1.264626
files/ftv70.atsp,0.100000,1611.000000,2065.431871,1.266688
files/ftv70.atsp,0.100000,1611.000000,2065.437788,1.269773
files/ftv70.atsp,0.100000,1611.000000,2065.685057,1.270826
files/ftv70.atsp,0.100000,1611.000000,2065.582569,1.273903
files/ftv70.atsp,0.100000,1611.000000,2065.846682,1.279005
files/ftv70.atsp,0.100000,1611.000000,2065.641553,1.284097
files/ftv70.atsp,0.100000,1611.000000,2065.970387,1.286160
files/ftv70.atsp,0.100000,1611.000000,2065.859091,1.292277
files/ftv70.atsp,0.100000,1611.000000,2065.777778,1.295347
files/ftv70.atsp,0.100000,1611.000000,2065.282805,1.297412
files/ftv70.atsp,0.100000,1611.000000,2065.404063,1.299474
files/ftv70.atsp,0.100000,1611.000000,2065.290541,1.300527
files/ftv70.atsp,0.100000,1611.000000,2065.071910,1.302606
files/ftv70.atsp,0.100000,1611.000000,2064.757848,1.305681
files/ftv70.atsp,0.100000,1611.000000,2064.841163,1.310234
files/ftv70.atsp,0.100000,1611.000000,2064.845982,1.311369
files/ftv70.atsp,0.100000,1611.000000,2064.463252,1.316545
files/ftv70.atsp,0.100000,1611.000000,2064.040000,1.318610
files/ftv70.atsp,0.100000,1611.000000,2064.055432,1.319669
files/ftv70.atsp,0.100000,1611.000000,2064.305310,1.320733
files/ftv70.atsp,0.100000,1611.000000,2063.386313,1.323837
files/ftv70.atsp,0.100000,1611.000000,2063.286344,1.325995
files/ftv70.atsp,0.100000,1611.000000,2063.417582,1.329079
files/ftv70.atsp,0.100000,1611.000000,2063.646930,1.332156
files/ftv70.atsp,0.100000,1611.000000,2063.297593,1.333210
files/ftv70.atsp,0.100000,1611.000000,2063.486900,1.335275
files/ftv70.atsp,0.100000,1611.000000,2063.403050,1.336334
files/ftv70.atsp,0.100000,1611.000000,2063.721739,1.338413
files/ftv70.atsp,0.100000,1611.000000,2063.984816,1.339467
files/ftv70.atsp,0.100000,1611.000000,2064.160173,1.340526
files/ftv70.atsp,0.100000,1611.000000,2064.311015,1.344753
files/ftv70.atsp,0.100000,1611.000000,2064.288793,1.346858
files/ftv70.atsp,0.100000,1611.000000,2064.017204,1.350001
files/ftv70.atsp,0.100000,1611.000000,2064.467811,1.351074
files/ftv70.atsp,0.100000,1611.000000,2064.922912,1.353155
files/ftv70.atsp,0.100000,1611.000000,2064.805556,1.360300
files/ftv70.atsp,0.100000,1611.000000,2064.797441,1.365393
files/ftv70.atsp,0.100000,1611.000000,2065.104255,1.366446
files/ftv70.atsp,0.100000,1611.000000,2065.736730,1.369525
files/ftv70.atsp,0.100000,1611.000000,2065.489407,1.371592
files/ftv70.atsp,0.100000,1611.000000,2065.775899,1.372664
files/ftv70.atsp,0.100000,1611.000000,2065.457806,1.374727
files/ftv70.atsp,0.100000,1611.000000,2065.237895,1.375781
files/ftv70.atsp,0.100000,1611.000000,2065.510504,1.381124
files/ftv70.atsp,0.100000,1611.000000,2066.033543,1.384240
files/ftv70.atsp,0.100000,1611.000000,2066.138075,1.387350
files/ftv70.atsp,0.100000,1611.000000,2065.400835,1.393467
files/ftv70.atsp,0.100000,1611.000000,2065.997917,1.396617
files/ftv70.atsp,0.100000,1611.000000,2066.293139,1.397675
files/ftv70.atsp,0.100000,1611.000000,2065.912863,1.398729
files/ftv70.atsp,0.100000,1611.000000,2065.927536,1.401809
files/ftv70.atsp,0.100000,1611.000000,2065.756198,1.407930
files/ftv70.atsp,0.100000,1611.000000,2065.791753,1.410002
files/ftv70.atsp,0.100000,1611.000000,2066.547325,1.414086
files/ftv70.atsp,0.100000,1611.000000,2066.827515,1.415143
files/ftv70.atsp,0.100000,1611.000000,2067.368852,1.421265
files/ftv70.atsp,0.100000,1611.000000,2067.049080,1.424340
files/ftv70.atsp,0.100000,1611.000000,2066.718367,1.426403
files/ftv70.atsp,0.100000,1611.000000,2067.148676,1.427456
files/ftv70.atsp,0.100000,1611.000000,2067.191057,1.430544
files/ftv70.atsp,0.100000,1611.000000,2067.391481,1.431600
files/ftv70.atsp,0.100000,1611.000000,2068.048583,1.432657
files/ftv70.atsp,0.100000,1611.000000,2068.311111,1.435727
files/ftv70.atsp,0.100000,1611.000000,2068.598790,1.436783
files/ftv70.atsp,0.100000,1611.000000,2068.118712,1.438848
files/ftv70.atsp,0.100000,1611.000000,2068.130522,1.449062
files/ftv70.atsp,0.100000,1611.000000,2068.082164,1.454177
files/ftv70.atsp,0.100000,1611.000000,2067.644000,1.457253
files/ftv70.atsp,0.100000,1611.000000,2067.431138,1.458306
files/ftv70.atsp,0.100000,1611.000000,2066.745020,1.460372
files/ftv70.atsp,0.100000,1611.000000,2066.936382,1.462501
files/ftv70.atsp,0.100000,1611.000000,2066.853175,1.464591
files/ftv70.atsp,0.100000,1611.000000,2066.794059,1.468703
files/ftv70.atsp,0.100000,1611.000000,2066.549407,1.469761
files/ftv70.atsp,0.100000,1611.000000,2066.516765,1.470817
files/ftv70.atsp,0.100000,1611.000000,2065.964567,1.477961
files/ftv70.atsp,0.100000,1611.000000,2066.284872,1.480023
files/ftv70.atsp,0.100000,1611.000000,2065.903922,1.485117
files/ftv70.atsp,0.100000,1611.000000,2066.172211,1.487184
files/ftv70.atsp,0.100000,1611.000000,2066.099609,1.488255
files/ftv70.atsp,0.100000,1611.000000,2065.220273,1.497406
files/ftv70.atsp,0.100000,1611.000000,2065.293774,1.498461
files/ftv70.atsp,0.100000,1611.000000,2064.906796,1.507612
files/ftv70.atsp,0.100000,1611.000000,2064.616279,1.511714
files/ftv70.atsp,0.100000,1611.000000,2064.700193,1.512772
files/ftv70.atsp,0.100000,1611.000000,2064.785714,1.513824
files/ftv70.atsp,0.100000,1611.000000,2064.718690,1.515884
files/ftv70.atsp,0.100000,1611.000000,2064.292308,1.523015
files/ftv70.atsp,0.100000,1611.000000,2064.345489,1.524071
files/ftv70.atsp,0.100000,1611.000000,2064.386973,1.525125
files/ftv70.atsp,0.100000,1611.000000,2064.097514,1.527189
files/ftv70.atsp,0.100000,1611.000000,2064.183206,1.528243
files/ftv70.atsp,0.100000,1611.000000,2064.249524,1.532335
files/ftv70.atsp,0.100000,1611.000000,2064.500000,1.533391
files/ftv70.atsp,0.100000,1611.000000,2064.669829,1.534460
files/ftv70.atsp,0.100000,1611.000000,2064.505682,1.541571
files/ftv70.atsp,0.100000,1611.000000,2064.742911,1.542625
files/ftv70.atsp,0.100000,1611.000000,2064.971698,1.544690
files/ftv70.atsp,0.100000,1611.000000,2064.879473,1.546765
files/ftv70.atsp,0.100000,1611.000000,2064.964286,1.548833
files/ftv70.atsp,0.100000,1611.000000,2064.525328,1.557988
files/ftv70.atsp,0.100000,1611.000000,2064.250936,1.559046
files/ftv70.atsp,0.100000,1611.000000,2064.115888,1.560101
files/ftv70.atsp,0.100000,1611.000000,2063.964552,1.561154
files/ftv70.atsp,0.100000,1611.000000,2064.204842,1.563215
files/ftv70.atsp,0.100000,1611.000000,2063.988848,1.564273
files/ftv70.atsp,0.100000,1611.000000,2063.628942,1.566335
files/ftv70.atsp,0.100000,1611.000000,2063.727778,1.567388
files/ftv70.atsp,0.100000,1611.000000,2064.092421,1.569464
files/ftv70.atsp,0.100000,1611.000000,2064.230627,1.572537
files/ftv70.atsp,0.100000,1611.000000,2063.655617,1.577630
files/ftv70.atsp,0.100000,1611.000000,2063.670956,1.579695
files/ftv70.atsp,0.100000,1611.000000,2063.671560,1.580748
files/ftv70.atsp,0.100000,1611.000000,2063.639194,1.581814
files/ftv70.atsp,0.100000,1611.000000,2063.391225,1.582869
files/ftv70.atsp,0.100000,1611.000000,2063.224453,1.585942
files/ftv70.atsp,0.100000,1611.000000,2063.306011,1.595139
files/ftv70.atsp,0.100000,1611.000000,2063.494545,1.598251
files/ftv70.atsp,0.100000,1611.000000,2063.446461,1.601324
files/ftv70.atsp,0.100000,1520.000000,2062.461957,1.609472
files/ftv70.atsp,0.100000,1520.000000,2061.656420,1.614567
files/ftv70.atsp,0.100000,1520.000000,2061.752708,1.616646
files/ftv70.atsp,0.100000,1520.000000,2062.223423,1.619720
files/ftv70.atsp,0.100000,1520.000000,2062.615108,1.623806
files/ftv70.atsp,0.100000,1520.000000,2061.908438,1.631941
files/ftv70.atsp,0.100000,1520.000000,2062.057348,1.637032
files/ftv70.atsp,0.100000,1520.000000,2061.817531,1.638088
files/ftv70.atsp,0.100000,1520.000000,2061.980357,1.639154
files/ftv70.atsp,0.100000,1520.000000,2062.112299,1.641222
files/ftv70.atsp,0.100000,1520.000000,2062.548043,1.643286
files/ftv70.atsp,0.100000,1520.000000,2062.111901,1.644341
files/ftv70.atsp,0.100000,1520.000000,2062.319149,1.646404
files/ftv70.atsp,0.100000,1520.000000,2062.247788,1.650501
files/ftv70.atsp,0.100000,1520.000000,2062.351590,1.653573
files/ftv70.atsp,0.100000,1520.000000,2062.017637,1.659670
files/ftv70.atsp,0.100000,1520.000000,2061.889085,1.662758
files/ftv70.atsp,0.100000,1520.000000,2062.305800,1.665832
files/ftv70.atsp,0.100000,1520.000000,2062.382456,1.667892
files/ftv70.atsp,0.100000,1520.000000,2062.394046,1.670967
files/ftv70.atsp,0.100000,1520.000000,2062.312937,1.672020
files/ftv70.atsp,0.100000,1520.000000,2062.226876,1.673074
files/ftv70.atsp,0.100000,1520.000000,2062.367596,1.675152
files/ftv70.atsp,0.100000,1520.000000,2061.787826,1.682261
files/ftv70.atsp,0.100000,1520.000000,2062.083333,1.684324
files/ftv70.atsp,0.100000,1520.000000,2061.812825,1.685983
files/ftv70.atsp,0.100000,1520.000000,2061.541522,1.687052
files/ftv70.atsp,0.100000,1520.000000,2061.091537,1.689123
files/ftv70.atsp,0.100000,1520.000000,2060.879310,1.692199
files/ftv70.atsp,0.100000,1520.000000,2060.703959,1.696305
files/ftv70.atsp,0.100000,1520.000000,2060.383162,1.697361
files/ftv70.atsp,0.100000,1520.000000,2059.595197,1.703468
files/ftv70.atsp,0.100000,1520.000000,2059.059932,1.706541
files/ftv70.atsp,0.100000,1520.000000,2058.745299,1.710621
files/ftv70.atsp,0.100000,1520.000000,2058.372014,1.713697
files/ftv70.atsp,0.100000,1520.000000,2058.257240,1.718787
files/ftv70.atsp,0.100000,1520.000000,2058.278912,1.720852
files/ftv70.atsp,0.100000,1520.000000,2058.617997,1.724943
files/ftv70.atsp,0.100000,1520.000000,2058.316949,1.727006
files/ftv70.atsp,0.100000,1520.000000,2058.595601,1.729070
files/ftv70.atsp,0.100000,1520.000000,2058.346284,1.734164
files/ftv70.atsp,0.100000,1520.000000,2057.974705,1.739251
files/ftv70.atsp,0.100000,1520.000000,2058.247475,1.741314
files/ftv70.atsp,0.100000,1520.000000,2058.062185,1.744390
files/ftv70.atsp,0.100000,1520.000000,2058.275168,1.746454
files/ftv70.atsp,0.100000,1520.000000,2058.432161,1.747506
files/ftv70.atsp,0.100000,1520.000000,2058.050167,1.749571
files/ftv70.atsp,0.100000,1520.000000,2058.141903,1.753649
files/ftv70.atsp,0.100000,1520.000000,2057.473333,1.756719
files/ftv70.atsp,0.100000,1520.000000,2057.437604,1.759103
files/ftv70.atsp,0.100000,1520.000000,2057.197674,1.764214
files/ftv70.atsp,0.100000,1520.000000,2057.343284,1.766278
files/ftv70.atsp,0.100000,1520.000000,2056.900662,1.770402
files/ftv70.atsp,0.100000,1520.000000,2057.062810,1.772475
files/ftv70.atsp,0.100000,1520.000000,2056.841584,1.773531
files/ftv70.atsp,0.100000,1520.000000,2056.767710,1.776615
files/ftv70.atsp,0.100000,1520.000000,2056.309211,1.779687
files/ftv70.atsp,0.100000,1520.000000,2056.586207,1.780747
files/ftv70.atsp,0.100000,1520.000000,2056.370492,1.785844
files/ftv70.atsp,0.100000,1520.000000,2056.366612,1.788916
files/ftv70.atsp,0.100000,1520.000000,2056.408497,1.789970
files/ftv70.atsp,0.100000,1520.000000,2056.120718,1.793045
files/ftv70.atsp,0.100000,1520.000000,2056.337134,1.797129
files/ftv70.atsp,0.100000,1520.000000,2056.193496,1.801208
files/ftv70.atsp,0.100000,1520.000000,2055.595779,1.809352
files/ftv70.atsp,0.100000,1520.000000,2055.815235,1.810407
files/ftv70.atsp,0.100000,1520.000000,2055.595469,1.812470
files/ftv70.atsp,0.100000,1520.000000,2055.642973,1.816939
files/ftv70.atsp,0.100000,1520.000000,2055.917742,1.817999
files/ftv70.atsp,0.100000,1520.000000,2056.196457,1.826126
files/ftv70.atsp,0.100000,1520.000000,2056.144695,1.831223
files/ftv70.atsp,0.100000,1520.000000,2056.032103,1.836323
files/ftv70.atsp,0.100000,1520.000000,2056.294872,1.839390
files/ftv70.atsp,0.100000,1520.000000,2056.620800,1.844490
files/ftv70.atsp,0.100000,1520.000000,2056.907348,1.845686
files/ftv70.atsp,0.100000,1520.000000,2056.886762,1.846785
files/ftv70.atsp,0.100000,1520.000000,2057.119427,1.850938
files/ftv70.atsp,0.100000,1520.000000,2056.988871,1.853024
files/ftv70.atsp,0.100000,1520.000000,2057.006349,1.856097
files/ftv70.atsp,0.100000,1520.000000,2056.942948,1.861198
files/ftv70.atsp,0.100000,1520.000000,2056.984177,1.862257
files/ftv70.atsp,0.100000,1520.000000,2056.720379,1.863310
files/ftv70.atsp,0.100000,1520.000000,2056.247634,1.875728
files/ftv70.atsp,0.100000,1520.000000,2056.466142,1.876814
files/ftv70.atsp,0.100000,1520.000000,2056.454403,1.883023
files/ftv70.atsp,0.100000,1520.000000,2056.310832,1.886141
files/ftv70.atsp,0.100000,1520.000000,2056.401254,1.887214
files/ftv70.atsp,0.100000,1520.000000,2056.295775,1.895152
files/ftv70.atsp,0.100000,1520.000000,2056.385938,1.896225
files/ftv70.atsp,0.100000,1520.000000,2056.346334,1.897285
files/ftv70.atsp,0.100000,1520.000000,2056.602804,1.899347
files/ftv70.atsp,0.100000,1520.000000,2056.797823,1.901451
files/ftv70.atsp,0.100000,1520.000000,2057.354037,1.904523
files/ftv70.atsp,0.100000,1520.000000,2057.379845,1.906604
files/ftv70.atsp,0.100000,1520.000000,2057.787926,1.907740
files/ftv70.atsp,0.100000,1520.000000,2057.714065,1.912306
files/ftv70.atsp,0.100000,1520.000000,2058.037037,1.914379
files/ftv70.atsp,0.100000,1520.000000,2057.852080,1.916453
files/ftv70.atsp,0.100000,1520.000000,2058.033846,1.917543
files/ftv70.atsp,0.100000,1520.000000,2058.086022,1.919607
files/ftv70.atsp,0.100000,1520.000000,2057.891104,1.924823
files/ftv70.atsp,0.100000,1520.000000,2057.823890,1.929794
files/ftv70.atsp,0.100000,1520.000000,2057.782875,1.930870
files/ftv70.atsp,0.100000,1520.000000,2057.435115,1.935982
files/ftv70.atsp,0.100000,1520.000000,2057.443598,1.940067
files/ftv70.atsp,0.100000,1520.000000,2057.371385,1.944223
files/ftv70.atsp,0.100000,1520.000000,2057.503040,1.950437
files/ftv70.atsp,0.100000,1520.000000,2057.449165,1.955789
files/ftv70.atsp,0.100000,1520.000000,2057.075758,1.963094
files/ftv70.atsp,0.100000,1520.000000,2057.072617,1.966177
files/ftv70.atsp,0.100000,1520.000000,2057.179758,1.967232
files/ftv70.atsp,0.100000,1520.000000,2057.149321,1.968289
files/ftv70.atsp,0.100000,1520.000000,2057.103916,1.971365
files/ftv70.atsp,0.100000,1520.000000,2056.882707,1.974438
files/ftv70.atsp,0.100000,1520.000000,2056.671171,1.977512
files/ftv70.atsp,0.100000,1520.000000,2056.499250,1.979578
files/ftv70.atsp,0.100000,1520.000000,2056.416168,1.982650
files/ftv70.atsp,0.100000,1520.000000,2056.674141,1.984713
files/ftv70.atsp,0.100000,1520.000000,2056.667164,1.986778
files/ftv70.atsp,0.100000,1520.000000,2056.576751,1.990858
files/ftv70.atsp,0.100000,1520.000000,2056.625000,1.993929
files/ftv70.atsp,0.100000,1520.000000,2056.396731,2.001045
files/ftv70.atsp,0.100000,1520.000000,2056.292285,2.002097
files/ftv70.atsp,0.100000,1520.000000,2056.370370,2.006175
files/ftv70.atsp,0.100000,1520.000000,2056.281065,2.009255
files/ftv70.atsp,0.100000,1520.000000,2056.552437,2.012327
files/ftv70.atsp,0.100000,1520.000000,2056.660767,2.015396
files/ftv70.atsp,0.100000,1520.000000,2057.113402,2.017465
files/ftv70.atsp,0.100000,1520.000000,2056.807353,2.019527
files/ftv70.atsp,0.100000,1520.000000,2056.970631,2.020582
files/ftv70.atsp,0.100000,1520.000000,2057.076246,2.021637
files/ftv70.atsp,0.100000,1520.000000,2057.228404,2.022687
files/ftv70.atsp,0.100000,1520.000000,2057.055556,2.026768
files/ftv70.atsp,0.100000,1520.000000,2057.037956,2.028838
files/ftv70.atsp,0.100000,1520.000000,2056.940233,2.029891
files/ftv70.atsp,0.100000,1520.000000,2056.887918,2.030944
files/ftv70.atsp,0.100000,1520.000000,2056.722384,2.039115
files/ftv70.atsp,0.100000,1520.000000,2056.847605,2.040171
files/ftv70.atsp,0.100000,1520.000000,2056.804348,2.045258
files/ftv70.atsp,0.100000,1520.000000,2056.671491,2.048333
files/ftv70.atsp,0.100000,1520.000000,2056.650289,2.050392
files/ftv70.atsp,0.100000,1520.000000,2056.554113,2.053462
files/ftv70.atsp,0.100000,1520.000000,2056.747839,2.054518
files/ftv70.atsp,0.100000,1520.000000,2056.902158,2.056582
files/ftv70.atsp,0.100000,1520.000000,2056.860632,2.058644
files/ftv70.atsp,0.100000,1520.000000,2056.665710,2.061718
files/ftv70.atsp,0.100000,1520.000000,2056.461318,2.063779
files/ftv70.atsp,0.100000,1520.000000,2056.065808,2.071906
files/ftv70.atsp,0.100000,1520.000000,2056.230000,2.074982
files/ftv70.atsp,0.100000,1520.000000,2056.320970,2.076039
files/ftv70.atsp,0.100000,1520.000000,2056.205128,2.081130
files/ftv70.atsp,0.100000,1520.000000,2055.907539,2.083198
files/ftv70.atsp,0.100000,1520.000000,2056.134943,2.084255
files/ftv70.atsp,0.100000,1520.000000,2056.310638,2.087330
files/ftv70.atsp,0.100000,1520.000000,2056.080737,2.091415
files/ftv70.atsp,0.100000,1520.000000,2056.106082,2.094606
files/ftv70.atsp,0.100000,1520.000000,2056.364407,2.096690
files/ftv70.atsp,0.100000,1520.000000,2056.438646,2.097799
files/ftv70.atsp,0.100000,1520.000000,2056.563380,2.098856
files/ftv70.atsp,0.100000,1520.000000,2056.547117,2.102944
files/ftv70.atsp,0.100000,1520.000000,2056.057584,2.107037
files/ftv70.atsp,0.100000,1520.000000,2056.228612,2.108095
files/ftv70.atsp,0.100000,1520.000000,2056.630252,2.109148
files/ftv70.atsp,0.100000,1520.000000,2056.311888,2.118294
files/ftv70.atsp,0.100000,1520.000000,2056.226257,2.119348
files/ftv70.atsp,0.100000,1520.000000,2056.470014,2.124439
files/ftv70.atsp,0.100000,1520.000000,2056.288301,2.127513
files/ftv70.atsp,0.100000,1520.000000,2056.243394,2.129576
files/ftv70.atsp,0.100000,1520.000000,2055.577778,2.132658
files/ftv70.atsp,0.100000,1520.000000,2055.531207,2.135733
files/ftv70.atsp,0.100000,1520.000000,2055.186981,2.141830
files/ftv70.atsp,0.100000,1520.000000,2055.131397,2.144900
files/ftv70.atsp,0.100000,1520.000000,2055.102210,2.146964
files/ftv70.atsp,0.100000,1520.000000,2055.321379,2.148017
files/ftv70.atsp,0.100000,1520.000000,2055.263085,2.150082
files/ftv70.atsp,0.100000,1520.000000,2054.935351,2.158207
files/ftv70.atsp,0.100000,1520.000000,2054.626374,2.163294
files/ftv70.atsp,0.100000,1520.000000,2054.569273,2.165360
files/ftv70.atsp,0.100000,1520.000000,2054.620548,2.166417
files/ftv70.atsp,0.100000,1520.000000,2054.536252,2.169490
files/ftv70.atsp,0.100000,1520.000000,2054.606557,2.175590
files/ftv70.atsp,0.100000,1520.000000,2054.978172,2.178664
files/ftv70.atsp,0.100000,1520.000000,2054.531335,2.180730
files/ftv70.atsp,0.100000,1520.000000,2054.163265,2.185820
files/ftv70.atsp,0.100000,1520.000000,2054.012228,2.191938
files/ftv70.atsp,0.100000,1520.000000,2053.937585,2.194004
files/ftv70.atsp,0.100000,1520.000000,2054.097561,2.195060
files/ftv70.atsp,0.100000,1520.000000,2054.142084,2.197128
files/ftv70.atsp,0.100000,1520.000000,2054.035135,2.199190
files/ftv70.atsp,0.100000,1520.000000,2054.012146,2.202260
files/ftv70.atsp,0.100000,1520.000000,2053.725067,2.206344
files/ftv70.atsp,0.100000,1520.000000,2053.938089,2.208406
files/ftv70.atsp,0.100000,1520.000000,2054.119624,2.211474
files/ftv70.atsp,0.100000,1520.000000,2054.240268,2.214551
files/ftv70.atsp,0.100000,1520.000000,2054.095174,2.217623
files/ftv70.atsp,0.100000,1520.000000,2054.287818,2.220694
files/ftv70.atsp,0.100000,1520.000000,2054.406417,2.223771
files/ftv70.atsp,0.100000,1520.000000,2054.455274,2.230878
files/ftv70.atsp,0.100000,1520.000000,2055.124000,2.231930
files/ftv70.atsp,0.100000,1520.000000,2054.996005,2.236018
files/ftv70.atsp,0.100000,1520.000000,2054.998670,2.239090
files/ftv70.atsp,0.100000,1520.000000,2055.215139,2.241153
files/ftv70.atsp,0.100000,1520.000000,2055.295756,2.243217
files/ftv70.atsp,0.100000,1520.000000,2054.944371,2.245279
files/ftv70.atsp,0.100000,1520.000000,2054.958995,2.248350
files/ftv70.atsp,0.100000,1520.000000,2055.044914,2.251424
files/ftv70.atsp,0.100000,1520.000000,2055.204485,2.256546
files/ftv70.atsp,0.100000,1520.000000,2055.237154,2.260629
files/ftv70.atsp,0.100000,1520.000000,2055.217105,2.261683
files/ftv70.atsp,0.100000,1520.000000,2055.367937,2.264753
files/ftv70.atsp,0.100000,1520.000000,2055.300525,2.268834
files/ftv70.atsp,0.100000,1520.000000,2055.441678,2.269889
files/ftv70.atsp,0.100000,1520.000000,2055.492147,2.273969
files/ftv70.atsp,0.100000,1520.000000,2055.657516,2.276035
files/ftv70.atsp,0.100000,1520.000000,2055.702350,2.278101
files/ftv70.atsp,0.100000,1520.000000,2055.411995,2.284204
files/ftv70.atsp,0.100000,1520.000000,2055.514323,2.285256
files/ftv70.atsp,0.100000,1520.000000,2055.657997,2.286309
files/ftv70.atsp,0.100000,1520.000000,2055.389610,2.288392
files/ftv70.atsp,0.100000,1520.000000,2055.504540,2.289446
files/ftv70.atsp,0.100000,1520.000000,2055.286269,2.290502
files/ftv70.atsp,0.100000,1520.000000,2055.372574,2.296600
files/ftv70.atsp,0.100000,1520.000000,2055.483204,2.297657
files/ftv70.atsp,0.100000,1520.000000,2055.563871,2.299721
files/ftv70.atsp,0.100000,1520.000000,2055.805412,2.306830
files/ftv70.atsp,0.100000,1520.000000,2055.958816,2.308893
files/ftv70.atsp,0.100000,1520.000000,2055.845758,2.311965
files/ftv70.atsp,0.100000,1520.000000,2055.892169,2.313021
files/ftv70.atsp,0.100000,1520.000000,2056.015385,2.315084
files/ftv70.atsp,0.100000,1520.000000,2055.650448,2.317151
files/ftv70.atsp,0.100000,1520.000000,2055.205882,2.320223
files/ftv70.atsp,0.100000,1520.000000,2055.255428,2.322287
files/ftv70.atsp,0.100000,1520.000000,2054.917092,2.324354
files/ftv70.atsp,0.100000,1520.000000,2054.819108,2.326415
files/ftv70.atsp,0.100000,1520.000000,2054.874046,2.327467
files/ftv70.atsp,0.100000,1520.000000,2055.022872,2.329532
files/ftv70.atsp,0.100000,1520.000000,2054.736041,2.333613
files/ftv70.atsp,0.100000,1520.000000,2054.825095,2.336684
files/ftv70.atsp,0.100000,1520.000000,2054.883544,2.337738
files/ftv70.atsp,0.100000,1520.000000,2055.001264,2.342826
files/ftv70.atsp,0.100000,1520.000000,2054.973485,2.347055
files/ftv70.atsp,0.100000,1520.000000,2054.901639,2.349161
files/ftv70.atsp,0.100000,1520.000000,2054.764484,2.351227
files/ftv70.atsp,0.100000,1520.000000,2054.641509,2.352292
files/ftv70.atsp,0.100000,1520.000000,2054.631910,2.355367
files/ftv70.atsp,0.100000,1520.000000,2054.858218,2.356422
files/ftv70.atsp,0.100000,1520.000000,2054.789474,2.357475
files/ftv70.atsp,0.100000,1520.000000,2054.876095,2.359539
files/ftv70.atsp,0.100000,1520.000000,2054.838750,2.364630
files/ftv70.atsp,0.100000,1520.000000,2054.719101,2.370734
files/ftv70.atsp,0.100000,1520.000000,2054.637157,2.371789
files/ftv70.atsp,0.100000,1520.000000,2054.950187,2.374860
files/ftv70.atsp,0.100000,1520.000000,2054.732587,2.377931
files/ftv70.atsp,0.100000,1520.000000,2054.279503,2.387066
files/ftv70.atsp,0.100000,1520.000000,2054.203474,2.389129
files/ftv70.atsp,0.100000,1520.000000,2054.265180,2.391192
files/ftv70.atsp,0.100000,1520.000000,2054.134901,2.399386
files/ftv70.atsp,0.100000,1520.000000,2054.348578,2.400454
files/ftv70.atsp,0.100000,1520.000000,2054.312346,2.401511
files/ftv70.atsp,0.100000,1520.000000,2054.303329,2.404589
files/ftv70.atsp,0.100000,1520.000000,2054.307882,2.408675
files/ftv70.atsp,0.100000,1520.000000,2054.332103,2.412823
files/ftv70.atsp,0.100000,1520.000000,2054.136364,2.416919
files/ftv70.atsp,0.100000,1520.000000,2054.288344,2.417972
files/ftv70.atsp,0.100000,1520.000000,2054.216912,2.420033
files/ftv70.atsp,0.100000,1520.000000,2054.167687,2.422102
files/ftv70.atsp,0.100000,1520.000000,2054.232274,2.423155
files/ftv70.atsp,0.100000,1520.000000,2054.189255,2.425230
files/ftv70.atsp,0.100000,1520.000000,2054.137805,2.428308
files/ftv70.atsp,0.100000,1520.000000,2053.878197,2.430372
files/ftv70.atsp,0.100000,1520.000000,2053.699513,2.435465
files/ftv70.atsp,0.100000,1520.000000,2054.002430,2.436521
files/ftv70.atsp,0.100000,1520.000000,2053.992718,2.437572
files/ftv70.atsp,0.100000,1520.000000,2054.032727,2.439633
files/ftv70.atsp,0.100000,1520.000000,2054.064165,2.445745
files/ftv70.atsp,0.100000,1520.000000,2054.130593,2.449933
files/ftv70.atsp,0.100000,1520.000000,2053.589372,2.450993
files/ftv70.atsp,0.100000,1520.000000,2053.606755,2.457103
files/ftv70.atsp,0.100000,1520.000000,2053.526506,2.459166
files/ftv70.atsp,0.100000,1520.000000,2053.371841,2.465343
files/ftv70.atsp,0.100000,1520.000000,2053.447115,2.471455
files/ftv70.atsp,0.100000,1484.000000,2052.763505,2.475541
files/ftv70.atsp,0.100000,1484.000000,2052.645084,2.479629
files/ftv70.atsp,0.100000,1484.000000,2052.677844,2.481700
files/ftv70.atsp,0.100000,1484.000000,2052.616029,2.486791
files/ftv70.atsp,0.100000,1484.000000,2052.476703,2.491890
files/ftv70.atsp,0.100000,1484.000000,2052.390215,2.493956
files/ftv70.atsp,0.100000,1484.000000,2052.181168,2.501071
files/ftv70.atsp,0.100000,1484.000000,2051.696429,2.509312
files/ftv70.atsp,0.100000,1484.000000,2051.629013,2.514760
files/ftv70.atsp,0.100000,1484.000000,2051.543943,2.519869
files/ftv70.atsp,0.100000,1484.000000,2051.332147,2.528096
files/ftv70.atsp,0.100000,1484.000000,2051.393365,2.533208
files/ftv70.atsp,0.100000,1484.000000,2051.178698,2.535272
files/ftv70.atsp,0.100000,1484.000000,2051.263593,2.539362
files/ftv70.atsp,0.100000,1484.000000,2050.959858,2.543449
files/ftv70.atsp,0.100000,1484.000000,2051.053066,2.548555
files/ftv70.atsp,0.100000,1484.000000,2050.888104,2.549609
files/ftv70.atsp,0.100000,1484.000000,2050.734118,2.551672
files/ftv70.atsp,0.100000,1484.000000,2050.864865,2.552727
files/ftv70.atsp,0.100000,1484.000000,2050.741784,2.556811
files/ftv70.atsp,0.100000,1484.000000,2050.498242,2.560975
files/ftv70.atsp,0.100000,1484.000000,2050.774005,2.565066
files/ftv70.atsp,0.100000,1484.000000,2050.695906,2.567130
files/ftv70.atsp,0.100000,1484.000000,2050.587617,2.570213
files/ftv70.atsp,0.100000,1484.000000,2050.345391,2.578370
files/ftv70.atsp,0.100000,1484.000000,2050.236597,2.583467
files/ftv70.atsp,0.100000,1484.000000,2050.556461,2.587560
files/ftv70.atsp,0.100000,1484.000000,2050.912791,2.589627
files/ftv70.atsp,0.100000,1484.000000,2051.125436,2.591690
files/ftv70.atsp,0.100000,1484.000000,2050.945476,2.594766
files/ftv70.atsp,0.100000,1484.000000,2050.996524,2.599911
files/ftv70.atsp,0.100000,1484.000000,2051.304398,2.601984
files/ftv70.atsp,0.100000,1484.000000,2051.309827,2.605059
files/ftv70.atsp,0.100000,1484.000000,2051.408776,2.608132
files/ftv70.atsp,0.100000,1484.000000,2051.289504,2.610193
files/ftv70.atsp,0.100000,1484.000000,2051.078341,2.612259
files/ftv70.atsp,0.100000,1484.000000,2051.238205,2.613310
files/ftv70.atsp,0.100000,1484.000000,2050.924138,2.617389
files/ftv70.atsp,0.100000,1484.000000,2051.036739,2.620464
files/ftv70.atsp,0.100000,1484.000000,2051.123853,2.622524
files/ftv70.atsp,0.100000,1484.000000,2050.751432,2.623581
files/ftv70.atsp,0.100000,1484.000000,2050.945080,2.625649
files/ftv70.atsp,0.100000,1484.000000,2050.978286,2.628722
files/ftv70.atsp,0.100000,1484.000000,2051.053653,2.630782
files/ftv70.atsp,0.100000,1484.000000,2050.722919,2.632849
files/ftv70.atsp,0.100000,1484.000000,2050.767654,2.634909
files/ftv70.atsp,0.100000,1484.000000,2050.590444,2.637980
files/ftv70.atsp,0.100000,1484.000000,2050.446591,2.642064
files/ftv70.atsp,0.100000,1484.000000,2050.422247,2.645137
files/ftv70.atsp,0.100000,1484.000000,2050.589569,2.648207
files/ftv70.atsp,0.100000,1484.000000,2050.457531,2.649261
files/ftv70.atsp,0.100000,1484.000000,2050.523756,2.652332
files/ftv70.atsp,0.100000,1484.000000,2050.650847,2.653384
files/ftv70.atsp,0.100000,1484.000000,2050.648984,2.655451
files/ftv70.atsp,0.100000,1484.000000,2050.648253,2.657865
files/ftv70.atsp,0.100000,1484.000000,2050.836712,2.658929
files/ftv70.atsp,0.100000,1484.000000,2050.958380,2.659987
files/ftv70.atsp,0.100000,1484.000000,2050.846067,2.666097
files/ftv70.atsp,0.100000,1484.000000,2050.679012,2.670185
files/ftv70.atsp,0.100000,1484.000000,2050.512332,2.673262
files/ftv70.atsp,0.100000,1484.000000,2050.359462,2.674317
files/ftv70.atsp,0.100000,1484.000000,2050.163311,2.677393
files/ftv70.atsp,0.100000,1484.000000,2050.278212,2.678446
files/ftv70.atsp,0.100000,1484.000000,2050.301339,2.682527
files/ftv70.atsp,0.100000,1484.000000,2050.208473,2.683638
files/ftv70.atsp,0.100000,1484.000000,2049.724944,2.686724
files/ftv70.atsp,0.100000,1484.000000,2049.778643,2.688791
files/ftv70.atsp,0.100000,1484.000000,2049.451111,2.693881
files/ftv70.atsp,0.100000,1484.000000,2049.581576,2.694939
files/ftv70.atsp,0.100000,1484.000000,2049.757206,2.697002
files/ftv70.atsp,0.100000,1484.000000,2049.344408,2.705120
files/ftv70.atsp,0.100000,1484.000000,2049.626106,2.706223
files/ftv70.atsp,0.100000,1484.000000,2049.758011,2.707537
files/ftv70.atsp,0.100000,1484.000000,2049.953642,2.708608
files/ftv70.atsp,0.100000,1484.000000,2050.004410,2.710674
files/ftv70.atsp,0.100000,1484.000000,2050.051762,2.714761
files/ftv70.atsp,0.100000,1484.000000,2050.069307,2.715816
files/ftv70.atsp,0.100000,1455.000000,2049.415385,2.730138
files/ftv70.atsp,0.100000,1455.000000,2049.406147,2.731194
files/ftv70.atsp,0.100000,1455.000000,2049.243421,2.733257
files/ftv70.atsp,0.100000,1455.000000,2049.280394,2.735320
files/ftv70.atsp,0.100000,1455.000000,2049.483589,2.737388
files/ftv70.atsp,0.100000,1455.000000,2049.392350,2.741471
files/ftv70.atsp,0.100000,1455.000000,2049.466157,2.745557
files/ftv70.atsp,0.100000,1455.000000,2049.329335,2.750658
files/ftv70.atsp,0.100000,1455.000000,2049.272331,2.751712
files/ftv70.atsp,0.100000,1455.000000,2049.537541,2.753779
files/ftv70.atsp,0.100000,1455.000000,2049.310870,2.757860
files/ftv70.atsp,0.100000,1455.000000,2049.231270,2.758915
files/ftv70.atsp,0.100000,1455.000000,2049.250542,2.760980
files/ftv70.atsp,0.100000,1455.000000,2049.258938,2.763042
files/ftv70.atsp,0.100000,1455.000000,2049.360390,2.764098
files/ftv70.atsp,0.100000,1455.000000,2049.624865,2.766164
files/ftv70.atsp,0.100000,1455.000000,2049.601512,2.768232
files/ftv70.atsp,0.100000,1455.000000,2049.504854,2.771300
files/ftv70.atsp,0.100000,1455.000000,2049.575431,2.772357
files/ftv70.atsp,0.100000,1455.000000,2049.304629,2.777509
files/ftv70.atsp,0.100000,1455.000000,2049.330108,2.779569
files/ftv70.atsp,0.100000,1455.000000,2049.544576,2.780625
files/ftv70.atsp,0.100000,1455.000000,2049.710300,2.782688
files/ftv70.atsp,0.100000,1455.000000,2049.646302,2.786769
files/ftv70.atsp,0.100000,1455.000000,2049.898287,2.790853
files/ftv70.atsp,0.100000,1455.000000,2049.979679,2.791912
files/ftv70.atsp,0.100000,1455.000000,2050.266026,2.792964
files/ftv70.atsp,0.100000,1455.000000,2050.372465,2.795029
files/ftv70.atsp,0.100000,1455.000000,2050.189765,2.799108
files/ftv70.atsp,0.100000,1455.000000,2050.253461,2.801176
files/ftv70.atsp,0.100000,1455.000000,2050.008511,2.803240
files/ftv70.atsp,0.100000,1455.000000,2049.502657,2.804299
files/ftv70.atsp,0.100000,1455.000000,2049.539278,2.805351
files/ftv70.atsp,0.100000,1455.000000,2049.626723,2.806416
files/ftv70.atsp,0.100000,1455.000000,2049.520127,2.807472
files/ftv70.atsp,0.100000,1455.000000,2049.647619,2.808526
files/ftv70.atsp,0.100000,1455.000000,2049.762156,2.809579
files/ftv70.atsp,0.100000,1455.000000,2049.936642,2.810632
files/ftv70.atsp,0.100000,1455.000000,2049.760549,2.820767
files/ftv70.atsp,0.100000,1455.000000,2049.740780,2.823842
files/ftv70.atsp,0.100000,1455.000000,2049.962105,2.826917
files/ftv70.atsp,0.100000,1455.000000,2049.622503,2.827972
files/ftv70.atsp,0.100000,1455.000000,2049.601891,2.829028
files/ftv70.atsp,0.100000,1455.000000,2049.811123,2.834353
files/ftv70.atsp,0.100000,1455.000000,2049.917191,2.835495
files/ftv70.atsp,0.100000,1455.000000,2049.931937,2.837572
files/ftv70.atsp,0.100000,1455.000000,2050.056485,2.839634
files/ftv70.atsp,0.100000,1455.000000,2049.967607,2.843711
files/ftv70.atsp,0.100000,1455.000000,2049.950939,2.846955
files/ftv70.atsp,0.100000,1455.000000,2049.805005,2.854121
files/ftv70.atsp,0.100000,1455.000000,2050.019792,2.856190
files/ftv70.atsp,0.100000,1455.000000,2050.272633,2.858255
files/ftv70.atsp,0.100000,1455.000000,2050.599792,2.859311
files/ftv70.atsp,0.100000,1455.000000,2050.892004,2.861376
files/ftv70.atsp,0.100000,1455.000000,2050.915975,2.862432
files/ftv70.atsp,0.100000,1455.000000,2050.910881,2.863485
files/ftv70.atsp,0.100000,1455.000000,2050.993789,2.870633
files/ftv70.atsp,0.100000,1455.000000,2051.058945,2.872698
files/ftv70.atsp,0.100000,1455.000000,2051.158058,2.880923
files/ftv70.atsp,0.100000,1455.000000,2051.179567,2.885012
files/ftv70.atsp,0.100000,1455.000000,2051.104124,2.886069
files/ftv70.atsp,0.100000,1455.000000,2051.226571,2.890157
files/ftv70.atsp,0.100000,1455.000000,2051.350823,2.891212
files/ftv70.atsp,0.100000,1455.000000,2051.476876,2.892271
files/ftv70.atsp,0.100000,1455.000000,2051.490760,2.894331
files/ftv70.atsp,0.100000,1455.000000,2051.123077,2.897432
