files/ftv70.atsp,0.200000,2776.000000,2776.000000,0.014256
files/ftv70.atsp,0.200000,2705.000000,2740.500000,0.039572
files/ftv70.atsp,0.200000,2555.000000,2678.666667,0.068766
files/ftv70.atsp,0.200000,2555.000000,2651.250000,0.093253
files/ftv70.atsp,0.200000,2423.000000,2605.600000,0.113539
files/ftv70.atsp,0.200000,2423.000000,2633.000000,0.128763
files/ftv70.atsp,0.200000,2423.000000,2659.428571,0.153191
files/ftv70.atsp,0.200000,2423.000000,2634.500000,0.179549
files/ftv70.atsp,0.200000,2423.000000,2634.555556,0.217495
files/ftv70.atsp,0.200000,2371.000000,2608.200000,0.250064
files/ftv70.atsp,0.200000,2371.000000,2615.181818,0.273426
files/ftv70.atsp,0.200000,2371.000000,2634.250000,0.297861
files/ftv70.atsp,0.200000,2371.000000,2618.076923,0.318197
files/ftv70.atsp,0.200000,2371.000000,2623.928571,0.339512
files/ftv70.atsp,0.200000,2371.000000,2622.800000,0.355709
files/ftv70.atsp,0.200000,2371.000000,2646.437500,0.373988
files/ftv70.atsp,0.200000,2371.000000,2639.235294,0.396290
files/ftv70.atsp,0.200000,2371.000000,2630.722222,0.418641
files/ftv70.atsp,0.200000,2371.000000,2628.315789,0.443918
files/ftv70.atsp,0.200000,2371.000000,2633.550000,0.457354
files/ftv70.atsp,0.200000,2371.000000,2652.761905,0.474639
files/ftv70.atsp,0.200000,2371.000000,2641.272727,0.496048
files/ftv70.atsp,0.200000,2371.000000,2641.956522,0.523441
files/ftv70.atsp,0.200000,2371.000000,2644.083333,0.542850
files/ftv70.atsp,0.200000,2371.000000,2641.080000,0.571391
files/ftv70.atsp,0.200000,2371.000000,2636.961538,0.597850
files/ftv70.atsp,0.200000,2371.000000,2637.925926,0.612096
files/ftv70.atsp,0.200000,2371.000000,2644.250000,0.633483
files/ftv70.atsp,0.200000,2371.000000,2649.586207,0.649681
files/ftv70.atsp,0.200000,2371.000000,2659.033333,0.664849
files/ftv70.atsp,0.200000,2371.000000,2652.096774,0.702556
files/ftv70.atsp,0.200000,2371.000000,2659.406250,0.725948
files/ftv70.atsp,0.200000,2371.000000,2676.848485,0.742958
files/ftv70.atsp,0.200000,2237.000000,2663.911765,0.771411
files/ftv70.atsp,0.200000,2237.000000,2666.314286,0.796750
files/ftv70.atsp,0.200000,2237.000000,2669.250000,0.818439
files/ftv70.atsp,0.200000,2237.000000,2667.891892,0.844976
files/ftv70.atsp,0.200000,2237.000000,2672.500000,0.875427
files/ftv70.atsp,0.200000,2237.000000,2677.871795,0.899796
files/ftv70.atsp,0.200000,2237.000000,2682.075000,0.913069
files/ftv70.atsp,0.200000,2237.000000,2681.512195,0.942192
files/ftv70.atsp,0.200000,2237.000000,2677.904762,0.977388
files/ftv70.atsp,0.200000,2237.000000,2679.744186,0.990629
files/ftv70.atsp,0.200000,2237.000000,2683.909091,1.012020
files/ftv70.atsp,0.200000,2237.000000,2691.644444,1.036395
files/ftv70.atsp,0.200000,2237.000000,2702.434783,1.046776
files/ftv70.atsp,0.200000,2237.000000,2702.957447,1.067462
files/ftv70.atsp,0.200000,2237.000000,2693.770833,1.090827
files/ftv70.atsp,0.200000,2237.000000,2701.020408,1.104081
files/ftv70.atsp,0.200000,2237.000000,2704.420000,1.122380
files/ftv70.atsp,0.200000,2237.000000,2706.705882,1.141758
files/ftv70.atsp,0.200000,2237.000000,2708.192308,1.173363
files/ftv70.atsp,0.200000,2237.000000,2706.547170,1.199753
files/ftv70.atsp,0.200000,2237.000000,2707.814815,1.227587
files/ftv70.atsp,0.200000,2237.000000,2708.363636,1.243174
files/ftv70.atsp,0.200000,2237.000000,2709.803571,1.268566
files/ftv70.atsp,0.200000,2237.000000,2705.403509,1.288877
files/ftv70.atsp,0.200000,2237.000000,2710.672414,1.317408
files/ftv70.atsp,0.200000,2237.000000,2710.694915,1.341798
files/ftv70.atsp,0.200000,2237.000000,2709.983333,1.368537
files/ftv70.atsp,0.200000,2237.000000,2710.721311,1.386995
files/ftv70.atsp,0.200000,2237.000000,2709.193548,1.418051
files/ftv70.atsp,0.200000,2237.000000,2704.476190,1.450790
files/ftv70.atsp,0.200000,2237.000000,2702.421875,1.471212
files/ftv70.atsp,0.200000,2237.000000,2699.707692,1.488508
files/ftv70.atsp,0.200000,2237.000000,2700.727273,1.511921
files/ftv70.atsp,0.200000,2237.000000,2700.850746,1.531224
files/ftv70.atsp,0.200000,2237.000000,2705.955882,1.547468
files/ftv70.atsp,0.200000,2237.000000,2706.898551,1.567789
files/ftv70.atsp,0.200000,2237.000000,2708.628571,1.588134
files/ftv70.atsp,0.200000,2237.000000,2705.676056,1.610475
files/ftv70.atsp,0.200000,2237.000000,2709.138889,1.634836
files/ftv70.atsp,0.200000,2237.000000,2710.287671,1.658205
files/ftv70.atsp,0.200000,2237.000000,2708.621622,1.688869
files/ftv70.atsp,0.200000,2237.000000,2707.560000,1.716340
files/ftv70.atsp,0.200000,2237.000000,2704.736842,1.754060
files/ftv70.atsp,0.200000,2237.000000,2703.272727,1.770339
files/ftv70.atsp,0.200000,2237.000000,2700.833333,1.798707
files/ftv70.atsp,0.200000,2237.000000,2701.303797,1.821925
files/ftv70.atsp,0.200000,2237.000000,2696.312500,1.839292
files/ftv70.atsp,0.200000,2237.000000,2695.493827,1.863704
files/ftv70.atsp,0.200000,2237.000000,2692.402439,1.916928
files/ftv70.atsp,0.200000,2237.000000,2694.686747,1.929434
files/ftv70.atsp,0.200000,2237.000000,2697.726190,1.958754
files/ftv70.atsp,0.200000,2237.000000,2694.776471,1.997566
files/ftv70.atsp,0.200000,2237.000000,2700.302326,2.020504
files/ftv70.atsp,0.200000,2237.000000,2698.482759,2.051325
files/ftv70.atsp,0.200000,2237.000000,2694.818182,2.082138
files/ftv70.atsp,0.200000,2237.000000,2691.719101,2.107519
files/ftv70.atsp,0.200000,2237.000000,2692.755556,2.135948
files/ftv70.atsp,0.200000,2237.000000,2691.703297,2.163840
files/ftv70.atsp,0.200000,2237.000000,2693.130435,2.179223
files/ftv70.atsp,0.200000,2237.000000,2689.709677,2.216880
files/ftv70.atsp,0.200000,2237.000000,2689.021277,2.241268
files/ftv70.atsp,0.200000,2237.000000,2689.978947,2.255477
files/ftv70.atsp,0.200000,2237.000000,2688.614583,2.288782
files/ftv70.atsp,0.200000,2237.000000,2687.814433,2.309975
files/ftv70.atsp,0.200000,2237.000000,2691.255102,2.330324
files/ftv70.atsp,0.200000,2237.000000,2693.878788,2.342522
files/ftv70.atsp,0.200000,2237.000000,2697.300000,2.362914
files/ftv70.atsp,0.200000,2237.000000,2697.089109,2.393374
files/ftv70.atsp,0.200000,2237.000000,2695.627451,2.417774
files/ftv70.atsp,0.200000,2237.000000,2698.533981,2.437151
files/ftv70.atsp,0.200000,2237.000000,2700.961538,2.467880
files/ftv70.atsp,0.200000,2237.000000,2702.990476,2.479062
files/ftv70.atsp,0.200000,2237.000000,2704.566038,2.500395
files/ftv70.atsp,0.200000,2237.000000,2706.635514,2.524726
files/ftv70.atsp,0.200000,2237.000000,2705.527778,2.554130
files/ftv70.atsp,0.200000,2237.000000,2707.522936,2.571603
files/ftv70.atsp,0.200000,2237.000000,2708.318182,2.585871
files/ftv70.atsp,0.200000,2237.000000,2705.108108,2.619376
files/ftv70.atsp,0.200000,2237.000000,2704.750000,2.641764
files/ftv70.atsp,0.200000,2237.000000,2704.840708,2.661080
files/ftv70.atsp,0.200000,2237.000000,2703.543860,2.683417
files/ftv70.atsp,0.200000,2237.000000,2702.408696,2.702753
files/ftv70.atsp,0.200000,2237.000000,2701.491379,2.719071
files/ftv70.atsp,0.200000,2237.000000,2700.632479,2.743473
files/ftv70.atsp,0.200000,2237.000000,2700.864407,2.770966
files/ftv70.atsp,0.200000,2237.000000,2699.285714,2.810025
files/ftv70.atsp,0.200000,2237.000000,2696.716667,2.852155
files/ftv70.atsp,0.200000,2237.000000,2697.776860,2.883641
files/ftv70.atsp,0.200000,2237.000000,2696.467213,2.908370
