files/ftv70.atsp,0.300000,3223.000000,3223.000000,0.052046
files/ftv70.atsp,0.300000,3104.000000,3163.500000,0.107336
files/ftv70.atsp,0.300000,2388.000000,2905.000000,0.197583
files/ftv70.atsp,0.300000,2388.000000,2989.500000,0.250946
files/ftv70.atsp,0.300000,2388.000000,3013.000000,0.311272
files/ftv70.atsp,0.300000,2388.000000,2977.166667,0.407872
files/ftv70.atsp,0.300000,2388.000000,2986.000000,0.458511
files/ftv70.atsp,0.300000,2388.000000,2929.750000,0.528194
files/ftv70.atsp,0.300000,2388.000000,2958.777778,0.582810
files/ftv70.atsp,0.300000,2388.000000,2946.600000,0.638826
files/ftv70.atsp,0.300000,2388.000000,2947.727273,0.707336
files/ftv70.atsp,0.300000,2388.000000,2958.083333,0.756135
files/ftv70.atsp,0.300000,2388.000000,2958.384615,0.808110
files/ftv70.atsp,0.300000,2388.000000,2947.285714,0.866135
files/ftv70.atsp,0.300000,2388.000000,2979.466667,0.915390
files/ftv70.atsp,0.300000,2388.000000,2990.500000,0.985431
files/ftv70.atsp,0.300000,2388.000000,3010.588235,1.021080
files/ftv70.atsp,0.300000,2388.000000,3006.222222,1.075066
files/ftv70.atsp,0.300000,2312.000000,2969.684211,1.138650
files/ftv70.atsp,0.300000,2312.000000,2973.700000,1.180931
files/ftv70.atsp,0.300000,2312.000000,2982.666667,1.216775
files/ftv70.atsp,0.300000,2312.000000,3011.409091,1.239238
files/ftv70.atsp,0.300000,2312.000000,3017.478261,1.288100
files/ftv70.atsp,0.300000,2312.000000,3024.791667,1.339187
files/ftv70.atsp,0.300000,2312.000000,3013.280000,1.392439
files/ftv70.atsp,0.300000,2312.000000,3026.500000,1.456644
files/ftv70.atsp,0.300000,2312.000000,3024.703704,1.523731
files/ftv70.atsp,0.300000,2312.000000,3034.285714,1.566583
files/ftv70.atsp,0.300000,2312.000000,3026.965517,1.617865
files/ftv70.atsp,0.300000,2312.000000,3033.466667,1.653394
files/ftv70.atsp,0.300000,2312.000000,3031.483871,1.702232
files/ftv70.atsp,0.300000,2312.000000,3032.500000,1.741134
files/ftv70.atsp,0.300000,2312.000000,3041.454545,1.770889
files/ftv70.atsp,0.300000,2312.000000,3040.676471,1.809974
files/ftv70.atsp,0.300000,2312.000000,3037.885714,1.863397
files/ftv70.atsp,0.300000,2312.000000,3031.861111,1.910289
files/ftv70.atsp,0.300000,2312.000000,3032.513514,1.959351
files/ftv70.atsp,0.300000,2312.000000,3030.973684,2.010282
files/ftv70.atsp,0.300000,2312.000000,3028.256410,2.068255
files/ftv70.atsp,0.300000,2312.000000,3025.825000,2.108160
files/ftv70.atsp,0.300000,2312.000000,3017.243902,2.175091
files/ftv70.atsp,0.300000,2312.000000,3022.047619,2.249193
files/ftv70.atsp,0.300000,2312.000000,3024.558140,2.300017
files/ftv70.atsp,0.300000,2312.000000,3024.909091,2.352888
files/ftv70.atsp,0.300000,2312.000000,3029.422222,2.398825
files/ftv70.atsp,0.300000,2312.000000,3029.826087,2.436446
files/ftv70.atsp,0.300000,2312.000000,3034.765957,2.490236
files/ftv70.atsp,0.300000,2312.000000,3042.625000,2.534930
files/ftv70.atsp,0.300000,2312.000000,3039.551020,2.588782
files/ftv70.atsp,0.300000,2312.000000,3042.120000,2.639497
files/ftv70.atsp,0.300000,2312.000000,3038.490196,2.706230
files/ftv70.atsp,0.300000,2312.000000,3035.019231,2.773468
files/ftv70.atsp,0.300000,2312.000000,3037.584906,2.857066
files/ftv70.atsp,0.300000,2312.000000,3031.166667,2.932881
