files/ftv70.atsp,0.400000,3281.000000,3281.000000,0.076890
files/ftv70.atsp,0.400000,2995.000000,3138.000000,0.176537
files/ftv70.atsp,0.400000,2995.000000,3275.666667,0.259315
files/ftv70.atsp,0.400000,2995.000000,3303.750000,0.331569
files/ftv70.atsp,0.400000,2995.000000,3277.000000,0.415282
files/ftv70.atsp,0.400000,2995.000000,3281.833333,0.482159
files/ftv70.atsp,0.400000,2995.000000,3317.000000,0.551749
files/ftv70.atsp,0.400000,2995.000000,3360.625000,0.614059
files/ftv70.atsp,0.400000,2995.000000,3339.777778,0.689472
files/ftv70.atsp,0.400000,2995.000000,3336.000000,0.798278
files/ftv70.atsp,0.400000,2885.000000,3295.000000,0.888316
files/ftv70.atsp,0.400000,2885.000000,3314.250000,0.953902
files/ftv70.atsp,0.400000,2885.000000,3302.230769,1.023756
files/ftv70.atsp,0.400000,2885.000000,3355.642857,1.087089
files/ftv70.atsp,0.400000,2885.000000,3343.266667,1.170135
files/ftv70.atsp,0.400000,2885.000000,3348.437500,1.232697
files/ftv70.atsp,0.400000,2885.000000,3335.411765,1.326568
files/ftv70.atsp,0.400000,2885.000000,3346.277778,1.400273
files/ftv70.atsp,0.400000,2885.000000,3343.263158,1.458857
files/ftv70.atsp,0.400000,2885.000000,3351.750000,1.556931
files/ftv70.atsp,0.400000,2885.000000,3334.952381,1.656308
files/ftv70.atsp,0.400000,2885.000000,3341.636364,1.730640
files/ftv70.atsp,0.400000,2885.000000,3334.652174,1.788600
files/ftv70.atsp,0.400000,2850.000000,3314.458333,1.866824
files/ftv70.atsp,0.400000,2850.000000,3312.560000,1.970317
files/ftv70.atsp,0.400000,2850.000000,3306.576923,2.110548
files/ftv70.atsp,0.400000,2850.000000,3302.333333,2.223487
files/ftv70.atsp,0.400000,2850.000000,3294.321429,2.298950
files/ftv70.atsp,0.400000,2850.000000,3285.275862,2.389251
files/ftv70.atsp,0.400000,2677.000000,3265.000000,2.470489
files/ftv70.atsp,0.400000,2677.000000,3270.225806,2.544563
files/ftv70.atsp,0.400000,2677.000000,3269.093750,2.631690
files/ftv70.atsp,0.400000,2677.000000,3263.575758,2.732087
files/ftv70.atsp,0.400000,2677.000000,3251.970588,2.824173
files/ftv70.atsp,0.400000,2677.000000,3259.142857,2.891590
files/ftv70.atsp,0.400000,2677.000000,3255.555556,2.987354
