files/ftv70.atsp,0.500000,2838.000000,2838.000000,0.093401
files/ftv70.atsp,0.500000,2838.000000,3110.500000,0.190884
files/ftv70.atsp,0.500000,2838.000000,3277.666667,0.283741
files/ftv70.atsp,0.500000,2838.000000,3319.750000,0.372188
files/ftv70.atsp,0.500000,2838.000000,3325.600000,0.453492
files/ftv70.atsp,0.500000,2838.000000,3284.666667,0.571799
files/ftv70.atsp,0.500000,2838.000000,3250.142857,0.674062
files/ftv70.atsp,0.500000,2838.000000,3252.875000,0.781925
files/ftv70.atsp,0.500000,2838.000000,3277.777778,0.894511
files/ftv70.atsp,0.500000,2838.000000,3297.000000,1.002083
files/ftv70.atsp,0.500000,2838.000000,3302.181818,1.112577
files/ftv70.atsp,0.500000,2838.000000,3300.500000,1.227424
files/ftv70.atsp,0.500000,2838.000000,3306.692308,1.311693
files/ftv70.atsp,0.500000,2838.000000,3279.500000,1.433955
files/ftv70.atsp,0.500000,2838.000000,3282.066667,1.572435
files/ftv70.atsp,0.500000,2838.000000,3263.125000,1.683988
files/ftv70.atsp,0.500000,2838.000000,3277.058824,1.819172
files/ftv70.atsp,0.500000,2838.000000,3269.000000,1.945566
files/ftv70.atsp,0.500000,2838.000000,3257.736842,2.094233
files/ftv70.atsp,0.500000,2838.000000,3259.350000,2.228700
files/ftv70.atsp,0.500000,2838.000000,3274.333333,2.353797
files/ftv70.atsp,0.500000,2838.000000,3282.545455,2.509925
files/ftv70.atsp,0.500000,2838.000000,3317.565217,2.597858
files/ftv70.atsp,0.500000,2838.000000,3328.875000,2.699583
files/ftv70.atsp,0.500000,2838.000000,3344.720000,2.817878
files/ftv70.atsp,0.500000,2838.000000,3352.384615,2.936855
