files/ftv70.atsp,0.600000,3191.000000,3191.000000,0.148209
files/ftv70.atsp,0.600000,3191.000000,3250.000000,0.285456
files/ftv70.atsp,0.600000,3191.000000,3339.000000,0.395294
files/ftv70.atsp,0.600000,3191.000000,3400.000000,0.522441
files/ftv70.atsp,0.600000,3191.000000,3384.200000,0.668973
files/ftv70.atsp,0.600000,3191.000000,3384.500000,0.775321
files/ftv70.atsp,0.600000,3191.000000,3398.571429,0.872651
files/ftv70.atsp,0.600000,3178.000000,3371.000000,1.015422
files/ftv70.atsp,0.600000,3178.000000,3403.888889,1.126137
files/ftv70.atsp,0.600000,3178.000000,3413.500000,1.237265
files/ftv70.atsp,0.600000,3178.000000,3417.181818,1.349338
files/ftv70.atsp,0.600000,3178.000000,3415.000000,1.491884
files/ftv70.atsp,0.600000,3178.000000,3428.153846,1.626932
files/ftv70.atsp,0.600000,3178.000000,3419.000000,1.752119
files/ftv70.atsp,0.600000,3178.000000,3418.933333,1.923015
files/ftv70.atsp,0.600000,3178.000000,3411.687500,2.063759
files/ftv70.atsp,0.600000,3058.000000,3390.882353,2.220469
files/ftv70.atsp,0.600000,3058.000000,3385.055556,2.371494
files/ftv70.atsp,0.600000,3009.000000,3365.263158,2.505509
files/ftv70.atsp,0.600000,3009.000000,3366.800000,2.646878
files/ftv70.atsp,0.600000,3009.000000,3384.571429,2.773047
files/ftv70.atsp,0.600000,3009.000000,3371.818182,2.935264
