files/ftv70.atsp,0.700000,3841.000000,3841.000000,0.156151
files/ftv70.atsp,0.700000,3338.000000,3589.500000,0.293145
files/ftv70.atsp,0.700000,3338.000000,3619.333333,0.490325
files/ftv70.atsp,0.700000,3306.000000,3541.000000,0.656719
files/ftv70.atsp,0.700000,3075.000000,3447.800000,0.849674
files/ftv70.atsp,0.700000,3075.000000,3491.166667,1.008398
files/ftv70.atsp,0.700000,3075.000000,3445.714286,1.172229
files/ftv70.atsp,0.700000,3075.000000,3471.125000,1.323751
files/ftv70.atsp,0.700000,3075.000000,3514.222222,1.459320
files/ftv70.atsp,0.700000,3075.000000,3520.800000,1.646126
files/ftv70.atsp,0.700000,3075.000000,3512.909091,1.805734
files/ftv70.atsp,0.700000,3075.000000,3512.666667,1.953285
files/ftv70.atsp,0.700000,3075.000000,3490.615385,2.126008
files/ftv70.atsp,0.700000,3075.000000,3478.928571,2.287556
files/ftv70.atsp,0.700000,3075.000000,3477.400000,2.447389
files/ftv70.atsp,0.700000,3075.000000,3515.562500,2.619506
files/ftv70.atsp,0.700000,2910.000000,3479.941176,2.788291
files/ftv70.atsp,0.700000,2910.000000,3475.500000,2.925677
