files/ftv70.atsp,0.800000,3619.000000,3619.000000,0.185438
files/ftv70.atsp,0.800000,3140.000000,3379.500000,0.361445
files/ftv70.atsp,0.800000,3140.000000,3520.666667,0.517313
files/ftv70.atsp,0.800000,3140.000000,3551.250000,0.676717
files/ftv70.atsp,0.800000,3084.000000,3457.800000,0.903331
files/ftv70.atsp,0.800000,3084.000000,3499.666667,1.078637
files/ftv70.atsp,0.800000,3084.000000,3454.857143,1.266917
files/ftv70.atsp,0.800000,3084.000000,3514.375000,1.421855
files/ftv70.atsp,0.800000,3084.000000,3536.000000,1.600910
files/ftv70.atsp,0.800000,3084.000000,3559.500000,1.769806
files/ftv70.atsp,0.800000,3084.000000,3554.272727,1.983252
files/ftv70.atsp,0.800000,3084.000000,3548.166667,2.152631
files/ftv70.atsp,0.800000,3084.000000,3576.153846,2.334273
files/ftv70.atsp,0.800000,3084.000000,3602.142857,2.484590
files/ftv70.atsp,0.800000,3084.000000,3601.200000,2.656541
files/ftv70.atsp,0.800000,3084.000000,3609.250000,2.848730
files/ftv70.atsp,0.800000,3084.000000,3615.882353,3.009284
