files/ftv70.atsp,0.900000,3774.000000,3774.000000,0.171256
files/ftv70.atsp,0.900000,3774.000000,3891.000000,0.369991
files/ftv70.atsp,0.900000,3370.000000,3717.333333,0.561550
files/ftv70.atsp,0.900000,3370.000000,3711.500000,0.747285
files/ftv70.atsp,0.900000,3370.000000,3738.800000,0.927813
files/ftv70.atsp,0.900000,3248.000000,3657.000000,1.128542
files/ftv70.atsp,0.900000,3248.000000,3664.142857,1.310417
files/ftv70.atsp,0.900000,3248.000000,3721.375000,1.487846
files/ftv70.atsp,0.900000,3248.000000,3720.111111,1.671057
files/ftv70.atsp,0.900000,3248.000000,3679.400000,1.856291
files/ftv70.atsp,0.900000,3248.000000,3657.181818,2.038718
files/ftv70.atsp,0.900000,3248.000000,3703.250000,2.218197
files/ftv70.atsp,0.900000,3248.000000,3713.307692,2.424402
files/ftv70.atsp,0.900000,3248.000000,3699.000000,2.606350
files/ftv70.atsp,0.900000,3248.000000,3704.466667,2.788869
files/ftv70.atsp,0.900000,3248.000000,3683.750000,2.978862
