files/ftv64.atsp,0.100000,1571.000000,1571.000000,0.004012
files/ftv64.atsp,0.100000,1571.000000,1668.000000,0.008841
files/ftv64.atsp,0.100000,1571.000000,1762.333333,0.012056
files/ftv64.atsp,0.100000,1571.000000,1738.500000,0.018460
files/ftv64.atsp,0.100000,1571.000000,1759.400000,0.025728
files/ftv64.atsp,0.100000,1571.000000,1758.000000,0.032129
files/ftv64.atsp,0.100000,1571.000000,1764.000000,0.033755
files/ftv64.atsp,0.100000,1571.000000,1778.750000,0.039355
files/ftv64.atsp,0.100000,1571.000000,1768.777778,0.041771
files/ftv64.atsp,0.100000,1571.000000,1775.000000,0.047367
files/ftv64.atsp,0.100000,1571.000000,1768.909091,0.052963
files/ftv64.atsp,0.100000,1571.000000,1776.583333,0.059356
files/ftv64.atsp,0.100000,1571.000000,1767.461538,0.063365
files/ftv64.atsp,0.100000,1571.000000,1763.142857,0.064196
files/ftv64.atsp,0.100000,1571.000000,1773.600000,0.068208
files/ftv64.atsp,0.100000,1571.000000,1778.375000,0.072220
files/ftv64.atsp,0.100000,1571.000000,1782.823529,0.073846
files/ftv64.atsp,0.100000,1571.000000,1783.222222,0.077063
files/ftv64.atsp,0.100000,1571.000000,1791.157895,0.080279
files/ftv64.atsp,0.100000,1571.000000,1802.200000,0.087470
files/ftv64.atsp,0.100000,1571.000000,1807.857143,0.089891
files/ftv64.atsp,0.100000,1571.000000,1820.863636,0.094695
files/ftv64.atsp,0.100000,1571.000000,1825.347826,0.097909
files/ftv64.atsp,0.100000,1571.000000,1838.291667,0.101922
files/ftv64.atsp,0.100000,1571.000000,1832.400000,0.108330
files/ftv64.atsp,0.100000,1571.000000,1833.346154,0.111551
files/ftv64.atsp,0.100000,1514.000000,1821.518519,0.114767
files/ftv64.atsp,0.100000,1514.000000,1818.392857,0.117193
files/ftv64.atsp,0.100000,1514.000000,1819.931034,0.121998
files/ftv64.atsp,0.100000,1514.000000,1815.233333,0.127620
files/ftv64.atsp,0.100000,1503.000000,1805.161290,0.132433
files/ftv64.atsp,0.100000,1503.000000,1800.625000,0.135649
files/ftv64.atsp,0.100000,1503.000000,1803.303030,0.137292
files/ftv64.atsp,0.100000,1503.000000,1804.911765,0.141302
files/ftv64.atsp,0.100000,1503.000000,1800.914286,0.145299
files/ftv64.atsp,0.100000,1503.000000,1798.916667,0.151709
files/ftv64.atsp,0.100000,1503.000000,1807.297297,0.153336
files/ftv64.atsp,0.100000,1503.000000,1804.236842,0.158940
files/ftv64.atsp,0.100000,1503.000000,1800.871795,0.162966
files/ftv64.atsp,0.100000,1473.000000,1792.675000,0.167048
files/ftv64.atsp,0.100000,1473.000000,1790.536585,0.172676
files/ftv64.atsp,0.100000,1473.000000,1796.142857,0.175104
files/ftv64.atsp,0.100000,1473.000000,1792.651163,0.179115
files/ftv64.atsp,0.100000,1473.000000,1790.113636,0.182333
files/ftv64.atsp,0.100000,1473.000000,1787.355556,0.183969
files/ftv64.atsp,0.100000,1473.000000,1789.152174,0.184802
files/ftv64.atsp,0.100000,1473.000000,1790.212766,0.188011
files/ftv64.atsp,0.100000,1473.000000,1788.895833,0.190467
files/ftv64.atsp,0.100000,1473.000000,1784.183673,0.191308
files/ftv64.atsp,0.100000,1473.000000,1781.640000,0.192137
files/ftv64.atsp,0.100000,1473.000000,1778.725490,0.195366
files/ftv64.atsp,0.100000,1473.000000,1777.884615,0.203357
files/ftv64.atsp,0.100000,1473.000000,1776.358491,0.211355
files/ftv64.atsp,0.100000,1473.000000,1779.555556,0.220153
files/ftv64.atsp,0.100000,1473.000000,1778.763636,0.228946
files/ftv64.atsp,0.100000,1473.000000,1784.892857,0.232958
files/ftv64.atsp,0.100000,1473.000000,1782.263158,0.236172
files/ftv64.atsp,0.100000,1473.000000,1782.965517,0.244167
files/ftv64.atsp,0.100000,1473.000000,1785.559322,0.248187
files/ftv64.atsp,0.100000,1473.000000,1781.050000,0.252215
files/ftv64.atsp,0.100000,1473.000000,1782.491803,0.253841
files/ftv64.atsp,0.100000,1473.000000,1782.161290,0.254672
files/ftv64.atsp,0.100000,1473.000000,1778.952381,0.258689
files/ftv64.atsp,0.100000,1473.000000,1781.531250,0.264366
files/ftv64.atsp,0.100000,1473.000000,1782.723077,0.265207
files/ftv64.atsp,0.100000,1473.000000,1781.363636,0.270928
files/ftv64.atsp,0.100000,1473.000000,1778.402985,0.279152
files/ftv64.atsp,0.100000,1473.000000,1777.485294,0.281166
files/ftv64.atsp,0.100000,1473.000000,1778.956522,0.285397
files/ftv64.atsp,0.100000,1473.000000,1778.642857,0.291954
files/ftv64.atsp,0.100000,1473.000000,1776.788732,0.295962
files/ftv64.atsp,0.100000,1473.000000,1776.791667,0.300373
files/ftv64.atsp,0.100000,1473.000000,1778.013699,0.308036
files/ftv64.atsp,0.100000,1473.000000,1779.662162,0.309759
files/ftv64.atsp,0.100000,1473.000000,1777.706667,0.313802
files/ftv64.atsp,0.100000,1473.000000,1781.434211,0.316226
files/ftv64.atsp,0.100000,1473.000000,1781.519481,0.322777
files/ftv64.atsp,0.100000,1473.000000,1782.128205,0.329192
files/ftv64.atsp,0.100000,1473.000000,1782.658228,0.333272
files/ftv64.atsp,0.100000,1473.000000,1784.012500,0.336516
files/ftv64.atsp,0.100000,1473.000000,1783.358025,0.338146
files/ftv64.atsp,0.100000,1473.000000,1784.060976,0.343828
files/ftv64.atsp,0.100000,1473.000000,1781.987952,0.350312
files/ftv64.atsp,0.100000,1473.000000,1782.357143,0.354319
files/ftv64.atsp,0.100000,1473.000000,1784.776471,0.355953
files/ftv64.atsp,0.100000,1473.000000,1783.662791,0.360826
files/ftv64.atsp,0.100000,1473.000000,1785.390805,0.364044
files/ftv64.atsp,0.100000,1473.000000,1782.602273,0.369652
files/ftv64.atsp,0.100000,1473.000000,1780.820225,0.372156
files/ftv64.atsp,0.100000,1473.000000,1779.144444,0.375485
files/ftv64.atsp,0.100000,1473.000000,1783.340659,0.377378
files/ftv64.atsp,0.100000,1473.000000,1787.347826,0.380179
files/ftv64.atsp,0.100000,1473.000000,1786.913978,0.389832
files/ftv64.atsp,0.100000,1473.000000,1787.223404,0.393962
files/ftv64.atsp,0.100000,1473.000000,1784.284211,0.397973
files/ftv64.atsp,0.100000,1473.000000,1783.354167,0.404491
files/ftv64.atsp,0.100000,1473.000000,1783.154639,0.411007
files/ftv64.atsp,0.100000,1473.000000,1783.112245,0.416629
files/ftv64.atsp,0.100000,1473.000000,1783.141414,0.419047
files/ftv64.atsp,0.100000,1473.000000,1783.600000,0.420758
files/ftv64.atsp,0.100000,1473.000000,1784.247525,0.425580
files/ftv64.atsp,0.100000,1473.000000,1782.009804,0.427230
files/ftv64.atsp,0.100000,1473.000000,1782.514563,0.428853
files/ftv64.atsp,0.100000,1473.000000,1781.038462,0.430489
files/ftv64.atsp,0.100000,1473.000000,1779.828571,0.435305
files/ftv64.atsp,0.100000,1473.000000,1778.877358,0.436139
files/ftv64.atsp,0.100000,1473.000000,1778.177570,0.436971
files/ftv64.atsp,0.100000,1473.000000,1777.768519,0.440199
files/ftv64.atsp,0.100000,1473.000000,1779.486239,0.441821
files/ftv64.atsp,0.100000,1473.000000,1778.827273,0.443444
files/ftv64.atsp,0.100000,1473.000000,1777.639640,0.449024
files/ftv64.atsp,0.100000,1473.000000,1776.500000,0.452245
files/ftv64.atsp,0.100000,1473.000000,1775.699115,0.459412
files/ftv64.atsp,0.100000,1473.000000,1776.535088,0.470555
files/ftv64.atsp,0.100000,1473.000000,1775.556522,0.471387
files/ftv64.atsp,0.100000,1473.000000,1774.818966,0.478591
files/ftv64.atsp,0.100000,1473.000000,1774.239316,0.485164
files/ftv64.atsp,0.100000,1473.000000,1773.516949,0.489250
files/ftv64.atsp,0.100000,1473.000000,1775.915966,0.491700
files/ftv64.atsp,0.100000,1473.000000,1777.883333,0.493325
files/ftv64.atsp,0.100000,1241.000000,1773.446281,0.494948
files/ftv64.atsp,0.100000,1241.000000,1770.778689,0.501360
files/ftv64.atsp,0.100000,1241.000000,1769.227642,0.506956
files/ftv64.atsp,0.100000,1241.000000,1768.346774,0.510190
files/ftv64.atsp,0.100000,1241.000000,1769.968000,0.512617
files/ftv64.atsp,0.100000,1241.000000,1768.380952,0.513450
files/ftv64.atsp,0.100000,1241.000000,1766.787402,0.519884
files/ftv64.atsp,0.100000,1241.000000,1765.265625,0.522305
files/ftv64.atsp,0.100000,1241.000000,1765.565891,0.523170
files/ftv64.atsp,0.100000,1241.000000,1764.100000,0.527189
files/ftv64.atsp,0.100000,1241.000000,1762.816794,0.528815
files/ftv64.atsp,0.100000,1241.000000,1761.287879,0.534441
files/ftv64.atsp,0.100000,1241.000000,1762.390977,0.536925
files/ftv64.atsp,0.100000,1241.000000,1760.910448,0.541735
files/ftv64.atsp,0.100000,1241.000000,1764.755556,0.548136
files/ftv64.atsp,0.100000,1241.000000,1766.220588,0.552930
files/ftv64.atsp,0.100000,1241.000000,1768.343066,0.558539
files/ftv64.atsp,0.100000,1241.000000,1769.333333,0.561756
files/ftv64.atsp,0.100000,1241.000000,1770.165468,0.568166
files/ftv64.atsp,0.100000,1241.000000,1769.742857,0.574564
files/ftv64.atsp,0.100000,1241.000000,1768.638298,0.576194
files/ftv64.atsp,0.100000,1241.000000,1768.288732,0.581011
files/ftv64.atsp,0.100000,1241.000000,1766.972028,0.585815
files/ftv64.atsp,0.100000,1241.000000,1767.347222,0.588240
files/ftv64.atsp,0.100000,1241.000000,1767.158621,0.592269
files/ftv64.atsp,0.100000,1241.000000,1765.178082,0.597868
files/ftv64.atsp,0.100000,1241.000000,1766.959184,0.604273
files/ftv64.atsp,0.100000,1241.000000,1767.750000,0.609085
files/ftv64.atsp,0.100000,1241.000000,1767.000000,0.615507
files/ftv64.atsp,0.100000,1241.000000,1767.186667,0.617929
files/ftv64.atsp,0.100000,1241.000000,1767.662252,0.624344
files/ftv64.atsp,0.100000,1241.000000,1767.111842,0.626769
files/ftv64.atsp,0.100000,1241.000000,1767.084967,0.628398
files/ftv64.atsp,0.100000,1241.000000,1767.558442,0.632408
files/ftv64.atsp,0.100000,1241.000000,1766.909677,0.635635
files/ftv64.atsp,0.100000,1241.000000,1766.782051,0.638056
files/ftv64.atsp,0.100000,1241.000000,1765.452229,0.642070
files/ftv64.atsp,0.100000,1241.000000,1765.151899,0.645286
files/ftv64.atsp,0.100000,1241.000000,1765.616352,0.650362
files/ftv64.atsp,0.100000,1241.000000,1764.900000,0.651214
files/ftv64.atsp,0.100000,1241.000000,1764.229814,0.654429
files/ftv64.atsp,0.100000,1241.000000,1763.802469,0.660092
files/ftv64.atsp,0.100000,1241.000000,1763.877301,0.664107
files/ftv64.atsp,0.100000,1241.000000,1764.768293,0.676468
files/ftv64.atsp,0.100000,1241.000000,1766.187879,0.679089
files/ftv64.atsp,0.100000,1241.000000,1766.168675,0.679926
files/ftv64.atsp,0.100000,1241.000000,1765.401198,0.684757
files/ftv64.atsp,0.100000,1241.000000,1763.916667,0.685590
files/ftv64.atsp,0.100000,1241.000000,1764.035503,0.689604
files/ftv64.atsp,0.100000,1241.000000,1765.329412,0.692030
files/ftv64.atsp,0.100000,1241.000000,1764.631579,0.694468
files/ftv64.atsp,0.100000,1241.000000,1764.540698,0.698483
files/ftv64.atsp,0.100000,1241.000000,1764.052023,0.702496
files/ftv64.atsp,0.100000,1241.000000,1766.017241,0.707314
files/ftv64.atsp,0.100000,1241.000000,1764.771429,0.709732
files/ftv64.atsp,0.100000,1241.000000,1764.619318,0.712949
files/ftv64.atsp,0.100000,1241.000000,1764.649718,0.714575
files/ftv64.atsp,0.100000,1241.000000,1764.393258,0.718599
files/ftv64.atsp,0.100000,1241.000000,1764.290503,0.722614
files/ftv64.atsp,0.100000,1241.000000,1764.950000,0.726632
files/ftv64.atsp,0.100000,1241.000000,1764.745856,0.731452
files/ftv64.atsp,0.100000,1241.000000,1767.439560,0.733079
files/ftv64.atsp,0.100000,1241.000000,1766.453552,0.736289
files/ftv64.atsp,0.100000,1241.000000,1768.021739,0.737141
files/ftv64.atsp,0.100000,1241.000000,1767.210811,0.744354
files/ftv64.atsp,0.100000,1241.000000,1766.274194,0.750752
files/ftv64.atsp,0.100000,1241.000000,1766.577540,0.753192
files/ftv64.atsp,0.100000,1241.000000,1766.329787,0.756412
files/ftv64.atsp,0.100000,1241.000000,1765.671958,0.758044
files/ftv64.atsp,0.100000,1241.000000,1765.173684,0.762057
files/ftv64.atsp,0.100000,1241.000000,1765.696335,0.765287
files/ftv64.atsp,0.100000,1241.000000,1765.953125,0.767713
files/ftv64.atsp,0.100000,1241.000000,1766.813472,0.772524
files/ftv64.atsp,0.100000,1241.000000,1766.453608,0.777389
files/ftv64.atsp,0.100000,1241.000000,1765.666667,0.781390
files/ftv64.atsp,0.100000,1241.000000,1766.612245,0.788582
files/ftv64.atsp,0.100000,1241.000000,1766.126904,0.796556
files/ftv64.atsp,0.100000,1241.000000,1765.621212,0.798991
files/ftv64.atsp,0.100000,1241.000000,1765.798995,0.800617
files/ftv64.atsp,0.100000,1241.000000,1766.475000,0.803841
files/ftv64.atsp,0.100000,1241.000000,1766.810945,0.807060
files/ftv64.atsp,0.100000,1241.000000,1766.405941,0.810337
files/ftv64.atsp,0.100000,1241.000000,1767.167488,0.814351
files/ftv64.atsp,0.100000,1241.000000,1767.274510,0.819950
files/ftv64.atsp,0.100000,1241.000000,1766.512195,0.826349
files/ftv64.atsp,0.100000,1241.000000,1765.281553,0.827184
files/ftv64.atsp,0.100000,1241.000000,1765.314010,0.834382
files/ftv64.atsp,0.100000,1241.000000,1764.495192,0.836812
files/ftv64.atsp,0.100000,1241.000000,1763.727273,0.842411
files/ftv64.atsp,0.100000,1241.000000,1764.557143,0.844850
files/ftv64.atsp,0.100000,1241.000000,1764.412322,0.846476
files/ftv64.atsp,0.100000,1241.000000,1765.264151,0.853675
files/ftv64.atsp,0.100000,1241.000000,1764.849765,0.858498
files/ftv64.atsp,0.100000,1241.000000,1764.476636,0.862511
files/ftv64.atsp,0.100000,1241.000000,1764.204651,0.865729
files/ftv64.atsp,0.100000,1241.000000,1765.000000,0.871355
files/ftv64.atsp,0.100000,1241.000000,1765.156682,0.876166
files/ftv64.atsp,0.100000,1241.000000,1764.600917,0.877791
files/ftv64.atsp,0.100000,1241.000000,1764.757991,0.880240
files/ftv64.atsp,0.100000,1241.000000,1764.495455,0.882659
files/ftv64.atsp,0.100000,1241.000000,1764.158371,0.885881
files/ftv64.atsp,0.100000,1241.000000,1765.211712,0.889097
files/ftv64.atsp,0.100000,1241.000000,1765.237668,0.891532
files/ftv64.atsp,0.100000,1241.000000,1765.500000,0.893952
files/ftv64.atsp,0.100000,1241.000000,1766.137778,0.898350
files/ftv64.atsp,0.100000,1241.000000,1765.668142,0.899197
files/ftv64.atsp,0.100000,1241.000000,1766.255507,0.902442
files/ftv64.atsp,0.100000,1241.000000,1767.258772,0.905662
files/ftv64.atsp,0.100000,1241.000000,1767.611354,0.912080
files/ftv64.atsp,0.100000,1241.000000,1767.665217,0.920129
files/ftv64.atsp,0.100000,1241.000000,1767.415584,0.924173
files/ftv64.atsp,0.100000,1241.000000,1767.784483,0.926609
files/ftv64.atsp,0.100000,1241.000000,1766.866953,0.927443
files/ftv64.atsp,0.100000,1241.000000,1767.487179,0.929855
files/ftv64.atsp,0.100000,1241.000000,1767.187234,0.936226
files/ftv64.atsp,0.100000,1241.000000,1767.004237,0.937071
files/ftv64.atsp,0.100000,1241.000000,1766.379747,0.943470
files/ftv64.atsp,0.100000,1241.000000,1765.752101,0.951471
files/ftv64.atsp,0.100000,1241.000000,1765.878661,0.959010
files/ftv64.atsp,0.100000,1241.000000,1765.433333,0.962259
files/ftv64.atsp,0.100000,1241.000000,1765.427386,0.965481
files/ftv64.atsp,0.100000,1241.000000,1766.256198,0.967908
files/ftv64.atsp,0.100000,1241.000000,1766.695473,0.972730
files/ftv64.atsp,0.100000,1241.000000,1766.024590,0.975159
files/ftv64.atsp,0.100000,1241.000000,1766.644898,0.976785
files/ftv64.atsp,0.100000,1241.000000,1766.004065,0.980002
files/ftv64.atsp,0.100000,1241.000000,1766.372470,0.983227
files/ftv64.atsp,0.100000,1241.000000,1766.564516,0.989042
files/ftv64.atsp,0.100000,1241.000000,1767.791165,0.989897
files/ftv64.atsp,0.100000,1241.000000,1767.264000,0.992358
files/ftv64.atsp,0.100000,1241.000000,1767.127490,0.997230
files/ftv64.atsp,0.100000,1241.000000,1767.031746,1.005241
files/ftv64.atsp,0.100000,1241.000000,1766.699605,1.007687
files/ftv64.atsp,0.100000,1241.000000,1768.653543,1.012496
files/ftv64.atsp,0.100000,1241.000000,1770.003922,1.021317
files/ftv64.atsp,0.100000,1241.000000,1769.777344,1.026964
files/ftv64.atsp,0.100000,1241.000000,1769.649805,1.027799
files/ftv64.atsp,0.100000,1241.000000,1769.682171,1.029425
files/ftv64.atsp,0.100000,1241.000000,1769.532819,1.033464
files/ftv64.atsp,0.100000,1241.000000,1769.261538,1.041472
files/ftv64.atsp,0.100000,1241.000000,1769.379310,1.045491
files/ftv64.atsp,0.100000,1241.000000,1770.458015,1.049493
files/ftv64.atsp,0.100000,1241.000000,1769.642586,1.051116
files/ftv64.atsp,0.100000,1241.000000,1768.738636,1.055149
files/ftv64.atsp,0.100000,1241.000000,1768.675472,1.059980
files/ftv64.atsp,0.100000,1241.000000,1769.330827,1.062403
files/ftv64.atsp,0.100000,1241.000000,1769.044944,1.065641
files/ftv64.atsp,0.100000,1241.000000,1767.940299,1.067270
files/ftv64.atsp,0.100000,1241.000000,1767.412639,1.068894
files/ftv64.atsp,0.100000,1241.000000,1767.337037,1.076864
files/ftv64.atsp,0.100000,1241.000000,1767.420664,1.082446
files/ftv64.atsp,0.100000,1241.000000,1767.227941,1.084142
files/ftv64.atsp,0.100000,1241.000000,1768.413919,1.086570
files/ftv64.atsp,0.100000,1241.000000,1768.784672,1.097757
files/ftv64.atsp,0.100000,1241.000000,1767.694545,1.107457
files/ftv64.atsp,0.100000,1241.000000,1767.380435,1.109090
files/ftv64.atsp,0.100000,1241.000000,1767.212996,1.119600
files/ftv64.atsp,0.100000,1241.000000,1767.068345,1.122846
files/ftv64.atsp,0.100000,1241.000000,1767.161290,1.124541
files/ftv64.atsp,0.100000,1241.000000,1767.189286,1.126972
files/ftv64.atsp,0.100000,1241.000000,1767.505338,1.128600
files/ftv64.atsp,0.100000,1241.000000,1766.663121,1.134279
files/ftv64.atsp,0.100000,1241.000000,1766.187279,1.141478
files/ftv64.atsp,0.100000,1241.000000,1766.764085,1.144761
files/ftv64.atsp,0.100000,1241.000000,1766.645614,1.151187
files/ftv64.atsp,0.100000,1241.000000,1766.790210,1.154465
files/ftv64.atsp,0.100000,1241.000000,1766.463415,1.156896
files/ftv64.atsp,0.100000,1241.000000,1766.201389,1.160931
files/ftv64.atsp,0.100000,1241.000000,1765.747405,1.164215
files/ftv64.atsp,0.100000,1241.000000,1766.096552,1.168295
files/ftv64.atsp,0.100000,1241.000000,1766.013746,1.174784
files/ftv64.atsp,0.100000,1241.000000,1765.863014,1.178804
files/ftv64.atsp,0.100000,1241.000000,1766.450512,1.180431
files/ftv64.atsp,0.100000,1241.000000,1766.666667,1.182079
files/ftv64.atsp,0.100000,1241.000000,1766.952542,1.186958
files/ftv64.atsp,0.100000,1241.000000,1767.128378,1.190981
files/ftv64.atsp,0.100000,1241.000000,1767.016835,1.199848
files/ftv64.atsp,0.100000,1241.000000,1767.369128,1.204748
files/ftv64.atsp,0.100000,1241.000000,1767.705686,1.207970
files/ftv64.atsp,0.100000,1241.000000,1766.923333,1.213550
files/ftv64.atsp,0.100000,1241.000000,1765.465116,1.216049
files/ftv64.atsp,0.100000,1241.000000,1765.139073,1.219265
files/ftv64.atsp,0.100000,1241.000000,1764.887789,1.222481
files/ftv64.atsp,0.100000,1241.000000,1765.447368,1.224961
files/ftv64.atsp,0.100000,1241.000000,1764.606557,1.228995
files/ftv64.atsp,0.100000,1241.000000,1764.725490,1.234663
files/ftv64.atsp,0.100000,1241.000000,1765.820847,1.238684
files/ftv64.atsp,0.100000,1241.000000,1765.149351,1.241921
files/ftv64.atsp,0.100000,1241.000000,1765.080906,1.246790
files/ftv64.atsp,0.100000,1241.000000,1764.996774,1.251622
files/ftv64.atsp,0.100000,1241.000000,1765.112540,1.254034
files/ftv64.atsp,0.100000,1241.000000,1766.753205,1.257305
files/ftv64.atsp,0.100000,1241.000000,1767.169329,1.265363
files/ftv64.atsp,0.100000,1241.000000,1767.474522,1.267006
files/ftv64.atsp,0.100000,1241.000000,1767.806349,1.269430
files/ftv64.atsp,0.100000,1241.000000,1767.974684,1.275107
files/ftv64.atsp,0.100000,1241.000000,1767.949527,1.275946
files/ftv64.atsp,0.100000,1241.000000,1768.540881,1.282380
files/ftv64.atsp,0.100000,1241.000000,1768.394984,1.288069
files/ftv64.atsp,0.100000,1241.000000,1768.653125,1.290496
files/ftv64.atsp,0.100000,1241.000000,1767.897196,1.296163
files/ftv64.atsp,0.100000,1241.000000,1768.152174,1.299410
files/ftv64.atsp,0.100000,1241.000000,1768.043344,1.301823
files/ftv64.atsp,0.100000,1241.000000,1767.910494,1.304665
files/ftv64.atsp,0.100000,1241.000000,1768.184615,1.309583
files/ftv64.atsp,0.100000,1241.000000,1769.067485,1.312810
files/ftv64.atsp,0.100000,1241.000000,1769.318043,1.316895
files/ftv64.atsp,0.100000,1241.000000,1768.503049,1.320939
files/ftv64.atsp,0.100000,1241.000000,1768.075988,1.323369
files/ftv64.atsp,0.100000,1241.000000,1767.818182,1.327391
files/ftv64.atsp,0.100000,1241.000000,1768.359517,1.329018
files/ftv64.atsp,0.100000,1241.000000,1768.081325,1.330650
files/ftv64.atsp,0.100000,1241.000000,1768.009009,1.334670
files/ftv64.atsp,0.100000,1241.000000,1767.592814,1.338685
files/ftv64.atsp,0.100000,1241.000000,1767.074627,1.339524
files/ftv64.atsp,0.100000,1241.000000,1767.562500,1.341151
files/ftv64.atsp,0.100000,1241.000000,1767.706231,1.349943
files/ftv64.atsp,0.100000,1241.000000,1767.920118,1.356730
files/ftv64.atsp,0.100000,1241.000000,1768.330383,1.361550
files/ftv64.atsp,0.100000,1241.000000,1768.788235,1.363183
files/ftv64.atsp,0.100000,1241.000000,1768.906158,1.364859
files/ftv64.atsp,0.100000,1241.000000,1769.342105,1.368874
files/ftv64.atsp,0.100000,1241.000000,1768.991254,1.373685
files/ftv64.atsp,0.100000,1241.000000,1769.258721,1.383259
files/ftv64.atsp,0.100000,1241.000000,1769.689855,1.388054
files/ftv64.atsp,0.100000,1241.000000,1769.540462,1.392866
files/ftv64.atsp,0.100000,1241.000000,1769.118156,1.405607
files/ftv64.atsp,0.100000,1241.000000,1769.896552,1.411198
files/ftv64.atsp,0.100000,1241.000000,1770.647564,1.416808
files/ftv64.atsp,0.100000,1241.000000,1771.065714,1.422408
files/ftv64.atsp,0.100000,1241.000000,1771.603989,1.424829
files/ftv64.atsp,0.100000,1241.000000,1771.514205,1.427250
files/ftv64.atsp,0.100000,1241.000000,1771.280453,1.436805
files/ftv64.atsp,0.100000,1241.000000,1770.757062,1.446724
files/ftv64.atsp,0.100000,1241.000000,1770.746479,1.447671
files/ftv64.atsp,0.100000,1241.000000,1771.348315,1.448507
files/ftv64.atsp,0.100000,1241.000000,1771.336134,1.452523
files/ftv64.atsp,0.100000,1241.000000,1771.086592,1.459716
files/ftv64.atsp,0.100000,1241.000000,1770.916435,1.462137
files/ftv64.atsp,0.100000,1241.000000,1770.272222,1.464572
files/ftv64.atsp,0.100000,1241.000000,1770.565097,1.465406
files/ftv64.atsp,0.100000,1241.000000,1770.455801,1.470210
files/ftv64.atsp,0.100000,1241.000000,1770.853994,1.472638
files/ftv64.atsp,0.100000,1241.000000,1770.799451,1.481428
files/ftv64.atsp,0.100000,1241.000000,1771.213699,1.484769
files/ftv64.atsp,0.100000,1241.000000,1770.710383,1.486428
files/ftv64.atsp,0.100000,1241.000000,1771.299728,1.488893
files/ftv64.atsp,0.100000,1241.000000,1771.627717,1.496100
files/ftv64.atsp,0.100000,1241.000000,1771.471545,1.498511
files/ftv64.atsp,0.100000,1241.000000,1771.210811,1.500141
files/ftv64.atsp,0.100000,1241.000000,1770.932615,1.507337
files/ftv64.atsp,0.100000,1241.000000,1770.873656,1.510550
files/ftv64.atsp,0.100000,1241.000000,1771.040214,1.515358
files/ftv64.atsp,0.100000,1241.000000,1771.042781,1.516993
files/ftv64.atsp,0.100000,1241.000000,1771.154667,1.518622
files/ftv64.atsp,0.100000,1241.000000,1770.763298,1.521843
files/ftv64.atsp,0.100000,1241.000000,1770.413793,1.524268
files/ftv64.atsp,0.100000,1241.000000,1770.211640,1.526694
files/ftv64.atsp,0.100000,1241.000000,1770.163588,1.537093
files/ftv64.atsp,0.100000,1241.000000,1770.347368,1.543498
files/ftv64.atsp,0.100000,1241.000000,1770.175853,1.549913
files/ftv64.atsp,0.100000,1241.000000,1770.581152,1.555623
files/ftv64.atsp,0.100000,1241.000000,1771.315927,1.558047
files/ftv64.atsp,0.100000,1241.000000,1771.585938,1.562866
files/ftv64.atsp,0.100000,1241.000000,1771.992208,1.568486
files/ftv64.atsp,0.100000,1241.000000,1771.272021,1.576471
files/ftv64.atsp,0.100000,1241.000000,1771.103359,1.579690
files/ftv64.atsp,0.100000,1241.000000,1770.051546,1.585289
files/ftv64.atsp,0.100000,1241.000000,1769.850900,1.590931
files/ftv64.atsp,0.100000,1241.000000,1769.920513,1.595746
files/ftv64.atsp,0.100000,1241.000000,1769.667519,1.601352
files/ftv64.atsp,0.100000,1241.000000,1770.176020,1.606160
files/ftv64.atsp,0.100000,1241.000000,1770.218830,1.611769
files/ftv64.atsp,0.100000,1241.000000,1770.756345,1.614994
files/ftv64.atsp,0.100000,1241.000000,1770.612658,1.617418
files/ftv64.atsp,0.100000,1241.000000,1770.936869,1.619045
files/ftv64.atsp,0.100000,1241.000000,1770.523929,1.621463
files/ftv64.atsp,0.100000,1241.000000,1770.864322,1.631829
files/ftv64.atsp,0.100000,1241.000000,1771.062657,1.637498
files/ftv64.atsp,0.100000,1241.000000,1771.430000,1.640720
files/ftv64.atsp,0.100000,1241.000000,1771.598504,1.645515
files/ftv64.atsp,0.100000,1241.000000,1770.694030,1.646347
files/ftv64.atsp,0.100000,1241.000000,1770.851117,1.651320
files/ftv64.atsp,0.100000,1241.000000,1771.700495,1.652959
files/ftv64.atsp,0.100000,1241.000000,1772.261728,1.654595
files/ftv64.atsp,0.100000,1241.000000,1773.357143,1.656222
files/ftv64.atsp,0.100000,1241.000000,1774.326781,1.657054
files/ftv64.atsp,0.100000,1241.000000,1774.129902,1.657885
files/ftv64.atsp,0.100000,1241.000000,1773.745721,1.660339
files/ftv64.atsp,0.100000,1241.000000,1774.148780,1.670824
files/ftv64.atsp,0.100000,1241.000000,1773.878345,1.671692
files/ftv64.atsp,0.100000,1241.000000,1773.609223,1.678298
files/ftv64.atsp,0.100000,1241.000000,1774.314770,1.681526
files/ftv64.atsp,0.100000,1241.000000,1774.258454,1.687935
files/ftv64.atsp,0.100000,1241.000000,1773.874699,1.695926
files/ftv64.atsp,0.100000,1241.000000,1773.408654,1.697553
files/ftv64.atsp,0.100000,1241.000000,1773.263789,1.699979
files/ftv64.atsp,0.100000,1241.000000,1773.162679,1.706376
files/ftv64.atsp,0.100000,1241.000000,1773.532220,1.708803
files/ftv64.atsp,0.100000,1241.000000,1773.640476,1.712023
files/ftv64.atsp,0.100000,1241.000000,1773.496437,1.717629
files/ftv64.atsp,0.100000,1241.000000,1773.071090,1.718461
files/ftv64.atsp,0.100000,1241.000000,1772.893617,1.722474
files/ftv64.atsp,0.100000,1241.000000,1772.969340,1.730463
files/ftv64.atsp,0.100000,1241.000000,1773.832941,1.734476
files/ftv64.atsp,0.100000,1241.000000,1774.438967,1.741669
files/ftv64.atsp,0.100000,1241.000000,1775.105386,1.745680
files/ftv64.atsp,0.100000,1241.000000,1774.813084,1.748899
files/ftv64.atsp,0.100000,1241.000000,1775.156177,1.752918
files/ftv64.atsp,0.100000,1241.000000,1774.890698,1.756134
files/ftv64.atsp,0.100000,1241.000000,1774.800464,1.760146
files/ftv64.atsp,0.100000,1241.000000,1774.685185,1.763362
files/ftv64.atsp,0.100000,1241.000000,1775.096998,1.764196
files/ftv64.atsp,0.100000,1241.000000,1775.260369,1.770595
files/ftv64.atsp,0.100000,1241.000000,1775.154023,1.774614
files/ftv64.atsp,0.100000,1241.000000,1776.018349,1.776240
files/ftv64.atsp,0.100000,1241.000000,1776.560641,1.779480
files/ftv64.atsp,0.100000,1241.000000,1777.242009,1.785886
files/ftv64.atsp,0.100000,1241.000000,1777.157175,1.789104
files/ftv64.atsp,0.100000,1241.000000,1776.961364,1.795507
files/ftv64.atsp,0.100000,1241.000000,1777.043084,1.796340
files/ftv64.atsp,0.100000,1241.000000,1776.875566,1.801147
files/ftv64.atsp,0.100000,1241.000000,1777.216704,1.805160
files/ftv64.atsp,0.100000,1241.000000,1777.184685,1.811561
files/ftv64.atsp,0.100000,1241.000000,1776.919101,1.812395
files/ftv64.atsp,0.100000,1241.000000,1776.892377,1.814021
files/ftv64.atsp,0.100000,1241.000000,1776.590604,1.818867
files/ftv64.atsp,0.100000,1241.000000,1776.462054,1.819702
files/ftv64.atsp,0.100000,1241.000000,1776.278396,1.827687
files/ftv64.atsp,0.100000,1241.000000,1776.217778,1.829313
files/ftv64.atsp,0.100000,1241.000000,1775.818182,1.838099
files/ftv64.atsp,0.100000,1241.000000,1776.112832,1.842112
files/ftv64.atsp,0.100000,1241.000000,1775.785872,1.847721
files/ftv64.atsp,0.100000,1241.000000,1775.799559,1.848553
files/ftv64.atsp,0.100000,1241.000000,1776.173626,1.854160
files/ftv64.atsp,0.100000,1241.000000,1776.385965,1.856583
files/ftv64.atsp,0.100000,1241.000000,1776.352298,1.858210
files/ftv64.atsp,0.100000,1241.000000,1776.048035,1.862254
files/ftv64.atsp,0.100000,1241.000000,1776.335512,1.867860
files/ftv64.atsp,0.100000,1241.000000,1776.241304,1.871874
files/ftv64.atsp,0.100000,1241.000000,1776.399132,1.874294
files/ftv64.atsp,0.100000,1241.000000,1776.142857,1.879889
files/ftv64.atsp,0.100000,1241.000000,1775.917927,1.886282
files/ftv64.atsp,0.100000,1241.000000,1775.903017,1.892676
files/ftv64.atsp,0.100000,1241.000000,1775.636559,1.899864
files/ftv64.atsp,0.100000,1241.000000,1775.660944,1.902284
files/ftv64.atsp,0.100000,1241.000000,1775.355460,1.907089
files/ftv64.atsp,0.100000,1241.000000,1775.566239,1.907920
files/ftv64.atsp,0.100000,1241.000000,1775.398721,1.908751
files/ftv64.atsp,0.100000,1241.000000,1775.227660,1.913553
files/ftv64.atsp,0.100000,1241.000000,1775.382166,1.919253
files/ftv64.atsp,0.100000,1241.000000,1775.220339,1.921679
files/ftv64.atsp,0.100000,1241.000000,1775.496829,1.925701
files/ftv64.atsp,0.100000,1241.000000,1775.219409,1.928921
files/ftv64.atsp,0.100000,1241.000000,1775.206316,1.937705
files/ftv64.atsp,0.100000,1241.000000,1774.873950,1.942516
files/ftv64.atsp,0.100000,1241.000000,1774.767296,1.944928
files/ftv64.atsp,0.100000,1241.000000,1774.489540,1.949732
files/ftv64.atsp,0.100000,1241.000000,1774.538622,1.954522
files/ftv64.atsp,0.100000,1241.000000,1774.283333,1.958572
files/ftv64.atsp,0.100000,1241.000000,1774.756757,1.962590
files/ftv64.atsp,0.100000,1241.000000,1774.867220,1.965793
files/ftv64.atsp,0.100000,1241.000000,1775.215321,1.972169
files/ftv64.atsp,0.100000,1241.000000,1775.216942,1.984082
files/ftv64.atsp,0.100000,1241.000000,1774.983505,1.987446
files/ftv64.atsp,0.100000,1241.000000,1775.191358,1.991528
files/ftv64.atsp,0.100000,1241.000000,1775.069815,1.992373
files/ftv64.atsp,0.100000,1241.000000,1774.590164,1.998804
files/ftv64.atsp,0.100000,1241.000000,1774.423313,2.006780
files/ftv64.atsp,0.100000,1241.000000,1774.802041,2.009993
files/ftv64.atsp,0.100000,1241.000000,1775.448065,2.013206
files/ftv64.atsp,0.100000,1241.000000,1775.774390,2.019596
files/ftv64.atsp,0.100000,1241.000000,1776.450304,2.023609
files/ftv64.atsp,0.100000,1241.000000,1776.690283,2.036425
files/ftv64.atsp,0.100000,1241.000000,1776.430303,2.041234
files/ftv64.atsp,0.100000,1241.000000,1776.316532,2.046838
files/ftv64.atsp,0.100000,1241.000000,1775.961771,2.050054
files/ftv64.atsp,0.100000,1241.000000,1776.008032,2.057247
files/ftv64.atsp,0.100000,1241.000000,1775.971944,2.065236
files/ftv64.atsp,0.100000,1241.000000,1775.942000,2.066868
files/ftv64.atsp,0.100000,1241.000000,1776.962076,2.070879
files/ftv64.atsp,0.100000,1241.000000,1776.954183,2.081256
files/ftv64.atsp,0.100000,1241.000000,1777.644135,2.084472
files/ftv64.atsp,0.100000,1241.000000,1777.154762,2.086103
files/ftv64.atsp,0.100000,1241.000000,1776.877228,2.088525
files/ftv64.atsp,0.100000,1241.000000,1776.962451,2.094129
files/ftv64.atsp,0.100000,1241.000000,1776.946746,2.097349
files/ftv64.atsp,0.100000,1241.000000,1777.318898,2.102155
files/ftv64.atsp,0.100000,1241.000000,1777.318271,2.105425
files/ftv64.atsp,0.100000,1241.000000,1777.682353,2.107060
files/ftv64.atsp,0.100000,1241.000000,1777.340509,2.109482
files/ftv64.atsp,0.100000,1241.000000,1776.886719,2.110315
files/ftv64.atsp,0.100000,1241.000000,1776.539961,2.113533
files/ftv64.atsp,0.100000,1241.000000,1777.678988,2.115165
files/ftv64.atsp,0.100000,1241.000000,1777.737864,2.120083
files/ftv64.atsp,0.100000,1241.000000,1778.211240,2.121993
files/ftv64.atsp,0.100000,1241.000000,1778.092843,2.127597
files/ftv64.atsp,0.100000,1241.000000,1778.646718,2.129223
files/ftv64.atsp,0.100000,1241.000000,1778.549133,2.131646
files/ftv64.atsp,0.100000,1241.000000,1779.065385,2.136458
files/ftv64.atsp,0.100000,1241.000000,1779.236084,2.139680
files/ftv64.atsp,0.100000,1241.000000,1778.877395,2.140517
files/ftv64.atsp,0.100000,1241.000000,1779.095602,2.141347
files/ftv64.atsp,0.100000,1241.000000,1778.883588,2.146151
files/ftv64.atsp,0.100000,1241.000000,1778.575238,2.151749
files/ftv64.atsp,0.100000,1241.000000,1778.222433,2.154961
files/ftv64.atsp,0.100000,1241.000000,1778.857685,2.155797
files/ftv64.atsp,0.100000,1241.000000,1778.909091,2.159011
files/ftv64.atsp,0.100000,1241.000000,1779.442344,2.163023
files/ftv64.atsp,0.100000,1241.000000,1779.352830,2.164651
files/ftv64.atsp,0.100000,1241.000000,1779.832392,2.167137
files/ftv64.atsp,0.100000,1241.000000,1779.740602,2.169562
files/ftv64.atsp,0.100000,1241.000000,1780.697936,2.174377
files/ftv64.atsp,0.100000,1241.000000,1781.177903,2.176006
files/ftv64.atsp,0.100000,1241.000000,1781.278505,2.178758
files/ftv64.atsp,0.100000,1241.000000,1781.373134,2.183566
files/ftv64.atsp,0.100000,1241.000000,1781.130354,2.190765
files/ftv64.atsp,0.100000,1241.000000,1781.622677,2.194785
files/ftv64.atsp,0.100000,1241.000000,1781.287570,2.200389
files/ftv64.atsp,0.100000,1241.000000,1781.603704,2.203606
files/ftv64.atsp,0.100000,1241.000000,1781.168207,2.206824
files/ftv64.atsp,0.100000,1241.000000,1780.990775,2.211627
files/ftv64.atsp,0.100000,1241.000000,1781.184162,2.214055
files/ftv64.atsp,0.100000,1241.000000,1781.439338,2.217265
files/ftv64.atsp,0.100000,1241.000000,1781.480734,2.224434
files/ftv64.atsp,0.100000,1241.000000,1781.408425,2.230016
files/ftv64.atsp,0.100000,1241.000000,1782.096892,2.231638
files/ftv64.atsp,0.100000,1241.000000,1782.034672,2.234842
files/ftv64.atsp,0.100000,1241.000000,1782.245902,2.237254
files/ftv64.atsp,0.100000,1241.000000,1782.341818,2.239715
files/ftv64.atsp,0.100000,1241.000000,1782.168784,2.242930
files/ftv64.atsp,0.100000,1241.000000,1782.172101,2.245348
files/ftv64.atsp,0.100000,1241.000000,1781.842676,2.250147
files/ftv64.atsp,0.100000,1241.000000,1781.824910,2.255751
files/ftv64.atsp,0.100000,1241.000000,1781.713514,2.263270
files/ftv64.atsp,0.100000,1241.000000,1782.383094,2.267275
files/ftv64.atsp,0.100000,1241.000000,1782.371634,2.270487
files/ftv64.atsp,0.100000,1241.000000,1782.462366,2.272905
files/ftv64.atsp,0.100000,1241.000000,1782.318426,2.277694
files/ftv64.atsp,0.100000,1241.000000,1781.996429,2.280939
files/ftv64.atsp,0.100000,1241.000000,1781.859180,2.284957
files/ftv64.atsp,0.100000,1241.000000,1781.749110,2.288174
files/ftv64.atsp,0.100000,1241.000000,1782.028419,2.291388
files/ftv64.atsp,0.100000,1241.000000,1782.296099,2.293010
files/ftv64.atsp,0.100000,1241.000000,1782.153982,2.293839
files/ftv64.atsp,0.100000,1241.000000,1781.936396,2.300230
files/ftv64.atsp,0.100000,1241.000000,1781.754850,2.302651
files/ftv64.atsp,0.100000,1241.000000,1782.038732,2.308244
files/ftv64.atsp,0.100000,1241.000000,1782.202109,2.309866
files/ftv64.atsp,0.100000,1241.000000,1782.291228,2.311499
files/ftv64.atsp,0.100000,1241.000000,1782.117338,2.315509
files/ftv64.atsp,0.100000,1241.000000,1782.793706,2.318725
files/ftv64.atsp,0.100000,1241.000000,1782.691099,2.321141
files/ftv64.atsp,0.100000,1241.000000,1782.454704,2.325947
files/ftv64.atsp,0.100000,1241.000000,1782.205217,2.329218
files/ftv64.atsp,0.100000,1241.000000,1782.246528,2.334036
files/ftv64.atsp,0.100000,1241.000000,1782.428076,2.344418
files/ftv64.atsp,0.100000,1241.000000,1782.257785,2.349232
files/ftv64.atsp,0.100000,1241.000000,1782.240069,2.356427
files/ftv64.atsp,0.100000,1241.000000,1782.400000,2.360449
files/ftv64.atsp,0.100000,1241.000000,1782.301205,2.366850
files/ftv64.atsp,0.100000,1241.000000,1782.365979,2.368478
files/ftv64.atsp,0.100000,1241.000000,1782.322470,2.373286
files/ftv64.atsp,0.100000,1241.000000,1782.452055,2.378894
files/ftv64.atsp,0.100000,1241.000000,1782.452991,2.381316
files/ftv64.atsp,0.100000,1241.000000,1782.585324,2.382146
files/ftv64.atsp,0.100000,1241.000000,1782.247019,2.390139
files/ftv64.atsp,0.100000,1241.000000,1782.139456,2.393357
files/ftv64.atsp,0.100000,1241.000000,1782.078098,2.395781
files/ftv64.atsp,0.100000,1241.000000,1782.152542,2.399003
files/ftv64.atsp,0.100000,1241.000000,1783.060914,2.400636
files/ftv64.atsp,0.100000,1241.000000,1782.810811,2.408624
files/ftv64.atsp,0.100000,1241.000000,1782.780776,2.414229
files/ftv64.atsp,0.100000,1241.000000,1782.757576,2.417450
files/ftv64.atsp,0.100000,1241.000000,1782.697479,2.423056
files/ftv64.atsp,0.100000,1241.000000,1782.724832,2.428712
files/ftv64.atsp,0.100000,1241.000000,1782.911223,2.435104
files/ftv64.atsp,0.100000,1241.000000,1782.866221,2.444675
files/ftv64.atsp,0.100000,1241.000000,1782.717863,2.448686
files/ftv64.atsp,0.100000,1241.000000,1782.613333,2.452702
files/ftv64.atsp,0.100000,1241.000000,1782.675541,2.461487
files/ftv64.atsp,0.100000,1241.000000,1782.368771,2.463117
files/ftv64.atsp,0.100000,1241.000000,1782.189055,2.469512
files/ftv64.atsp,0.100000,1241.000000,1781.801325,2.476709
files/ftv64.atsp,0.100000,1241.000000,1781.785124,2.477540
files/ftv64.atsp,0.100000,1241.000000,1781.458746,2.483938
files/ftv64.atsp,0.100000,1241.000000,1781.658979,2.485674
files/ftv64.atsp,0.100000,1241.000000,1781.963816,2.491362
files/ftv64.atsp,0.100000,1241.000000,1782.011494,2.499402
files/ftv64.atsp,0.100000,1241.000000,1781.950820,2.501825
files/ftv64.atsp,0.100000,1241.000000,1782.214403,2.504252
files/ftv64.atsp,0.100000,1241.000000,1782.055556,2.509857
files/ftv64.atsp,0.100000,1241.000000,1782.029364,2.514673
files/ftv64.atsp,0.100000,1241.000000,1782.408795,2.520280
files/ftv64.atsp,0.100000,1241.000000,1783.019512,2.522699
files/ftv64.atsp,0.100000,1241.000000,1782.939935,2.527498
files/ftv64.atsp,0.100000,1241.000000,1783.082658,2.531565
files/ftv64.atsp,0.100000,1241.000000,1782.948220,2.533991
files/ftv64.atsp,0.100000,1241.000000,1782.562197,2.537246
files/ftv64.atsp,0.100000,1241.000000,1782.704839,2.541257
files/ftv64.atsp,0.100000,1241.000000,1782.655395,2.544471
files/ftv64.atsp,0.100000,1241.000000,1782.758842,2.551659
files/ftv64.atsp,0.100000,1241.000000,1782.898876,2.555667
files/ftv64.atsp,0.100000,1241.000000,1782.900641,2.561262
files/ftv64.atsp,0.100000,1241.000000,1782.798400,2.566865
files/ftv64.atsp,0.100000,1241.000000,1782.554313,2.573260
files/ftv64.atsp,0.100000,1241.000000,1782.953748,2.575686
files/ftv64.atsp,0.100000,1241.000000,1783.006369,2.576518
files/ftv64.atsp,0.100000,1241.000000,1782.858506,2.578942
files/ftv64.atsp,0.100000,1241.000000,1782.673016,2.580569
files/ftv64.atsp,0.100000,1241.000000,1782.755943,2.582193
files/ftv64.atsp,0.100000,1241.000000,1782.674051,2.584615
files/ftv64.atsp,0.100000,1241.000000,1782.515008,2.591010
files/ftv64.atsp,0.100000,1241.000000,1782.623028,2.592635
files/ftv64.atsp,0.100000,1241.000000,1782.387402,2.596642
files/ftv64.atsp,0.100000,1241.000000,1782.440252,2.598266
files/ftv64.atsp,0.100000,1241.000000,1782.332810,2.599099
files/ftv64.atsp,0.100000,1241.000000,1782.068966,2.601521
files/ftv64.atsp,0.100000,1241.000000,1781.926448,2.610309
files/ftv64.atsp,0.100000,1241.000000,1782.431250,2.616703
files/ftv64.atsp,0.100000,1241.000000,1782.695788,2.621508
files/ftv64.atsp,0.100000,1241.000000,1782.518692,2.627900
files/ftv64.atsp,0.100000,1241.000000,1782.695179,2.633497
files/ftv64.atsp,0.100000,1241.000000,1782.711180,2.639561
files/ftv64.atsp,0.100000,1241.000000,1782.500775,2.645968
files/ftv64.atsp,0.100000,1241.000000,1782.346749,2.649475
files/ftv64.atsp,0.100000,1241.000000,1782.326121,2.654318
files/ftv64.atsp,0.100000,1241.000000,1782.310185,2.662368
files/ftv64.atsp,0.100000,1241.000000,1782.081664,2.665699
files/ftv64.atsp,0.100000,1241.000000,1782.198462,2.668891
files/ftv64.atsp,0.100000,1241.000000,1782.900154,2.671271
files/ftv64.atsp,0.100000,1241.000000,1782.743865,2.682017
files/ftv64.atsp,0.100000,1241.000000,1782.715161,2.684453
files/ftv64.atsp,0.100000,1241.000000,1782.559633,2.686879
files/ftv64.atsp,0.100000,1241.000000,1782.157252,2.687712
files/ftv64.atsp,0.100000,1241.000000,1781.966463,2.693312
files/ftv64.atsp,0.100000,1241.000000,1782.117199,2.700500
files/ftv64.atsp,0.100000,1241.000000,1782.465046,2.704515
files/ftv64.atsp,0.100000,1241.000000,1782.924127,2.707729
files/ftv64.atsp,0.100000,1241.000000,1782.621212,2.712531
files/ftv64.atsp,0.100000,1241.000000,1782.673222,2.715749
files/ftv64.atsp,0.100000,1241.000000,1782.675227,2.718166
files/ftv64.atsp,0.100000,1241.000000,1782.924585,2.722174
files/ftv64.atsp,0.100000,1241.000000,1783.138554,2.728564
files/ftv64.atsp,0.100000,1241.000000,1782.890226,2.734954
files/ftv64.atsp,0.100000,1241.000000,1782.489489,2.737369
files/ftv64.atsp,0.100000,1241.000000,1783.017991,2.739792
files/ftv64.atsp,0.100000,1241.000000,1783.305389,2.742215
files/ftv64.atsp,0.100000,1241.000000,1783.536622,2.743049
files/ftv64.atsp,0.100000,1241.000000,1783.747761,2.747056
files/ftv64.atsp,0.100000,1241.000000,1783.700447,2.747888
files/ftv64.atsp,0.100000,1241.000000,1783.464286,2.750308
files/ftv64.atsp,0.100000,1241.000000,1783.444279,2.755907
files/ftv64.atsp,0.100000,1241.000000,1783.596439,2.759919
files/ftv64.atsp,0.100000,1241.000000,1783.345185,2.760748
files/ftv64.atsp,0.100000,1241.000000,1783.356509,2.762372
files/ftv64.atsp,0.100000,1241.000000,1783.101920,2.765583
files/ftv64.atsp,0.100000,1241.000000,1782.817109,2.767214
files/ftv64.atsp,0.100000,1241.000000,1783.304860,2.773606
files/ftv64.atsp,0.100000,1241.000000,1783.430882,2.780809
files/ftv64.atsp,0.100000,1241.000000,1783.591777,2.782434
files/ftv64.atsp,0.100000,1241.000000,1783.290323,2.784845
files/ftv64.atsp,0.100000,1241.000000,1783.168375,2.791223
files/ftv64.atsp,0.100000,1241.000000,1783.415205,2.796799
files/ftv64.atsp,0.100000,1241.000000,1783.490511,2.800796
files/ftv64.atsp,0.100000,1241.000000,1783.214286,2.806379
files/ftv64.atsp,0.100000,1241.000000,1783.279476,2.816719
files/ftv64.atsp,0.100000,1241.000000,1782.995640,2.819985
files/ftv64.atsp,0.100000,1241.000000,1783.251089,2.827180
files/ftv64.atsp,0.100000,1241.000000,1783.182609,2.831191
files/ftv64.atsp,0.100000,1241.000000,1782.942113,2.833612
files/ftv64.atsp,0.100000,1241.000000,1783.552023,2.836039
files/ftv64.atsp,0.100000,1241.000000,1783.701299,2.840849
files/ftv64.atsp,0.100000,1241.000000,1783.746398,2.844067
files/ftv64.atsp,0.100000,1241.000000,1783.743885,2.848871
files/ftv64.atsp,0.100000,1241.000000,1783.774425,2.854488
files/ftv64.atsp,0.100000,1241.000000,1783.832138,2.857694
files/ftv64.atsp,0.100000,1241.000000,1783.650430,2.863277
files/ftv64.atsp,0.100000,1241.000000,1783.779685,2.869646
files/ftv64.atsp,0.100000,1241.000000,1783.775714,2.871269
files/ftv64.atsp,0.100000,1241.000000,1783.405136,2.879224
files/ftv64.atsp,0.100000,1241.000000,1783.849003,2.880843
files/ftv64.atsp,0.100000,1241.000000,1783.748222,2.882467
files/ftv64.atsp,0.100000,1241.000000,1783.941761,2.888051
files/ftv64.atsp,0.100000,1241.000000,1784.110638,2.892839
files/ftv64.atsp,0.100000,1241.000000,1783.851275,2.896044
files/ftv64.atsp,0.100000,1241.000000,1783.691655,2.898461
files/ftv64.atsp,0.100000,1241.000000,1783.788136,2.900082
files/ftv64.atsp,0.100000,1241.000000,1783.943583,2.909617
files/ftv64.atsp,0.100000,1241.000000,1784.090141,2.915990
files/ftv64.atsp,0.100000,1241.000000,1783.856540,2.929585
files/ftv64.atsp,0.100000,1241.000000,1784.043539,2.936759
files/ftv64.atsp,0.100000,1241.000000,1783.899018,2.946442
files/ftv64.atsp,0.100000,1241.000000,1783.813725,2.952862
files/ftv64.atsp,0.100000,1241.000000,1784.006993,2.954496
files/ftv64.atsp,0.100000,1241.000000,1783.905028,2.960085
files/ftv64.atsp,0.100000,1241.000000,1783.619247,2.966478
files/ftv64.atsp,0.100000,1241.000000,1783.807799,2.968896
files/ftv64.atsp,0.100000,1241.000000,1783.741307,2.973704
files/ftv64.atsp,0.100000,1241.000000,1784.197222,2.980906
files/ftv64.atsp,0.100000,1241.000000,1784.203883,2.985847
files/ftv64.atsp,0.100000,1241.000000,1784.232687,2.992352
files/ftv64.atsp,0.100000,1241.000000,1784.633472,2.993199
files/ftv64.atsp,0.100000,1241.000000,1784.622928,2.995641
files/ftv64.atsp,0.100000,1241.000000,1784.513103,3.002828
files/ftv64.atsp,0.100000,1241.000000,1784.192837,3.006842
files/ftv64.atsp,0.100000,1241.000000,1784.187070,3.012438
files/ftv64.atsp,0.100000,1241.000000,1784.041209,3.014860
files/ftv64.atsp,0.100000,1241.000000,1783.836763,3.020460
files/ftv64.atsp,0.100000,1241.000000,1784.041096,3.023677
files/ftv64.atsp,0.100000,1241.000000,1783.830369,3.025302
files/ftv64.atsp,0.100000,1241.000000,1783.554645,3.030114
files/ftv64.atsp,0.100000,1241.000000,1783.459754,3.034980
files/ftv64.atsp,0.100000,1241.000000,1783.355586,3.042963
files/ftv64.atsp,0.100000,1241.000000,1783.195918,3.048555
files/ftv64.atsp,0.100000,1241.000000,1783.173913,3.050181
files/ftv64.atsp,0.100000,1241.000000,1783.020353,3.051016
files/ftv64.atsp,0.100000,1241.000000,1783.069106,3.053437
files/ftv64.atsp,0.100000,1241.000000,1783.123139,3.055064
files/ftv64.atsp,0.100000,1241.000000,1782.902703,3.059868
files/ftv64.atsp,0.100000,1241.000000,1783.037787,3.062291
files/ftv64.atsp,0.100000,1241.000000,1782.935310,3.064711
files/ftv64.atsp,0.100000,1241.000000,1782.659489,3.070304
files/ftv64.atsp,0.100000,1241.000000,1782.693548,3.076696
files/ftv64.atsp,0.100000,1241.000000,1782.719463,3.084672
files/ftv64.atsp,0.100000,1241.000000,1782.647453,3.088681
files/ftv64.atsp,0.100000,1241.000000,1782.235609,3.089511
files/ftv64.atsp,0.100000,1241.000000,1782.431818,3.092729
files/ftv64.atsp,0.100000,1241.000000,1782.584780,3.098328
files/ftv64.atsp,0.100000,1241.000000,1782.525333,3.103922
files/ftv64.atsp,0.100000,1241.000000,1782.691079,3.108724
files/ftv64.atsp,0.100000,1241.000000,1782.582447,3.115120
files/ftv64.atsp,0.100000,1241.000000,1782.683931,3.116744
files/ftv64.atsp,0.100000,1241.000000,1782.665782,3.121549
files/ftv64.atsp,0.100000,1241.000000,1782.823841,3.125555
files/ftv64.atsp,0.100000,1241.000000,1783.152116,3.127183
files/ftv64.atsp,0.100000,1241.000000,1783.525760,3.129612
files/ftv64.atsp,0.100000,1241.000000,1783.439314,3.132857
files/ftv64.atsp,0.100000,1241.000000,1783.243742,3.135276
files/ftv64.atsp,0.100000,1241.000000,1783.318421,3.138489
files/ftv64.atsp,0.100000,1241.000000,1783.051248,3.144092
files/ftv64.atsp,0.100000,1241.000000,1782.914698,3.144925
files/ftv64.atsp,0.100000,1241.000000,1782.851900,3.152115
files/ftv64.atsp,0.100000,1241.000000,1782.933246,3.154631
files/ftv64.atsp,0.100000,1241.000000,1782.900654,3.159448
files/ftv64.atsp,0.100000,1241.000000,1782.895561,3.163457
files/ftv64.atsp,0.100000,1241.000000,1782.683181,3.164290
files/ftv64.atsp,0.100000,1241.000000,1782.498698,3.167529
files/ftv64.atsp,0.100000,1241.000000,1782.468140,3.172332
files/ftv64.atsp,0.100000,1241.000000,1783.092208,3.175539
files/ftv64.atsp,0.100000,1241.000000,1783.239948,3.181155
files/ftv64.atsp,0.100000,1241.000000,1783.060881,3.185964
files/ftv64.atsp,0.100000,1241.000000,1782.808538,3.186797
files/ftv64.atsp,0.100000,1241.000000,1782.988372,3.190027
files/ftv64.atsp,0.100000,1241.000000,1782.922581,3.199684
files/ftv64.atsp,0.100000,1241.000000,1783.135309,3.206106
files/ftv64.atsp,0.100000,1241.000000,1783.090090,3.208539
files/ftv64.atsp,0.100000,1241.000000,1783.128535,3.216528
files/ftv64.atsp,0.100000,1241.000000,1783.110398,3.223730
files/ftv64.atsp,0.100000,1241.000000,1783.080769,3.224562
files/ftv64.atsp,0.100000,1241.000000,1783.358515,3.230980
files/ftv64.atsp,0.100000,1241.000000,1783.755754,3.238189
files/ftv64.atsp,0.100000,1241.000000,1783.908046,3.242208
files/ftv64.atsp,0.100000,1241.000000,1783.920918,3.244632
files/ftv64.atsp,0.100000,1241.000000,1783.663694,3.247072
files/ftv64.atsp,0.100000,1241.000000,1783.498728,3.250284
files/ftv64.atsp,0.100000,1241.000000,1783.435832,3.258270
files/ftv64.atsp,0.100000,1241.000000,1783.649746,3.260705
files/ftv64.atsp,0.100000,1241.000000,1783.477820,3.263925
files/ftv64.atsp,0.100000,1241.000000,1783.406329,3.269533
files/ftv64.atsp,0.100000,1241.000000,1783.319848,3.272765
files/ftv64.atsp,0.100000,1241.000000,1783.396465,3.275980
files/ftv64.atsp,0.100000,1241.000000,1783.075662,3.280786
files/ftv64.atsp,0.100000,1241.000000,1783.342569,3.283275
files/ftv64.atsp,0.100000,1241.000000,1783.169811,3.291239
files/ftv64.atsp,0.100000,1241.000000,1783.006281,3.296042
files/ftv64.atsp,0.100000,1241.000000,1782.963614,3.302417
files/ftv64.atsp,0.100000,1241.000000,1783.025063,3.304828
files/ftv64.atsp,0.100000,1241.000000,1782.909887,3.307264
files/ftv64.atsp,0.100000,1241.000000,1783.067500,3.312075
files/ftv64.atsp,0.100000,1241.000000,1783.176030,3.316091
files/ftv64.atsp,0.100000,1241.000000,1783.145885,3.322480
files/ftv64.atsp,0.100000,1241.000000,1783.046077,3.327270
files/ftv64.atsp,0.100000,1241.000000,1782.949005,3.330500
files/ftv64.atsp,0.100000,1241.000000,1782.713043,3.336101
files/ftv64.atsp,0.100000,1241.000000,1782.632754,3.343306
files/ftv64.atsp,0.100000,1241.000000,1782.256506,3.346525
files/ftv64.atsp,0.100000,1241.000000,1782.159653,3.352145
files/ftv64.atsp,0.100000,1241.000000,1782.170581,3.352977
files/ftv64.atsp,0.100000,1241.000000,1782.012346,3.357784
files/ftv64.atsp,0.100000,1241.000000,1781.869297,3.359419
files/ftv64.atsp,0.100000,1241.000000,1781.843596,3.361841
files/ftv64.atsp,0.100000,1241.000000,1781.958180,3.365065
files/ftv64.atsp,0.100000,1241.000000,1781.863636,3.370158
files/ftv64.atsp,0.100000,1241.000000,1781.800000,3.373390
files/ftv64.atsp,0.100000,1241.000000,1782.237745,3.378219
files/ftv64.atsp,0.100000,1241.000000,1782.419829,3.383814
files/ftv64.atsp,0.100000,1241.000000,1782.606357,3.389450
files/ftv64.atsp,0.100000,1241.000000,1782.572650,3.397443
files/ftv64.atsp,0.100000,1241.000000,1782.753659,3.399086
files/ftv64.atsp,0.100000,1241.000000,1782.683313,3.403875
files/ftv64.atsp,0.100000,1241.000000,1782.672749,3.405502
files/ftv64.atsp,0.100000,1241.000000,1782.538275,3.411905
files/ftv64.atsp,0.100000,1241.000000,1782.472087,3.418305
files/ftv64.atsp,0.100000,1241.000000,1782.490909,3.422332
files/ftv64.atsp,0.100000,1241.000000,1782.380145,3.426346
files/ftv64.atsp,0.100000,1241.000000,1782.269649,3.435992
files/ftv64.atsp,0.100000,1241.000000,1782.431159,3.438412
files/ftv64.atsp,0.100000,1241.000000,1782.592280,3.446394
files/ftv64.atsp,0.100000,1241.000000,1782.425301,3.448024
files/ftv64.atsp,0.100000,1241.000000,1782.610108,3.451242
files/ftv64.atsp,0.100000,1241.000000,1782.973558,3.453667
files/ftv64.atsp,0.100000,1241.000000,1783.030012,3.456894
files/ftv64.atsp,0.100000,1241.000000,1782.797362,3.462481
files/ftv64.atsp,0.100000,1241.000000,1782.851497,3.464923
files/ftv64.atsp,0.100000,1241.000000,1783.063397,3.469762
files/ftv64.atsp,0.100000,1241.000000,1782.747909,3.474580
files/ftv64.atsp,0.100000,1241.000000,1782.637232,3.477808
files/ftv64.atsp,0.100000,1241.000000,1782.691299,3.482632
files/ftv64.atsp,0.100000,1241.000000,1782.819048,3.488389
files/ftv64.atsp,0.100000,1241.000000,1782.595719,3.491660
files/ftv64.atsp,0.100000,1241.000000,1782.840855,3.494075
files/ftv64.atsp,0.100000,1241.000000,1783.039146,3.498078
files/ftv64.atsp,0.100000,1241.000000,1782.883886,3.500491
files/ftv64.atsp,0.100000,1241.000000,1782.649704,3.502922
files/ftv64.atsp,0.100000,1241.000000,1782.325059,3.505341
files/ftv64.atsp,0.100000,1241.000000,1782.272727,3.506174
files/ftv64.atsp,0.100000,1241.000000,1782.242925,3.510183
files/ftv64.atsp,0.100000,1241.000000,1782.427562,3.518201
files/ftv64.atsp,0.100000,1241.000000,1782.304706,3.519833
files/ftv64.atsp,0.100000,1241.000000,1782.366627,3.526249
files/ftv64.atsp,0.100000,1241.000000,1782.440141,3.531854
files/ftv64.atsp,0.100000,1241.000000,1782.528722,3.535890
files/ftv64.atsp,0.100000,1241.000000,1782.289227,3.538331
files/ftv64.atsp,0.100000,1241.000000,1782.088889,3.542346
files/ftv64.atsp,0.100000,1241.000000,1781.904206,3.545560
files/ftv64.atsp,0.100000,1241.000000,1781.808635,3.549585
files/ftv64.atsp,0.100000,1241.000000,1781.616550,3.550417
files/ftv64.atsp,0.100000,1241.000000,1781.569267,3.553619
files/ftv64.atsp,0.100000,1241.000000,1781.501163,3.562395
files/ftv64.atsp,0.100000,1241.000000,1781.662021,3.564021
files/ftv64.atsp,0.100000,1241.000000,1781.490719,3.568824
files/ftv64.atsp,0.100000,1241.000000,1781.316338,3.576818
files/ftv64.atsp,0.100000,1241.000000,1781.341435,3.580030
files/ftv64.atsp,0.100000,1241.000000,1781.184971,3.584049
files/ftv64.atsp,0.100000,1241.000000,1781.357968,3.586466
files/ftv64.atsp,0.100000,1241.000000,1781.401384,3.588878
files/ftv64.atsp,0.100000,1241.000000,1781.882488,3.592083
files/ftv64.atsp,0.100000,1241.000000,1781.705409,3.600865
files/ftv64.atsp,0.100000,1241.000000,1781.908046,3.601697
files/ftv64.atsp,0.100000,1241.000000,1781.734788,3.610497
files/ftv64.atsp,0.100000,1241.000000,1781.987385,3.612124
files/ftv64.atsp,0.100000,1241.000000,1781.837342,3.615342
files/ftv64.atsp,0.100000,1241.000000,1782.082380,3.617760
files/ftv64.atsp,0.100000,1241.000000,1781.917714,3.620989
files/ftv64.atsp,0.100000,1241.000000,1782.118721,3.623411
files/ftv64.atsp,0.100000,1241.000000,1782.019384,3.624244
files/ftv64.atsp,0.100000,1241.000000,1781.929385,3.627463
files/ftv64.atsp,0.100000,1241.000000,1782.048919,3.628295
files/ftv64.atsp,0.100000,1241.000000,1781.917045,3.631524
files/ftv64.atsp,0.100000,1241.000000,1781.885358,3.640298
files/ftv64.atsp,0.100000,1241.000000,1781.837868,3.643529
files/ftv64.atsp,0.100000,1241.000000,1781.939977,3.645947
files/ftv64.atsp,0.100000,1241.000000,1782.169683,3.650116
files/ftv64.atsp,0.100000,1241.000000,1782.401130,3.652235
files/ftv64.atsp,0.100000,1241.000000,1782.351016,3.653899
files/ftv64.atsp,0.100000,1241.000000,1782.201804,3.661200
files/ftv64.atsp,0.100000,1241.000000,1781.949324,3.666076
files/ftv64.atsp,0.100000,1241.000000,1781.860517,3.676018
files/ftv64.atsp,0.100000,1241.000000,1781.874157,3.677794
files/ftv64.atsp,0.100000,1241.000000,1781.975309,3.679431
files/ftv64.atsp,0.100000,1241.000000,1781.852018,3.682640
files/ftv64.atsp,0.100000,1241.000000,1781.742441,3.685052
files/ftv64.atsp,0.100000,1241.000000,1781.788591,3.686677
files/ftv64.atsp,0.100000,1241.000000,1781.773184,3.689895
files/ftv64.atsp,0.100000,1241.000000,1781.648438,3.693115
files/ftv64.atsp,0.100000,1241.000000,1781.564103,3.697170
files/ftv64.atsp,0.100000,1241.000000,1781.623608,3.701180
files/ftv64.atsp,0.100000,1241.000000,1781.652948,3.706782
files/ftv64.atsp,0.100000,1241.000000,1781.782222,3.708407
files/ftv64.atsp,0.100000,1241.000000,1781.871254,3.710825
files/ftv64.atsp,0.100000,1241.000000,1781.896896,3.714833
files/ftv64.atsp,0.100000,1241.000000,1781.975637,3.718845
files/ftv64.atsp,0.100000,1241.000000,1782.178097,3.725234
files/ftv64.atsp,0.100000,1241.000000,1782.082873,3.730038
files/ftv64.atsp,0.100000,1241.000000,1782.162252,3.731664
files/ftv64.atsp,0.100000,1241.000000,1782.015436,3.734882
files/ftv64.atsp,0.100000,1241.000000,1781.953744,3.740483
files/ftv64.atsp,0.100000,1241.000000,1782.130913,3.745286
files/ftv64.atsp,0.100000,1241.000000,1782.163736,3.750165
files/ftv64.atsp,0.100000,1241.000000,1782.297475,3.754983
files/ftv64.atsp,0.100000,1241.000000,1782.128289,3.759001
files/ftv64.atsp,0.100000,1241.000000,1782.250821,3.766991
files/ftv64.atsp,0.100000,1241.000000,1782.376368,3.771801
files/ftv64.atsp,0.100000,1241.000000,1782.720219,3.773428
files/ftv64.atsp,0.100000,1241.000000,1782.631004,3.778241
files/ftv64.atsp,0.100000,1241.000000,1782.460196,3.783894
files/ftv64.atsp,0.100000,1241.000000,1782.431373,3.785521
files/ftv64.atsp,0.100000,1241.000000,1782.373232,3.788727
files/ftv64.atsp,0.100000,1241.000000,1782.132609,3.790351
files/ftv64.atsp,0.100000,1241.000000,1782.013029,3.795142
files/ftv64.atsp,0.100000,1241.000000,1781.946855,3.796766
files/ftv64.atsp,0.100000,1241.000000,1781.962080,3.802350
files/ftv64.atsp,0.100000,1241.000000,1781.814935,3.806348
files/ftv64.atsp,0.100000,1241.000000,1781.963243,3.807970
files/ftv64.atsp,0.100000,1241.000000,1781.881210,3.809595
files/ftv64.atsp,0.100000,1241.000000,1782.190939,3.812800
files/ftv64.atsp,0.100000,1241.000000,1782.204741,3.814421
files/ftv64.atsp,0.100000,1241.000000,1782.107643,3.818418
files/ftv64.atsp,0.100000,1241.000000,1782.123656,3.823205
files/ftv64.atsp,0.100000,1241.000000,1782.283566,3.828786
files/ftv64.atsp,0.100000,1241.000000,1782.292918,3.839125
files/ftv64.atsp,0.100000,1241.000000,1782.255091,3.843122
files/ftv64.atsp,0.100000,1241.000000,1782.266595,3.847921
files/ftv64.atsp,0.100000,1241.000000,1782.227807,3.853501
files/ftv64.atsp,0.100000,1241.000000,1782.152778,3.857498
files/ftv64.atsp,0.100000,1241.000000,1782.053362,3.862289
files/ftv64.atsp,0.100000,1241.000000,1782.229211,3.868665
files/ftv64.atsp,0.100000,1241.000000,1782.156550,3.873462
files/ftv64.atsp,0.100000,1241.000000,1781.953191,3.875085
files/ftv64.atsp,0.100000,1241.000000,1782.044633,3.875920
files/ftv64.atsp,0.100000,1241.000000,1781.865180,3.881500
files/ftv64.atsp,0.100000,1241.000000,1781.802757,3.883124
files/ftv64.atsp,0.100000,1241.000000,1781.760593,3.887912
files/ftv64.atsp,0.100000,1241.000000,1781.651852,3.891120
files/ftv64.atsp,0.100000,1241.000000,1781.582452,3.895120
files/ftv64.atsp,0.100000,1241.000000,1781.725449,3.896742
files/ftv64.atsp,0.100000,1241.000000,1781.501055,3.902324
files/ftv64.atsp,0.100000,1241.000000,1781.533193,3.906320
files/ftv64.atsp,0.100000,1241.000000,1781.516842,3.911904
files/ftv64.atsp,0.100000,1241.000000,1781.708728,3.919896
files/ftv64.atsp,0.100000,1241.000000,1781.704832,3.922312
files/ftv64.atsp,0.100000,1241.000000,1781.861490,3.925517
files/ftv64.atsp,0.100000,1241.000000,1781.729560,3.930305
files/ftv64.atsp,0.100000,1241.000000,1781.541361,3.931927
files/ftv64.atsp,0.100000,1241.000000,1781.359833,3.932755
files/ftv64.atsp,0.100000,1241.000000,1781.194357,3.938338
files/ftv64.atsp,0.100000,1241.000000,1781.346555,3.939959
files/ftv64.atsp,0.100000,1241.000000,1781.433785,3.942380
files/ftv64.atsp,0.100000,1241.000000,1781.766667,3.945592
files/ftv64.atsp,0.100000,1241.000000,1781.657648,3.947213
files/ftv64.atsp,0.100000,1241.000000,1782.174636,3.948838
files/ftv64.atsp,0.100000,1241.000000,1782.044652,3.955218
files/ftv64.atsp,0.100000,1241.000000,1781.938797,3.965555
files/ftv64.atsp,0.100000,1241.000000,1781.984456,3.970344
files/ftv64.atsp,0.100000,1241.000000,1781.872671,3.972805
files/ftv64.atsp,0.100000,1241.000000,1781.822130,3.975230
files/ftv64.atsp,0.100000,1241.000000,1781.809917,3.980047
files/ftv64.atsp,0.100000,1241.000000,1781.968008,3.983266
files/ftv64.atsp,0.100000,1241.000000,1782.002062,3.987419
files/ftv64.atsp,0.100000,1241.000000,1781.855819,3.993794
files/ftv64.atsp,0.100000,1241.000000,1781.578189,3.996208
files/ftv64.atsp,0.100000,1241.000000,1781.711202,4.000205
files/ftv64.atsp,0.100000,1241.000000,1781.561602,4.001824
files/ftv64.atsp,0.100000,1241.000000,1782.023590,4.007406
files/ftv64.atsp,0.100000,1241.000000,1782.113730,4.012195
files/ftv64.atsp,0.100000,1241.000000,1781.975435,4.013818
files/ftv64.atsp,0.100000,1241.000000,1781.946830,4.017816
files/ftv64.atsp,0.100000,1241.000000,1781.887640,4.021811
files/ftv64.atsp,0.100000,1241.000000,1781.879592,4.024227
files/ftv64.atsp,0.100000,1241.000000,1781.854230,4.025847
files/ftv64.atsp,0.100000,1241.000000,1781.968432,4.028260
files/ftv64.atsp,0.100000,1241.000000,1782.143438,4.033048
files/ftv64.atsp,0.100000,1241.000000,1782.149390,4.039532
files/ftv64.atsp,0.100000,1241.000000,1781.998985,4.043548
files/ftv64.atsp,0.100000,1241.000000,1782.059838,4.051539
files/ftv64.atsp,0.100000,1241.000000,1781.978723,4.054754
files/ftv64.atsp,0.100000,1241.000000,1782.046559,4.057972
files/ftv64.atsp,0.100000,1241.000000,1781.992922,4.064372
files/ftv64.atsp,0.100000,1241.000000,1781.760606,4.067599
files/ftv64.atsp,0.100000,1241.000000,1781.793138,4.070829
files/ftv64.atsp,0.100000,1241.000000,1781.848790,4.077228
files/ftv64.atsp,0.100000,1241.000000,1781.859013,4.080447
files/ftv64.atsp,0.100000,1241.000000,1781.826962,4.083664
files/ftv64.atsp,0.100000,1241.000000,1781.946734,4.090862
files/ftv64.atsp,0.100000,1241.000000,1781.745984,4.096460
files/ftv64.atsp,0.100000,1241.000000,1781.925777,4.100472
files/ftv64.atsp,0.100000,1241.000000,1782.299599,4.101304
files/ftv64.atsp,0.100000,1241.000000,1782.483483,4.107708
files/ftv64.atsp,0.100000,1241.000000,1782.306000,4.112514
files/ftv64.atsp,0.100000,1241.000000,1782.189810,4.114142
files/ftv64.atsp,0.100000,1241.000000,1782.303393,4.116564
files/ftv64.atsp,0.100000,1241.000000,1782.364905,4.118192
files/ftv64.atsp,0.100000,1241.000000,1782.734064,4.122999
files/ftv64.atsp,0.100000,1241.000000,1782.725373,4.125420
files/ftv64.atsp,0.100000,1241.000000,1782.877734,4.126255
files/ftv64.atsp,0.100000,1241.000000,1782.807349,4.131066
files/ftv64.atsp,0.100000,1241.000000,1782.808532,4.135873
files/ftv64.atsp,0.100000,1241.000000,1782.433102,4.139093
files/ftv64.atsp,0.100000,1241.000000,1782.482178,4.143105
files/ftv64.atsp,0.100000,1241.000000,1782.515331,4.152681
files/ftv64.atsp,0.100000,1241.000000,1782.347826,4.156694
files/ftv64.atsp,0.100000,1241.000000,1782.562685,4.163094
files/ftv64.atsp,0.100000,1241.000000,1782.401381,4.165516
files/ftv64.atsp,0.100000,1241.000000,1782.684729,4.168061
files/ftv64.atsp,0.100000,1241.000000,1782.719488,4.176863
files/ftv64.atsp,0.100000,1241.000000,1782.610619,4.179294
files/ftv64.atsp,0.100000,1241.000000,1782.460707,4.180922
files/ftv64.atsp,0.100000,1241.000000,1782.452404,4.184144
files/ftv64.atsp,0.100000,1241.000000,1782.583333,4.189742
files/ftv64.atsp,0.100000,1241.000000,1782.767875,4.190577
files/ftv64.atsp,0.100000,1241.000000,1782.874755,4.194585
files/ftv64.atsp,0.100000,1241.000000,1783.004888,4.196208
files/ftv64.atsp,0.100000,1241.000000,1782.872070,4.203391
files/ftv64.atsp,0.100000,1241.000000,1782.936585,4.208181
files/ftv64.atsp,0.100000,1241.000000,1782.822612,4.213779
files/ftv64.atsp,0.100000,1241.000000,1782.828627,4.225015
files/ftv64.atsp,0.100000,1241.000000,1782.903696,4.231422
files/ftv64.atsp,0.100000,1241.000000,1782.979592,4.233052
files/ftv64.atsp,0.100000,1241.000000,1783.002913,4.236273
files/ftv64.atsp,0.100000,1241.000000,1782.958293,4.237901
files/ftv64.atsp,0.100000,1241.000000,1782.973837,4.240325
files/ftv64.atsp,0.100000,1241.000000,1783.219748,4.244341
files/ftv64.atsp,0.100000,1241.000000,1782.981625,4.246762
files/ftv64.atsp,0.100000,1241.000000,1782.787440,4.252373
files/ftv64.atsp,0.100000,1241.000000,1782.837838,4.258816
files/ftv64.atsp,0.100000,1241.000000,1782.870781,4.262827
files/ftv64.atsp,0.100000,1241.000000,1783.180154,4.264457
files/ftv64.atsp,0.100000,1241.000000,1783.124158,4.268484
files/ftv64.atsp,0.100000,1241.000000,1783.059615,4.271758
files/ftv64.atsp,0.100000,1241.000000,1783.421710,4.274194
files/ftv64.atsp,0.100000,1241.000000,1783.816699,4.278208
files/ftv64.atsp,0.100000,1241.000000,1783.744008,4.282222
files/ftv64.atsp,0.100000,1241.000000,1783.578544,4.284692
files/ftv64.atsp,0.100000,1241.000000,1783.579904,4.287118
files/ftv64.atsp,0.100000,1241.000000,1783.614723,4.290337
files/ftv64.atsp,0.100000,1241.000000,1783.571156,4.293557
files/ftv64.atsp,0.100000,1241.000000,1783.530534,4.295188
files/ftv64.atsp,0.100000,1241.000000,1783.496663,4.303972
files/ftv64.atsp,0.100000,1241.000000,1783.426667,4.311964
files/ftv64.atsp,0.100000,1241.000000,1783.347288,4.315530
files/ftv64.atsp,0.100000,1241.000000,1783.441065,4.320351
files/ftv64.atsp,0.100000,1241.000000,1783.340931,4.324367
files/ftv64.atsp,0.100000,1241.000000,1783.146110,4.326790
files/ftv64.atsp,0.100000,1241.000000,1783.089100,4.329202
files/ftv64.atsp,0.100000,1241.000000,1783.152462,4.337170
