files/ftv64.atsp,0.200000,2400.000000,2400.000000,0.026428
files/ftv64.atsp,0.200000,2400.000000,2564.500000,0.041614
files/ftv64.atsp,0.200000,2054.000000,2394.333333,0.071235
files/ftv64.atsp,0.200000,2054.000000,2374.000000,0.084007
files/ftv64.atsp,0.200000,2054.000000,2338.200000,0.102387
files/ftv64.atsp,0.200000,1997.000000,2281.333333,0.129597
files/ftv64.atsp,0.200000,1997.000000,2283.428571,0.150502
files/ftv64.atsp,0.200000,1997.000000,2271.375000,0.177990
files/ftv64.atsp,0.200000,1997.000000,2287.777778,0.204459
files/ftv64.atsp,0.200000,1997.000000,2331.900000,0.218042
files/ftv64.atsp,0.200000,1997.000000,2349.454545,0.230825
files/ftv64.atsp,0.200000,1997.000000,2351.333333,0.256410
files/ftv64.atsp,0.200000,1997.000000,2335.307692,0.280397
files/ftv64.atsp,0.200000,1997.000000,2364.000000,0.299590
files/ftv64.atsp,0.200000,1997.000000,2388.066667,0.307594
files/ftv64.atsp,0.200000,1997.000000,2402.750000,0.334592
files/ftv64.atsp,0.200000,1997.000000,2401.764706,0.367960
files/ftv64.atsp,0.200000,1997.000000,2413.222222,0.383867
files/ftv64.atsp,0.200000,1997.000000,2430.157895,0.395009
files/ftv64.atsp,0.200000,1997.000000,2433.900000,0.410915
files/ftv64.atsp,0.200000,1997.000000,2442.619048,0.423656
files/ftv64.atsp,0.200000,1997.000000,2457.045455,0.434030
files/ftv64.atsp,0.200000,1997.000000,2452.130435,0.455594
files/ftv64.atsp,0.200000,1997.000000,2443.958333,0.476417
files/ftv64.atsp,0.200000,1997.000000,2443.360000,0.493252
files/ftv64.atsp,0.200000,1997.000000,2443.769231,0.516456
files/ftv64.atsp,0.200000,1997.000000,2450.592593,0.526054
files/ftv64.atsp,0.200000,1997.000000,2452.535714,0.538040
files/ftv64.atsp,0.200000,1997.000000,2446.310345,0.570869
files/ftv64.atsp,0.200000,1904.000000,2428.233333,0.608505
files/ftv64.atsp,0.200000,1904.000000,2437.000000,0.623691
files/ftv64.atsp,0.200000,1904.000000,2437.468750,0.646948
files/ftv64.atsp,0.200000,1904.000000,2433.969697,0.668245
files/ftv64.atsp,0.200000,1904.000000,2446.852941,0.678662
files/ftv64.atsp,0.200000,1904.000000,2449.000000,0.702742
files/ftv64.atsp,0.200000,1904.000000,2457.166667,0.714705
files/ftv64.atsp,0.200000,1904.000000,2459.162162,0.729833
files/ftv64.atsp,0.200000,1904.000000,2462.578947,0.749285
files/ftv64.atsp,0.200000,1904.000000,2456.794872,0.778922
files/ftv64.atsp,0.200000,1904.000000,2464.925000,0.799661
files/ftv64.atsp,0.200000,1904.000000,2466.097561,0.814828
files/ftv64.atsp,0.200000,1904.000000,2460.523810,0.836350
files/ftv64.atsp,0.200000,1904.000000,2452.906977,0.869977
files/ftv64.atsp,0.200000,1904.000000,2457.318182,0.885146
files/ftv64.atsp,0.200000,1904.000000,2455.511111,0.910656
files/ftv64.atsp,0.200000,1904.000000,2452.456522,0.933001
files/ftv64.atsp,0.200000,1904.000000,2445.574468,0.963692
files/ftv64.atsp,0.200000,1904.000000,2449.229167,0.976467
files/ftv64.atsp,0.200000,1904.000000,2446.755102,0.992547
files/ftv64.atsp,0.200000,1904.000000,2445.780000,1.022111
files/ftv64.atsp,0.200000,1904.000000,2453.392157,1.039655
files/ftv64.atsp,0.200000,1904.000000,2459.019231,1.056431
files/ftv64.atsp,0.200000,1904.000000,2457.377358,1.071585
files/ftv64.atsp,0.200000,1904.000000,2455.851852,1.091548
files/ftv64.atsp,0.200000,1904.000000,2456.527273,1.102723
files/ftv64.atsp,0.200000,1904.000000,2458.660714,1.125834
files/ftv64.atsp,0.200000,1904.000000,2455.228070,1.146591
files/ftv64.atsp,0.200000,1904.000000,2447.672414,1.177145
files/ftv64.atsp,0.200000,1904.000000,2446.966102,1.198833
files/ftv64.atsp,0.200000,1904.000000,2441.333333,1.232192
files/ftv64.atsp,0.200000,1904.000000,2443.262295,1.244995
files/ftv64.atsp,0.200000,1904.000000,2446.677419,1.263425
files/ftv64.atsp,0.200000,1904.000000,2452.746032,1.283403
files/ftv64.atsp,0.200000,1904.000000,2447.921875,1.302577
files/ftv64.atsp,0.200000,1904.000000,2447.030769,1.316290
files/ftv64.atsp,0.200000,1904.000000,2443.136364,1.339705
files/ftv64.atsp,0.200000,1904.000000,2438.014925,1.368592
files/ftv64.atsp,0.200000,1904.000000,2435.544118,1.388575
files/ftv64.atsp,0.200000,1904.000000,2433.855072,1.399779
files/ftv64.atsp,0.200000,1904.000000,2438.171429,1.414961
files/ftv64.atsp,0.200000,1904.000000,2435.366197,1.432536
files/ftv64.atsp,0.200000,1904.000000,2434.861111,1.453389
files/ftv64.atsp,0.200000,1904.000000,2438.616438,1.464580
files/ftv64.atsp,0.200000,1904.000000,2441.108108,1.473757
files/ftv64.atsp,0.200000,1904.000000,2440.306667,1.489728
files/ftv64.atsp,0.200000,1904.000000,2439.407895,1.507301
files/ftv64.atsp,0.200000,1904.000000,2440.818182,1.522454
files/ftv64.atsp,0.200000,1904.000000,2440.076923,1.540799
files/ftv64.atsp,0.200000,1904.000000,2439.759494,1.555959
files/ftv64.atsp,0.200000,1904.000000,2442.962500,1.570312
files/ftv64.atsp,0.200000,1904.000000,2437.851852,1.592704
files/ftv64.atsp,0.200000,1904.000000,2439.792683,1.604701
files/ftv64.atsp,0.200000,1904.000000,2438.867470,1.625537
files/ftv64.atsp,0.200000,1904.000000,2437.130952,1.657032
files/ftv64.atsp,0.200000,1904.000000,2438.176471,1.673047
files/ftv64.atsp,0.200000,1904.000000,2441.081395,1.692622
files/ftv64.atsp,0.200000,1904.000000,2438.045977,1.720679
files/ftv64.atsp,0.200000,1904.000000,2441.340909,1.731898
files/ftv64.atsp,0.200000,1904.000000,2442.112360,1.750257
files/ftv64.atsp,0.200000,1904.000000,2441.211111,1.762255
files/ftv64.atsp,0.200000,1904.000000,2442.516484,1.776663
files/ftv64.atsp,0.200000,1904.000000,2442.750000,1.785468
files/ftv64.atsp,0.200000,1904.000000,2441.408602,1.803848
files/ftv64.atsp,0.200000,1904.000000,2440.297872,1.827030
files/ftv64.atsp,0.200000,1904.000000,2440.547368,1.841161
files/ftv64.atsp,0.200000,1904.000000,2442.968750,1.858788
files/ftv64.atsp,0.200000,1904.000000,2443.835052,1.871598
files/ftv64.atsp,0.200000,1904.000000,2442.663265,1.898858
files/ftv64.atsp,0.200000,1904.000000,2443.606061,1.912423
files/ftv64.atsp,0.200000,1904.000000,2445.390000,1.928421
files/ftv64.atsp,0.200000,1904.000000,2448.217822,1.945951
files/ftv64.atsp,0.200000,1904.000000,2448.647059,1.959548
files/ftv64.atsp,0.200000,1904.000000,2449.058252,1.975560
files/ftv64.atsp,0.200000,1904.000000,2450.278846,1.989293
files/ftv64.atsp,0.200000,1904.000000,2450.704762,2.008460
files/ftv64.atsp,0.200000,1904.000000,2448.575472,2.029268
files/ftv64.atsp,0.200000,1904.000000,2450.214953,2.038868
files/ftv64.atsp,0.200000,1904.000000,2450.046296,2.068562
files/ftv64.atsp,0.200000,1904.000000,2453.366972,2.082956
files/ftv64.atsp,0.200000,1904.000000,2452.063636,2.100527
files/ftv64.atsp,0.200000,1904.000000,2451.477477,2.116532
files/ftv64.atsp,0.200000,1904.000000,2454.866071,2.125315
files/ftv64.atsp,0.200000,1904.000000,2453.672566,2.141829
files/ftv64.atsp,0.200000,1904.000000,2455.078947,2.160533
files/ftv64.atsp,0.200000,1904.000000,2453.747826,2.182948
files/ftv64.atsp,0.200000,1904.000000,2455.508621,2.199754
files/ftv64.atsp,0.200000,1904.000000,2454.863248,2.227121
files/ftv64.atsp,0.200000,1904.000000,2457.381356,2.240795
files/ftv64.atsp,0.200000,1904.000000,2460.521008,2.263999
files/ftv64.atsp,0.200000,1904.000000,2460.450000,2.279991
files/ftv64.atsp,0.200000,1904.000000,2459.892562,2.311989
files/ftv64.atsp,0.200000,1904.000000,2459.573770,2.332121
files/ftv64.atsp,0.200000,1904.000000,2457.943089,2.357182
files/ftv64.atsp,0.200000,1904.000000,2462.177419,2.370780
files/ftv64.atsp,0.200000,1904.000000,2459.816000,2.396776
files/ftv64.atsp,0.200000,1904.000000,2459.103175,2.423480
files/ftv64.atsp,0.200000,1904.000000,2457.889764,2.443512
files/ftv64.atsp,0.200000,1904.000000,2458.320312,2.461962
files/ftv64.atsp,0.200000,1904.000000,2455.697674,2.493944
files/ftv64.atsp,0.200000,1904.000000,2458.069231,2.513923
files/ftv64.atsp,0.200000,1904.000000,2461.206107,2.537105
files/ftv64.atsp,0.200000,1904.000000,2459.174242,2.568484
files/ftv64.atsp,0.200000,1904.000000,2459.932331,2.586070
files/ftv64.atsp,0.200000,1904.000000,2458.343284,2.613446
files/ftv64.atsp,0.200000,1904.000000,2458.177778,2.628646
files/ftv64.atsp,0.200000,1904.000000,2460.367647,2.642245
files/ftv64.atsp,0.200000,1904.000000,2463.240876,2.658384
files/ftv64.atsp,0.200000,1904.000000,2461.405797,2.678319
files/ftv64.atsp,0.200000,1904.000000,2460.402878,2.706369
files/ftv64.atsp,0.200000,1904.000000,2459.650000,2.725590
files/ftv64.atsp,0.200000,1904.000000,2460.283688,2.750391
files/ftv64.atsp,0.200000,1904.000000,2460.267606,2.763971
files/ftv64.atsp,0.200000,1904.000000,2461.503497,2.785560
files/ftv64.atsp,0.200000,1904.000000,2459.784722,2.807190
files/ftv64.atsp,0.200000,1904.000000,2459.724138,2.833552
files/ftv64.atsp,0.200000,1904.000000,2459.500000,2.857563
files/ftv64.atsp,0.200000,1904.000000,2460.700680,2.867951
files/ftv64.atsp,0.200000,1904.000000,2459.898649,2.903349
files/ftv64.atsp,0.200000,1904.000000,2457.456376,2.927977
files/ftv64.atsp,0.200000,1904.000000,2458.513333,2.942343
files/ftv64.atsp,0.200000,1904.000000,2458.205298,2.964898
files/ftv64.atsp,0.200000,1904.000000,2458.960526,2.978538
files/ftv64.atsp,0.200000,1904.000000,2460.202614,2.988925
files/ftv64.atsp,0.200000,1904.000000,2461.220779,3.010498
files/ftv64.atsp,0.200000,1904.000000,2462.948387,3.022459
files/ftv64.atsp,0.200000,1904.000000,2463.153846,3.043346
files/ftv64.atsp,0.200000,1904.000000,2463.554140,3.060916
files/ftv64.atsp,0.200000,1904.000000,2463.974684,3.078518
files/ftv64.atsp,0.200000,1904.000000,2463.905660,3.093734
files/ftv64.atsp,0.200000,1904.000000,2461.856250,3.129773
files/ftv64.atsp,0.200000,1904.000000,2462.105590,3.151518
files/ftv64.atsp,0.200000,1904.000000,2462.209877,3.178012
files/ftv64.atsp,0.200000,1904.000000,2462.208589,3.189230
files/ftv64.atsp,0.200000,1904.000000,2461.841463,3.214032
files/ftv64.atsp,0.200000,1904.000000,2461.109091,3.240482
files/ftv64.atsp,0.200000,1904.000000,2459.204819,3.265534
files/ftv64.atsp,0.200000,1904.000000,2460.562874,3.288388
files/ftv64.atsp,0.200000,1904.000000,2458.517857,3.319986
files/ftv64.atsp,0.200000,1904.000000,2458.289941,3.336455
files/ftv64.atsp,0.200000,1904.000000,2458.388235,3.357454
files/ftv64.atsp,0.200000,1904.000000,2456.988304,3.378263
files/ftv64.atsp,0.200000,1904.000000,2456.017442,3.399106
files/ftv64.atsp,0.200000,1904.000000,2456.583815,3.424227
files/ftv64.atsp,0.200000,1904.000000,2458.522989,3.431447
files/ftv64.atsp,0.200000,1904.000000,2457.720000,3.446647
files/ftv64.atsp,0.200000,1904.000000,2459.914773,3.465072
files/ftv64.atsp,0.200000,1904.000000,2460.118644,3.479469
files/ftv64.atsp,0.200000,1904.000000,2461.831461,3.493072
files/ftv64.atsp,0.200000,1904.000000,2462.413408,3.513905
files/ftv64.atsp,0.200000,1904.000000,2461.461111,3.527506
files/ftv64.atsp,0.200000,1904.000000,2461.508287,3.546696
files/ftv64.atsp,0.200000,1904.000000,2461.434066,3.578692
files/ftv64.atsp,0.200000,1904.000000,2461.863388,3.593100
files/ftv64.atsp,0.200000,1904.000000,2461.157609,3.609089
files/ftv64.atsp,0.200000,1904.000000,2462.140541,3.621884
files/ftv64.atsp,0.200000,1904.000000,2462.080645,3.641039
files/ftv64.atsp,0.200000,1904.000000,2464.139037,3.654000
files/ftv64.atsp,0.200000,1904.000000,2463.446809,3.689973
files/ftv64.atsp,0.200000,1904.000000,2462.746032,3.705088
files/ftv64.atsp,0.200000,1904.000000,2462.321053,3.720313
files/ftv64.atsp,0.200000,1904.000000,2462.314136,3.749887
files/ftv64.atsp,0.200000,1904.000000,2462.192708,3.765065
files/ftv64.atsp,0.200000,1904.000000,2462.305699,3.781847
files/ftv64.atsp,0.200000,1904.000000,2461.984536,3.809895
files/ftv64.atsp,0.200000,1904.000000,2462.307692,3.834579
files/ftv64.atsp,0.200000,1904.000000,2462.841837,3.855418
files/ftv64.atsp,0.200000,1904.000000,2462.010152,3.876160
files/ftv64.atsp,0.200000,1904.000000,2462.262626,3.896944
files/ftv64.atsp,0.200000,1904.000000,2464.005025,3.906587
files/ftv64.atsp,0.200000,1904.000000,2463.920000,3.924970
files/ftv64.atsp,0.200000,1904.000000,2463.323383,3.940965
files/ftv64.atsp,0.200000,1904.000000,2464.752475,3.950558
files/ftv64.atsp,0.200000,1904.000000,2463.931034,3.973886
files/ftv64.atsp,0.200000,1904.000000,2463.436275,3.989058
files/ftv64.atsp,0.200000,1904.000000,2462.346341,4.013834
files/ftv64.atsp,0.200000,1904.000000,2461.883495,4.043440
files/ftv64.atsp,0.200000,1904.000000,2461.603865,4.074649
files/ftv64.atsp,0.200000,1904.000000,2462.211538,4.105883
files/ftv64.atsp,0.200000,1904.000000,2460.918660,4.127424
files/ftv64.atsp,0.200000,1904.000000,2462.171429,4.137813
files/ftv64.atsp,0.200000,1904.000000,2461.208531,4.154729
files/ftv64.atsp,0.200000,1904.000000,2459.287736,4.183709
files/ftv64.atsp,0.200000,1904.000000,2459.164319,4.216454
files/ftv64.atsp,0.200000,1904.000000,2459.271028,4.239634
files/ftv64.atsp,0.200000,1904.000000,2460.046512,4.254760
files/ftv64.atsp,0.200000,1904.000000,2458.865741,4.274695
files/ftv64.atsp,0.200000,1904.000000,2459.009217,4.293009
files/ftv64.atsp,0.200000,1904.000000,2458.018349,4.318722
files/ftv64.atsp,0.200000,1904.000000,2456.977169,4.344131
