files/ftv64.atsp,0.300000,2875.000000,2875.000000,0.034571
files/ftv64.atsp,0.300000,2652.000000,2763.500000,0.070026
files/ftv64.atsp,0.300000,2652.000000,2770.333333,0.098021
files/ftv64.atsp,0.300000,2652.000000,2823.500000,0.128627
files/ftv64.atsp,0.300000,2652.000000,2821.000000,0.149473
files/ftv64.atsp,0.300000,2473.000000,2763.000000,0.207399
files/ftv64.atsp,0.300000,2473.000000,2777.714286,0.234699
files/ftv64.atsp,0.300000,2346.000000,2723.750000,0.283990
files/ftv64.atsp,0.300000,2306.000000,2677.333333,0.328298
files/ftv64.atsp,0.300000,2306.000000,2671.000000,0.368499
files/ftv64.atsp,0.300000,2306.000000,2669.181818,0.417004
files/ftv64.atsp,0.300000,2306.000000,2690.500000,0.459670
files/ftv64.atsp,0.300000,2306.000000,2720.461538,0.480478
files/ftv64.atsp,0.300000,2306.000000,2738.071429,0.515069
files/ftv64.atsp,0.300000,2306.000000,2752.200000,0.557656
files/ftv64.atsp,0.300000,2306.000000,2750.187500,0.609851
files/ftv64.atsp,0.300000,2306.000000,2760.058824,0.635503
files/ftv64.atsp,0.300000,2306.000000,2758.388889,0.673263
files/ftv64.atsp,0.300000,2306.000000,2764.000000,0.710927
files/ftv64.atsp,0.300000,2306.000000,2767.900000,0.753876
files/ftv64.atsp,0.300000,2306.000000,2784.476190,0.795575
files/ftv64.atsp,0.300000,2306.000000,2787.090909,0.835987
files/ftv64.atsp,0.300000,2306.000000,2795.043478,0.871460
files/ftv64.atsp,0.300000,2306.000000,2786.541667,0.924978
files/ftv64.atsp,0.300000,2306.000000,2795.640000,0.963520
files/ftv64.atsp,0.300000,2306.000000,2809.230769,0.999787
files/ftv64.atsp,0.300000,2306.000000,2812.296296,1.035792
files/ftv64.atsp,0.300000,2306.000000,2807.678571,1.067110
files/ftv64.atsp,0.300000,2306.000000,2815.482759,1.090219
files/ftv64.atsp,0.300000,2306.000000,2807.933333,1.130628
files/ftv64.atsp,0.300000,2306.000000,2802.838710,1.161094
files/ftv64.atsp,0.300000,2306.000000,2803.562500,1.201238
files/ftv64.atsp,0.300000,2306.000000,2810.545455,1.232635
files/ftv64.atsp,0.300000,2306.000000,2805.205882,1.259968
files/ftv64.atsp,0.300000,2306.000000,2805.914286,1.289728
files/ftv64.atsp,0.300000,2306.000000,2797.944444,1.337719
files/ftv64.atsp,0.300000,2306.000000,2809.270270,1.366621
files/ftv64.atsp,0.300000,2306.000000,2822.105263,1.401298
files/ftv64.atsp,0.300000,2306.000000,2826.564103,1.436583
files/ftv64.atsp,0.300000,2306.000000,2818.675000,1.479271
files/ftv64.atsp,0.300000,2306.000000,2815.268293,1.521021
files/ftv64.atsp,0.300000,2306.000000,2805.404762,1.560794
files/ftv64.atsp,0.300000,2306.000000,2803.767442,1.604486
files/ftv64.atsp,0.300000,2306.000000,2806.704545,1.638967
files/ftv64.atsp,0.300000,2306.000000,2805.311111,1.681356
files/ftv64.atsp,0.300000,2306.000000,2801.891304,1.719066
files/ftv64.atsp,0.300000,2306.000000,2801.042553,1.756868
files/ftv64.atsp,0.300000,2306.000000,2798.104167,1.784910
files/ftv64.atsp,0.300000,2306.000000,2800.183673,1.815698
files/ftv64.atsp,0.300000,2306.000000,2799.500000,1.851014
files/ftv64.atsp,0.300000,2306.000000,2791.470588,1.885467
files/ftv64.atsp,0.300000,2306.000000,2789.211538,1.928807
files/ftv64.atsp,0.300000,2306.000000,2782.358491,1.984396
files/ftv64.atsp,0.300000,2306.000000,2780.240741,2.021009
files/ftv64.atsp,0.300000,2306.000000,2778.654545,2.059071
files/ftv64.atsp,0.300000,2306.000000,2780.125000,2.086644
files/ftv64.atsp,0.300000,2306.000000,2780.070175,2.128497
files/ftv64.atsp,0.300000,2306.000000,2780.741379,2.162920
files/ftv64.atsp,0.300000,2306.000000,2779.135593,2.190912
files/ftv64.atsp,0.300000,2306.000000,2778.916667,2.229458
files/ftv64.atsp,0.300000,2306.000000,2785.573770,2.255041
files/ftv64.atsp,0.300000,2306.000000,2778.709677,2.298603
files/ftv64.atsp,0.300000,2306.000000,2779.126984,2.332558
files/ftv64.atsp,0.300000,2306.000000,2783.765625,2.361487
files/ftv64.atsp,0.300000,2306.000000,2779.753846,2.406069
files/ftv64.atsp,0.300000,2306.000000,2779.727273,2.454138
files/ftv64.atsp,0.300000,2286.000000,2772.358209,2.506631
files/ftv64.atsp,0.300000,2286.000000,2777.352941,2.537914
files/ftv64.atsp,0.300000,2286.000000,2776.014493,2.572583
files/ftv64.atsp,0.300000,2286.000000,2779.814286,2.606300
files/ftv64.atsp,0.300000,2286.000000,2781.605634,2.637608
files/ftv64.atsp,0.300000,2286.000000,2778.250000,2.676035
files/ftv64.atsp,0.300000,2286.000000,2775.520548,2.716898
files/ftv64.atsp,0.300000,2286.000000,2775.648649,2.755539
files/ftv64.atsp,0.300000,2286.000000,2779.653333,2.793897
files/ftv64.atsp,0.300000,2286.000000,2776.473684,2.833709
files/ftv64.atsp,0.300000,2286.000000,2773.948052,2.873217
files/ftv64.atsp,0.300000,2286.000000,2777.679487,2.902063
files/ftv64.atsp,0.300000,2286.000000,2778.746835,2.939606
files/ftv64.atsp,0.300000,2286.000000,2782.325000,2.962027
files/ftv64.atsp,0.300000,2286.000000,2786.456790,2.994406
files/ftv64.atsp,0.300000,2286.000000,2783.914634,3.022525
files/ftv64.atsp,0.300000,2286.000000,2781.373494,3.068324
files/ftv64.atsp,0.300000,2286.000000,2782.797619,3.109242
files/ftv64.atsp,0.300000,2286.000000,2785.894118,3.138064
files/ftv64.atsp,0.300000,2286.000000,2789.325581,3.177443
files/ftv64.atsp,0.300000,2286.000000,2790.643678,3.218679
files/ftv64.atsp,0.300000,2286.000000,2793.022727,3.267036
files/ftv64.atsp,0.300000,2286.000000,2797.033708,3.322728
files/ftv64.atsp,0.300000,2286.000000,2800.544444,3.344435
files/ftv64.atsp,0.300000,2286.000000,2805.659341,3.380029
files/ftv64.atsp,0.300000,2286.000000,2807.804348,3.428258
files/ftv64.atsp,0.300000,2286.000000,2807.860215,3.491060
files/ftv64.atsp,0.300000,2286.000000,2804.553191,3.559109
files/ftv64.atsp,0.300000,2286.000000,2801.200000,3.605771
files/ftv64.atsp,0.300000,2286.000000,2800.375000,3.668247
files/ftv64.atsp,0.300000,2286.000000,2798.639175,3.715444
files/ftv64.atsp,0.300000,2286.000000,2800.724490,3.759538
files/ftv64.atsp,0.300000,2286.000000,2800.878788,3.806823
files/ftv64.atsp,0.300000,2286.000000,2796.800000,3.863737
files/ftv64.atsp,0.300000,2286.000000,2795.475248,3.904033
files/ftv64.atsp,0.300000,2286.000000,2794.431373,3.942443
files/ftv64.atsp,0.300000,2286.000000,2796.485437,3.976572
files/ftv64.atsp,0.300000,2286.000000,2792.403846,4.026566
files/ftv64.atsp,0.300000,2286.000000,2789.142857,4.061201
files/ftv64.atsp,0.300000,2286.000000,2792.330189,4.094063
files/ftv64.atsp,0.300000,2286.000000,2794.869159,4.126569
files/ftv64.atsp,0.300000,2286.000000,2794.361111,4.165010
files/ftv64.atsp,0.300000,2286.000000,2795.431193,4.188256
files/ftv64.atsp,0.300000,2286.000000,2797.081818,4.227406
files/ftv64.atsp,0.300000,2286.000000,2798.459459,4.256953
files/ftv64.atsp,0.300000,2286.000000,2798.607143,4.289121
files/ftv64.atsp,0.300000,2286.000000,2796.902655,4.322307
files/ftv64.atsp,0.300000,2286.000000,2795.929825,4.357541
