files/ftv64.atsp,0.400000,3369.000000,3369.000000,0.052333
files/ftv64.atsp,0.400000,2899.000000,3134.000000,0.097555
files/ftv64.atsp,0.400000,2899.000000,3097.000000,0.156608
files/ftv64.atsp,0.400000,2899.000000,3202.750000,0.209369
files/ftv64.atsp,0.400000,2899.000000,3310.000000,0.238228
files/ftv64.atsp,0.400000,2899.000000,3257.500000,0.302134
files/ftv64.atsp,0.400000,2899.000000,3222.142857,0.344037
files/ftv64.atsp,0.400000,2899.000000,3189.125000,0.401939
files/ftv64.atsp,0.400000,2810.000000,3147.000000,0.463994
files/ftv64.atsp,0.400000,2810.000000,3185.900000,0.508033
files/ftv64.atsp,0.400000,2810.000000,3199.909091,0.553908
files/ftv64.atsp,0.400000,2810.000000,3186.000000,0.599133
files/ftv64.atsp,0.400000,2810.000000,3190.923077,0.657643
files/ftv64.atsp,0.400000,2810.000000,3181.214286,0.717460
files/ftv64.atsp,0.400000,2720.000000,3150.466667,0.778641
files/ftv64.atsp,0.400000,2720.000000,3136.812500,0.834819
files/ftv64.atsp,0.400000,2720.000000,3150.352941,0.884000
files/ftv64.atsp,0.400000,2720.000000,3146.277778,0.929832
files/ftv64.atsp,0.400000,2720.000000,3124.842105,0.993626
files/ftv64.atsp,0.400000,2720.000000,3128.550000,1.050613
files/ftv64.atsp,0.400000,2720.000000,3128.000000,1.122255
files/ftv64.atsp,0.400000,2720.000000,3147.409091,1.170730
files/ftv64.atsp,0.400000,2720.000000,3157.391304,1.214104
files/ftv64.atsp,0.400000,2720.000000,3170.375000,1.256717
files/ftv64.atsp,0.400000,2720.000000,3169.840000,1.312466
files/ftv64.atsp,0.400000,2720.000000,3174.576923,1.357545
files/ftv64.atsp,0.400000,2720.000000,3172.259259,1.408312
files/ftv64.atsp,0.400000,2720.000000,3167.928571,1.479258
files/ftv64.atsp,0.400000,2720.000000,3158.172414,1.534931
files/ftv64.atsp,0.400000,2720.000000,3151.533333,1.591813
files/ftv64.atsp,0.400000,2720.000000,3165.516129,1.639206
files/ftv64.atsp,0.400000,2720.000000,3154.156250,1.693344
files/ftv64.atsp,0.400000,2720.000000,3148.333333,1.748085
files/ftv64.atsp,0.400000,2720.000000,3153.970588,1.790049
files/ftv64.atsp,0.400000,2720.000000,3162.800000,1.823822
files/ftv64.atsp,0.400000,2720.000000,3151.111111,1.893663
files/ftv64.atsp,0.400000,2604.000000,3136.324324,1.957042
files/ftv64.atsp,0.400000,2604.000000,3126.184211,2.012308
files/ftv64.atsp,0.400000,2604.000000,3125.435897,2.067156
files/ftv64.atsp,0.400000,2604.000000,3117.400000,2.108049
files/ftv64.atsp,0.400000,2604.000000,3112.951220,2.155265
files/ftv64.atsp,0.400000,2604.000000,3112.404762,2.202585
files/ftv64.atsp,0.400000,2604.000000,3110.395349,2.253453
files/ftv64.atsp,0.400000,2604.000000,3113.681818,2.302495
files/ftv64.atsp,0.400000,2604.000000,3108.844444,2.361655
files/ftv64.atsp,0.400000,2604.000000,3109.347826,2.405021
files/ftv64.atsp,0.400000,2604.000000,3113.425532,2.449304
files/ftv64.atsp,0.400000,2604.000000,3106.541667,2.526415
files/ftv64.atsp,0.400000,2604.000000,3116.244898,2.572350
files/ftv64.atsp,0.400000,2604.000000,3110.520000,2.634981
files/ftv64.atsp,0.400000,2604.000000,3104.588235,2.694643
files/ftv64.atsp,0.400000,2604.000000,3107.000000,2.751932
files/ftv64.atsp,0.400000,2604.000000,3106.981132,2.800482
files/ftv64.atsp,0.400000,2604.000000,3110.703704,2.838552
files/ftv64.atsp,0.400000,2604.000000,3114.345455,2.902187
files/ftv64.atsp,0.400000,2604.000000,3114.089286,2.950167
files/ftv64.atsp,0.400000,2604.000000,3106.403509,3.006223
files/ftv64.atsp,0.400000,2604.000000,3099.258621,3.076414
files/ftv64.atsp,0.400000,2604.000000,3096.118644,3.127960
files/ftv64.atsp,0.400000,2604.000000,3096.550000,3.208669
files/ftv64.atsp,0.400000,2604.000000,3095.508197,3.277831
files/ftv64.atsp,0.400000,2604.000000,3096.774194,3.334084
files/ftv64.atsp,0.400000,2604.000000,3096.126984,3.379242
files/ftv64.atsp,0.400000,2604.000000,3105.015625,3.415867
files/ftv64.atsp,0.400000,2479.000000,3095.384615,3.477795
files/ftv64.atsp,0.400000,2479.000000,3090.090909,3.551349
files/ftv64.atsp,0.400000,2479.000000,3083.567164,3.614854
files/ftv64.atsp,0.400000,2479.000000,3084.661765,3.666664
files/ftv64.atsp,0.400000,2479.000000,3085.913043,3.716765
files/ftv64.atsp,0.400000,2479.000000,3083.342857,3.799804
files/ftv64.atsp,0.400000,2479.000000,3080.309859,3.859128
files/ftv64.atsp,0.400000,2479.000000,3076.666667,3.913756
files/ftv64.atsp,0.400000,2479.000000,3075.753425,3.954081
files/ftv64.atsp,0.400000,2479.000000,3071.837838,4.013258
files/ftv64.atsp,0.400000,2479.000000,3068.453333,4.067850
files/ftv64.atsp,0.400000,2479.000000,3068.513158,4.119062
files/ftv64.atsp,0.400000,2479.000000,3062.181818,4.174825
files/ftv64.atsp,0.400000,2479.000000,3061.782051,4.224710
files/ftv64.atsp,0.400000,2479.000000,3062.784810,4.292473
files/ftv64.atsp,0.400000,2479.000000,3060.262500,4.363174
