files/ftv64.atsp,0.500000,2900.000000,2900.000000,0.066037
files/ftv64.atsp,0.500000,2900.000000,3026.000000,0.144635
files/ftv64.atsp,0.500000,2667.000000,2906.333333,0.258204
files/ftv64.atsp,0.500000,2667.000000,2930.000000,0.333694
files/ftv64.atsp,0.500000,2667.000000,2906.800000,0.415111
files/ftv64.atsp,0.500000,2667.000000,2894.000000,0.499899
files/ftv64.atsp,0.500000,2667.000000,2890.142857,0.569176
files/ftv64.atsp,0.500000,2667.000000,2875.750000,0.628821
files/ftv64.atsp,0.500000,2667.000000,2897.888889,0.696766
files/ftv64.atsp,0.500000,2667.000000,2907.200000,0.756449
files/ftv64.atsp,0.500000,2667.000000,2934.454545,0.816255
files/ftv64.atsp,0.500000,2667.000000,2918.166667,0.903727
files/ftv64.atsp,0.500000,2667.000000,2931.538462,0.981689
files/ftv64.atsp,0.500000,2667.000000,2956.214286,1.041833
files/ftv64.atsp,0.500000,2667.000000,2950.533333,1.133109
files/ftv64.atsp,0.500000,2639.000000,2931.062500,1.294731
files/ftv64.atsp,0.500000,2639.000000,2931.058824,1.468752
files/ftv64.atsp,0.500000,2639.000000,2937.333333,1.621618
files/ftv64.atsp,0.500000,2639.000000,2933.684211,1.756964
files/ftv64.atsp,0.500000,2639.000000,2959.050000,1.844179
files/ftv64.atsp,0.500000,2639.000000,2978.428571,1.925299
files/ftv64.atsp,0.500000,2639.000000,2988.863636,2.009889
files/ftv64.atsp,0.500000,2639.000000,3001.086957,2.071935
files/ftv64.atsp,0.500000,2639.000000,3011.166667,2.151899
files/ftv64.atsp,0.500000,2639.000000,3019.680000,2.239874
files/ftv64.atsp,0.500000,2639.000000,3019.500000,2.309337
files/ftv64.atsp,0.500000,2639.000000,3007.888889,2.394075
files/ftv64.atsp,0.500000,2639.000000,3004.750000,2.473903
files/ftv64.atsp,0.500000,2639.000000,3011.310345,2.547828
files/ftv64.atsp,0.500000,2639.000000,3010.800000,2.639723
files/ftv64.atsp,0.500000,2639.000000,3012.967742,2.722776
files/ftv64.atsp,0.500000,2639.000000,3009.281250,2.803013
files/ftv64.atsp,0.500000,2639.000000,3021.666667,2.879055
files/ftv64.atsp,0.500000,2639.000000,3017.382353,2.954318
files/ftv64.atsp,0.500000,2639.000000,3030.171429,3.026520
files/ftv64.atsp,0.500000,2639.000000,3025.277778,3.100973
files/ftv64.atsp,0.500000,2639.000000,3016.621622,3.189881
files/ftv64.atsp,0.500000,2639.000000,3029.026316,3.254276
files/ftv64.atsp,0.500000,2639.000000,3035.923077,3.326278
files/ftv64.atsp,0.500000,2639.000000,3047.125000,3.384863
files/ftv64.atsp,0.500000,2639.000000,3052.000000,3.479112
files/ftv64.atsp,0.500000,2639.000000,3053.880952,3.550174
files/ftv64.atsp,0.500000,2639.000000,3053.604651,3.634986
files/ftv64.atsp,0.500000,2639.000000,3052.431818,3.701855
files/ftv64.atsp,0.500000,2639.000000,3056.244444,3.753116
files/ftv64.atsp,0.500000,2639.000000,3060.369565,3.815343
files/ftv64.atsp,0.500000,2639.000000,3059.744681,3.885191
files/ftv64.atsp,0.500000,2639.000000,3072.520833,3.944895
files/ftv64.atsp,0.500000,2639.000000,3077.367347,4.004032
files/ftv64.atsp,0.500000,2618.000000,3068.180000,4.075755
files/ftv64.atsp,0.500000,2618.000000,3067.803922,4.134745
files/ftv64.atsp,0.500000,2618.000000,3065.250000,4.196503
files/ftv64.atsp,0.500000,2618.000000,3069.283019,4.254113
files/ftv64.atsp,0.500000,2618.000000,3070.981481,4.326834
files/ftv64.atsp,0.500000,2618.000000,3068.600000,4.392178
