files/ftv64.atsp,0.600000,3514.000000,3514.000000,0.075872
files/ftv64.atsp,0.600000,2404.000000,2959.000000,0.180341
files/ftv64.atsp,0.600000,2404.000000,3051.666667,0.266569
files/ftv64.atsp,0.600000,2404.000000,3200.000000,0.338075
files/ftv64.atsp,0.600000,2404.000000,3223.800000,0.407564
files/ftv64.atsp,0.600000,2404.000000,3200.333333,0.486607
files/ftv64.atsp,0.600000,2404.000000,3223.714286,0.581073
files/ftv64.atsp,0.600000,2404.000000,3221.250000,0.679193
files/ftv64.atsp,0.600000,2404.000000,3268.222222,0.767190
files/ftv64.atsp,0.600000,2404.000000,3252.100000,0.873993
files/ftv64.atsp,0.600000,2404.000000,3237.363636,0.978342
files/ftv64.atsp,0.600000,2404.000000,3237.916667,1.083467
files/ftv64.atsp,0.600000,2404.000000,3224.461538,1.180281
files/ftv64.atsp,0.600000,2404.000000,3208.357143,1.280540
files/ftv64.atsp,0.600000,2404.000000,3203.800000,1.387806
files/ftv64.atsp,0.600000,2404.000000,3205.062500,1.490478
files/ftv64.atsp,0.600000,2404.000000,3183.941176,1.602517
files/ftv64.atsp,0.600000,2404.000000,3171.055556,1.698753
files/ftv64.atsp,0.600000,2404.000000,3182.210526,1.790762
files/ftv64.atsp,0.600000,2404.000000,3201.700000,1.884610
files/ftv64.atsp,0.600000,2404.000000,3185.952381,1.993695
files/ftv64.atsp,0.600000,2404.000000,3175.272727,2.094491
files/ftv64.atsp,0.600000,2404.000000,3188.695652,2.211701
files/ftv64.atsp,0.600000,2404.000000,3182.458333,2.315127
files/ftv64.atsp,0.600000,2404.000000,3172.840000,2.433976
files/ftv64.atsp,0.600000,2404.000000,3152.230769,2.542463
files/ftv64.atsp,0.600000,2404.000000,3154.962963,2.650599
files/ftv64.atsp,0.600000,2404.000000,3137.607143,2.770928
files/ftv64.atsp,0.600000,2404.000000,3148.275862,2.834903
files/ftv64.atsp,0.600000,2404.000000,3147.600000,2.926254
files/ftv64.atsp,0.600000,2404.000000,3138.032258,3.033442
files/ftv64.atsp,0.600000,2404.000000,3149.062500,3.123996
files/ftv64.atsp,0.600000,2404.000000,3152.848485,3.215395
files/ftv64.atsp,0.600000,2404.000000,3152.588235,3.305463
files/ftv64.atsp,0.600000,2404.000000,3168.285714,3.382303
files/ftv64.atsp,0.600000,2404.000000,3185.444444,3.469556
files/ftv64.atsp,0.600000,2404.000000,3175.162162,3.557943
files/ftv64.atsp,0.600000,2404.000000,3171.500000,3.671460
files/ftv64.atsp,0.600000,2404.000000,3168.307692,3.773476
files/ftv64.atsp,0.600000,2404.000000,3160.850000,3.871743
files/ftv64.atsp,0.600000,2404.000000,3162.560976,3.953749
files/ftv64.atsp,0.600000,2404.000000,3157.142857,4.042805
files/ftv64.atsp,0.600000,2404.000000,3148.581395,4.146477
files/ftv64.atsp,0.600000,2404.000000,3155.909091,4.228386
files/ftv64.atsp,0.600000,2404.000000,3154.377778,4.323773
files/ftv64.atsp,0.600000,2404.000000,3157.043478,4.417030
