files/ftv64.atsp,0.700000,3155.000000,3155.000000,0.108585
files/ftv64.atsp,0.700000,3155.000000,3477.500000,0.227239
files/ftv64.atsp,0.700000,2905.000000,3286.666667,0.338808
files/ftv64.atsp,0.700000,2905.000000,3315.000000,0.442162
files/ftv64.atsp,0.700000,2839.000000,3219.800000,0.632215
files/ftv64.atsp,0.700000,2839.000000,3292.833333,0.786808
files/ftv64.atsp,0.700000,2839.000000,3256.285714,0.910036
files/ftv64.atsp,0.700000,2839.000000,3252.125000,1.027935
files/ftv64.atsp,0.700000,2839.000000,3210.111111,1.142110
files/ftv64.atsp,0.700000,2839.000000,3201.600000,1.299461
files/ftv64.atsp,0.700000,2839.000000,3215.000000,1.404843
files/ftv64.atsp,0.700000,2839.000000,3243.750000,1.517018
files/ftv64.atsp,0.700000,2839.000000,3251.923077,1.654867
files/ftv64.atsp,0.700000,2839.000000,3251.285714,1.792675
files/ftv64.atsp,0.700000,2839.000000,3242.333333,1.941384
files/ftv64.atsp,0.700000,2839.000000,3279.000000,2.046765
files/ftv64.atsp,0.700000,2839.000000,3268.058824,2.162905
files/ftv64.atsp,0.700000,2839.000000,3287.611111,2.266936
files/ftv64.atsp,0.700000,2839.000000,3265.631579,2.382396
files/ftv64.atsp,0.700000,2839.000000,3252.050000,2.500975
files/ftv64.atsp,0.700000,2839.000000,3249.619048,2.606832
files/ftv64.atsp,0.700000,2839.000000,3244.409091,2.755112
files/ftv64.atsp,0.700000,2839.000000,3243.521739,2.860688
files/ftv64.atsp,0.700000,2839.000000,3252.500000,2.978114
files/ftv64.atsp,0.700000,2839.000000,3243.120000,3.089895
files/ftv64.atsp,0.700000,2839.000000,3239.807692,3.241581
files/ftv64.atsp,0.700000,2839.000000,3235.962963,3.399152
files/ftv64.atsp,0.700000,2839.000000,3230.392857,3.506714
files/ftv64.atsp,0.700000,2839.000000,3229.551724,3.613208
files/ftv64.atsp,0.700000,2839.000000,3228.300000,3.712762
files/ftv64.atsp,0.700000,2839.000000,3239.290323,3.823993
files/ftv64.atsp,0.700000,2839.000000,3234.906250,3.954415
files/ftv64.atsp,0.700000,2839.000000,3228.333333,4.056595
files/ftv64.atsp,0.700000,2612.000000,3210.205882,4.164926
files/ftv64.atsp,0.700000,2612.000000,3215.400000,4.295442
files/ftv64.atsp,0.700000,2612.000000,3218.305556,4.411873
