files/ftv64.atsp,0.800000,3258.000000,3258.000000,0.195759
files/ftv64.atsp,0.800000,3138.000000,3198.000000,0.355982
files/ftv64.atsp,0.800000,3138.000000,3260.000000,0.507796
files/ftv64.atsp,0.800000,3138.000000,3304.750000,0.625050
files/ftv64.atsp,0.800000,3138.000000,3309.800000,0.734426
files/ftv64.atsp,0.800000,3138.000000,3338.166667,0.858259
files/ftv64.atsp,0.800000,3050.000000,3297.000000,1.009622
files/ftv64.atsp,0.800000,3050.000000,3292.875000,1.125707
files/ftv64.atsp,0.800000,3050.000000,3306.000000,1.263035
files/ftv64.atsp,0.800000,3050.000000,3320.300000,1.398033
files/ftv64.atsp,0.800000,3050.000000,3335.454545,1.535679
files/ftv64.atsp,0.800000,2869.000000,3296.583333,1.689479
files/ftv64.atsp,0.800000,2869.000000,3297.230769,1.822303
files/ftv64.atsp,0.800000,2869.000000,3271.357143,1.993595
files/ftv64.atsp,0.800000,2869.000000,3264.400000,2.106262
files/ftv64.atsp,0.800000,2869.000000,3257.687500,2.255013
files/ftv64.atsp,0.800000,2869.000000,3252.470588,2.388118
files/ftv64.atsp,0.800000,2869.000000,3246.833333,2.530060
files/ftv64.atsp,0.800000,2869.000000,3257.368421,2.639961
files/ftv64.atsp,0.800000,2869.000000,3246.850000,2.790340
files/ftv64.atsp,0.800000,2869.000000,3255.761905,2.903311
files/ftv64.atsp,0.800000,2869.000000,3262.454545,3.053846
files/ftv64.atsp,0.800000,2869.000000,3261.086957,3.198293
files/ftv64.atsp,0.800000,2869.000000,3279.791667,3.348685
files/ftv64.atsp,0.800000,2869.000000,3294.520000,3.478319
files/ftv64.atsp,0.800000,2869.000000,3297.384615,3.587180
files/ftv64.atsp,0.800000,2869.000000,3300.851852,3.735432
files/ftv64.atsp,0.800000,2869.000000,3312.428571,3.888028
files/ftv64.atsp,0.800000,2869.000000,3327.724138,4.067466
files/ftv64.atsp,0.800000,2869.000000,3320.266667,4.211548
files/ftv64.atsp,0.800000,2869.000000,3339.677419,4.338933
