files/ftv64.atsp,0.900000,3128.000000,3128.000000,0.148897
files/ftv64.atsp,0.900000,3128.000000,3211.500000,0.263141
files/ftv64.atsp,0.900000,3128.000000,3387.666667,0.361256
files/ftv64.atsp,0.900000,3128.000000,3480.000000,0.489759
files/ftv64.atsp,0.900000,3128.000000,3527.000000,0.617988
files/ftv64.atsp,0.900000,3099.000000,3455.666667,0.743381
files/ftv64.atsp,0.900000,3099.000000,3493.714286,0.889639
files/ftv64.atsp,0.900000,3099.000000,3494.750000,1.029229
files/ftv64.atsp,0.900000,3099.000000,3456.666667,1.154149
files/ftv64.atsp,0.900000,3099.000000,3431.000000,1.300259
files/ftv64.atsp,0.900000,3099.000000,3417.818182,1.447905
files/ftv64.atsp,0.900000,3099.000000,3394.333333,1.573512
files/ftv64.atsp,0.900000,3099.000000,3409.769231,1.700600
files/ftv64.atsp,0.900000,3099.000000,3426.928571,1.850847
files/ftv64.atsp,0.900000,3099.000000,3414.266667,1.978495
files/ftv64.atsp,0.900000,3099.000000,3409.437500,2.118160
files/ftv64.atsp,0.900000,3099.000000,3425.470588,2.229987
files/ftv64.atsp,0.900000,3099.000000,3421.888889,2.345751
files/ftv64.atsp,0.900000,3099.000000,3424.842105,2.459085
files/ftv64.atsp,0.900000,3099.000000,3421.800000,2.582144
files/ftv64.atsp,0.900000,3099.000000,3415.904762,2.732905
files/ftv64.atsp,0.900000,3099.000000,3414.181818,2.873843
files/ftv64.atsp,0.900000,3099.000000,3420.043478,3.018057
files/ftv64.atsp,0.900000,3099.000000,3408.458333,3.137351
files/ftv64.atsp,0.900000,3099.000000,3399.760000,3.270184
files/ftv64.atsp,0.900000,3099.000000,3396.538462,3.420162
files/ftv64.atsp,0.900000,3099.000000,3397.962963,3.582992
files/ftv64.atsp,0.900000,3099.000000,3395.750000,3.733521
files/ftv64.atsp,0.900000,3099.000000,3395.931034,3.864843
files/ftv64.atsp,0.900000,3099.000000,3412.000000,4.000406
files/ftv64.atsp,0.900000,3099.000000,3411.935484,4.139264
files/ftv64.atsp,0.900000,3099.000000,3425.656250,4.251291
files/ftv64.atsp,0.900000,3099.000000,3431.151515,4.394878
