4.589867
4.159809
3.845574
3.971502
3.627529
4.212105
3.805242
3.638635
4.226414
3.869741
3.920400
3.834040
3.408519
3.613386
3.582959
4.511416
3.532156
4.028297
3.368974
3.083116
3.832313
3.715062
4.325017
3.467495
3.738399
3.417306
4.214518
3.705488
3.250832
3.120302
3.493958
3.881994
4.298499
4.433835
3.598211
3.540580
3.814521
3.933737
3.155444
4.584347
3.624564
4.405158
4.581490
4.160062
4.032543
4.152574
4.099407
4.803566
3.542089
4.000092
4.260890
3.357844
3.753785
4.368634
4.257201
3.788050
3.789511
4.204029
4.016958
3.979801
3.555293
9.571486
4.423305
3.344244
4.088844
4.190269
3.840214
3.778718
3.286998
3.660110
4.261433
5.094107
3.808931
3.768157
3.791349
3.955657
3.709656
9.008017
3.418814
3.231680
3.670581
3.833494
3.700863
3.681330
3.811690
4.389955
4.438570
3.430618
4.532171
3.779516
3.772113
3.048038
4.096876
3.655924
4.099836
4.328239
4.244054
3.920456
3.402665
4.057527
