0.008649
0.526338
1.320921
0.526148
0.052330
0.081600
0.036352
0.980216
0.188981
0.006546
0.153791
0.037568
0.158954
0.179064
0.113941
0.391281
0.699788
0.161893
0.305568
0.106163
0.450093
0.054079
1.220545
0.142488
0.555263
0.312915
0.202704
0.246159
0.280873
0.072232
0.698982
0.087133
0.119004
0.138925
0.066766
0.238424
0.336649
0.175144
0.109632
0.172471
0.004154
0.262437
0.405746
0.555662
0.441787
0.562418
0.349993
0.255276
0.001894
0.108890
0.053426
0.529061
0.216213
0.252328
0.191351
0.258008
0.377056
0.077147
0.838220
0.206301
0.002507
0.501855
0.243456
0.386729
0.347528
0.064320
0.205626
0.364300
0.342970
0.206605
0.360199
0.280142
0.119976
0.160726
0.294510
0.067077
0.109101
0.126297
0.078522
0.013530
0.421233
0.356492
0.638014
0.417816
0.760147
0.307263
0.031550
0.266519
0.327186
0.373103
0.308474
0.001084
0.143930
1.172706
0.730482
0.127124
0.847085
0.685368
0.053950
0.164218
