0.598489
2.231914
0.011281
0.047324
0.966153
0.794159
1.132225
0.730229
0.007287
0.019137
0.385488
0.519516
0.434101
1.477842
2.104819
0.091890
0.053139
0.807610
0.007226
0.861356
0.493895
0.293723
0.056642
1.344280
0.106331
0.107212
0.034596
0.688685
0.079097
0.021987
0.227551
0.013363
0.921722
0.185043
0.291536
0.414782
0.936595
0.620598
0.260704
0.059573
1.312625
0.220067
0.442301
0.942702
0.410472
0.669987
0.192129
0.404401
0.058738
1.096988
0.121578
0.520015
0.014356
0.211618
0.352835
1.694716
0.414089
0.305380
0.136970
0.015311
0.216795
0.182998
0.223428
0.414182
0.058120
0.078793
0.549590
0.914597
0.110731
1.043673
0.173455
0.007450
0.627530
0.234798
0.749060
0.740142
0.024981
0.432888
0.606424
0.086652
0.851809
0.377983
0.464605
0.414239
0.354966
0.157619
0.327559
0.384001
0.253763
0.068609
1.066044
1.139584
0.430414
1.827726
1.120658
1.803337
0.098054
0.271718
0.152185
0.859756
