files/ftv33.atsp 0.100000 1124.000000 1124.000000 0.000222
files/ftv33.atsp 0.100000 928.000000 1026.000000 0.000668
files/ftv33.atsp 0.100000 813.000000 955.000000 0.001308
files/ftv33.atsp 0.100000 813.000000 920.500000 0.002147
files/ftv33.atsp 0.100000 813.000000 919.000000 0.002577
files/ftv33.atsp 0.100000 812.000000 901.166667 0.003211
files/ftv33.atsp 0.100000 812.000000 924.571429 0.003851
files/ftv33.atsp 0.100000 812.000000 924.125000 0.004073
files/ftv33.atsp 0.100000 812.000000 921.111111 0.005325
files/ftv33.atsp 0.100000 812.000000 952.100000 0.005755
files/ftv33.atsp 0.100000 812.000000 953.090909 0.006388
files/ftv33.atsp 0.100000 812.000000 969.583333 0.007437
files/ftv33.atsp 0.100000 812.000000 970.461538 0.007661
files/ftv33.atsp 0.100000 812.000000 981.714286 0.008296
files/ftv33.atsp 0.100000 812.000000 977.400000 0.008725
files/ftv33.atsp 0.100000 812.000000 969.187500 0.008949
files/ftv33.atsp 0.100000 812.000000 975.000000 0.009379
files/ftv33.atsp 0.100000 812.000000 975.388889 0.010219
files/ftv33.atsp 0.100000 812.000000 967.684211 0.010648
files/ftv33.atsp 0.100000 812.000000 962.650000 0.011076
files/ftv33.atsp 0.100000 812.000000 964.095238 0.011456
files/ftv33.atsp 0.100000 812.000000 961.772727 0.012167
files/ftv33.atsp 0.100000 724.000000 951.434783 0.012991
files/ftv33.atsp 0.100000 724.000000 947.250000 0.013351
files/ftv33.atsp 0.100000 724.000000 945.120000 0.013710
files/ftv33.atsp 0.100000 724.000000 940.192308 0.013953
files/ftv33.atsp 0.100000 724.000000 941.037037 0.014312
files/ftv33.atsp 0.100000 724.000000 940.142857 0.014556
files/ftv33.atsp 0.100000 724.000000 937.000000 0.014915
files/ftv33.atsp 0.100000 724.000000 938.433333 0.015274
files/ftv33.atsp 0.100000 724.000000 941.193548 0.016470
files/ftv33.atsp 0.100000 724.000000 936.312500 0.016694
files/ftv33.atsp 0.100000 693.000000 928.939394 0.017330
files/ftv33.atsp 0.100000 693.000000 924.617647 0.018377
files/ftv33.atsp 0.100000 693.000000 923.400000 0.018601
files/ftv33.atsp 0.100000 693.000000 921.277778 0.020471
files/ftv33.atsp 0.100000 693.000000 920.324324 0.021106
files/ftv33.atsp 0.100000 693.000000 917.605263 0.021739
files/ftv33.atsp 0.100000 693.000000 916.871795 0.022578
files/ftv33.atsp 0.100000 693.000000 919.625000 0.023008
files/ftv33.atsp 0.100000 693.000000 920.536585 0.024061
files/ftv33.atsp 0.100000 693.000000 921.452381 0.024285
files/ftv33.atsp 0.100000 693.000000 918.744186 0.024714
files/ftv33.atsp 0.100000 693.000000 919.454545 0.025349
files/ftv33.atsp 0.100000 693.000000 917.822222 0.025984
files/ftv33.atsp 0.100000 693.000000 916.608696 0.026413
files/ftv33.atsp 0.100000 693.000000 918.744681 0.027047
files/ftv33.atsp 0.100000 693.000000 918.125000 0.027890
files/ftv33.atsp 0.100000 693.000000 920.102041 0.028320
files/ftv33.atsp 0.100000 693.000000 917.560000 0.028749
files/ftv33.atsp 0.100000 693.000000 920.235294 0.028973
files/ftv33.atsp 0.100000 693.000000 920.538462 0.029402
files/ftv33.atsp 0.100000 693.000000 926.377358 0.029626
files/ftv33.atsp 0.100000 693.000000 923.611111 0.030465
files/ftv33.atsp 0.100000 693.000000 922.036364 0.030894
files/ftv33.atsp 0.100000 693.000000 922.660714 0.031325
files/ftv33.atsp 0.100000 666.000000 918.157895 0.033723
files/ftv33.atsp 0.100000 666.000000 918.362069 0.033968
files/ftv33.atsp 0.100000 666.000000 917.254237 0.034648
files/ftv33.atsp 0.100000 666.000000 919.266667 0.034884
files/ftv33.atsp 0.100000 666.000000 917.065574 0.035551
files/ftv33.atsp 0.100000 666.000000 916.370968 0.035982
files/ftv33.atsp 0.100000 666.000000 920.428571 0.036411
files/ftv33.atsp 0.100000 666.000000 923.453125 0.037047
files/ftv33.atsp 0.100000 666.000000 920.323077 0.038504
files/ftv33.atsp 0.100000 666.000000 921.545455 0.039169
files/ftv33.atsp 0.100000 666.000000 921.402985 0.039809
files/ftv33.atsp 0.100000 666.000000 921.279412 0.040443
files/ftv33.atsp 0.100000 666.000000 922.724638 0.041494
files/ftv33.atsp 0.100000 666.000000 923.257143 0.042335
files/ftv33.atsp 0.100000 666.000000 924.450704 0.042559
files/ftv33.atsp 0.100000 666.000000 925.055556 0.042783
files/ftv33.atsp 0.100000 666.000000 925.397260 0.043212
files/ftv33.atsp 0.100000 666.000000 923.932432 0.045292
files/ftv33.atsp 0.100000 666.000000 921.906667 0.045957
files/ftv33.atsp 0.100000 666.000000 923.065789 0.046181
files/ftv33.atsp 0.100000 666.000000 924.454545 0.046405
files/ftv33.atsp 0.100000 666.000000 923.205128 0.046633
files/ftv33.atsp 0.100000 666.000000 923.101266 0.047063
files/ftv33.atsp 0.100000 666.000000 924.425000 0.047701
files/ftv33.atsp 0.100000 666.000000 923.333333 0.048131
files/ftv33.atsp 0.100000 666.000000 923.439024 0.048971
files/ftv33.atsp 0.100000 666.000000 921.650602 0.049809
files/ftv33.atsp 0.100000 666.000000 922.869048 0.050238
files/ftv33.atsp 0.100000 666.000000 921.717647 0.050461
files/ftv33.atsp 0.100000 666.000000 922.011628 0.050891
files/ftv33.atsp 0.100000 666.000000 921.287356 0.051320
files/ftv33.atsp 0.100000 666.000000 921.000000 0.052369
files/ftv33.atsp 0.100000 666.000000 919.280899 0.054237
files/ftv33.atsp 0.100000 666.000000 920.155556 0.054460
files/ftv33.atsp 0.100000 666.000000 919.087912 0.055097
files/ftv33.atsp 0.100000 666.000000 918.804348 0.055940
files/ftv33.atsp 0.100000 666.000000 918.344086 0.056164
files/ftv33.atsp 0.100000 666.000000 918.106383 0.056593
files/ftv33.atsp 0.100000 666.000000 918.568421 0.057434
files/ftv33.atsp 0.100000 666.000000 919.395833 0.057863
files/ftv33.atsp 0.100000 666.000000 918.309278 0.058502
files/ftv33.atsp 0.100000 666.000000 918.704082 0.058727
files/ftv33.atsp 0.100000 666.000000 918.171717 0.059155
files/ftv33.atsp 0.100000 666.000000 918.370000 0.059588
files/ftv33.atsp 0.100000 666.000000 918.148515 0.060223
files/ftv33.atsp 0.100000 666.000000 919.823529 0.060446
files/ftv33.atsp 0.100000 666.000000 919.922330 0.061285
files/ftv33.atsp 0.100000 666.000000 920.192308 0.062330
files/ftv33.atsp 0.100000 666.000000 920.076190 0.062964
files/ftv33.atsp 0.100000 666.000000 919.500000 0.063188
files/ftv33.atsp 0.100000 666.000000 920.644860 0.064033
files/ftv33.atsp 0.100000 666.000000 919.250000 0.064257
files/ftv33.atsp 0.100000 666.000000 917.908257 0.065301
files/ftv33.atsp 0.100000 666.000000 915.700000 0.066964
files/ftv33.atsp 0.100000 666.000000 916.324324 0.067601
files/ftv33.atsp 0.100000 666.000000 916.294643 0.068236
files/ftv33.atsp 0.100000 666.000000 916.539823 0.068665
files/ftv33.atsp 0.100000 666.000000 916.157895 0.069505
files/ftv33.atsp 0.100000 666.000000 916.356522 0.069935
files/ftv33.atsp 0.100000 666.000000 916.775862 0.070781
files/ftv33.atsp 0.100000 666.000000 916.717949 0.071210
files/ftv33.atsp 0.100000 666.000000 915.669492 0.072053
files/ftv33.atsp 0.100000 666.000000 915.394958 0.072482
files/ftv33.atsp 0.100000 666.000000 914.308333 0.073117
files/ftv33.atsp 0.100000 666.000000 913.958678 0.073751
files/ftv33.atsp 0.100000 666.000000 913.950820 0.074591
files/ftv33.atsp 0.100000 666.000000 913.178862 0.075225
files/ftv33.atsp 0.100000 666.000000 912.870968 0.076067
files/ftv33.atsp 0.100000 666.000000 912.264000 0.076908
files/ftv33.atsp 0.100000 666.000000 912.055556 0.077131
files/ftv33.atsp 0.100000 666.000000 911.251969 0.077766
files/ftv33.atsp 0.100000 666.000000 910.328125 0.078400
files/ftv33.atsp 0.100000 666.000000 910.674419 0.078623
files/ftv33.atsp 0.100000 666.000000 911.515385 0.079054
files/ftv33.atsp 0.100000 666.000000 910.854962 0.079278
files/ftv33.atsp 0.100000 666.000000 911.083333 0.079504
files/ftv33.atsp 0.100000 666.000000 911.127820 0.080346
files/ftv33.atsp 0.100000 666.000000 911.253731 0.080569
files/ftv33.atsp 0.100000 666.000000 911.540741 0.081414
files/ftv33.atsp 0.100000 666.000000 913.713235 0.081639
files/ftv33.atsp 0.100000 666.000000 913.226277 0.081862
files/ftv33.atsp 0.100000 666.000000 913.362319 0.082720
files/ftv33.atsp 0.100000 666.000000 915.143885 0.082945
files/ftv33.atsp 0.100000 666.000000 916.521429 0.083169
files/ftv33.atsp 0.100000 666.000000 918.943262 0.083396
files/ftv33.atsp 0.100000 666.000000 918.957746 0.083620
files/ftv33.atsp 0.100000 666.000000 918.720280 0.083843
files/ftv33.atsp 0.100000 666.000000 918.604167 0.084066
files/ftv33.atsp 0.100000 666.000000 918.379310 0.084289
files/ftv33.atsp 0.100000 666.000000 918.664384 0.084720
files/ftv33.atsp 0.100000 666.000000 918.816327 0.085355
files/ftv33.atsp 0.100000 666.000000 919.608108 0.085580
files/ftv33.atsp 0.100000 666.000000 920.221477 0.086008
files/ftv33.atsp 0.100000 666.000000 920.986667 0.086232
files/ftv33.atsp 0.100000 666.000000 920.596026 0.086661
files/ftv33.atsp 0.100000 666.000000 921.144737 0.086885
files/ftv33.atsp 0.100000 666.000000 920.241830 0.087108
files/ftv33.atsp 0.100000 666.000000 918.688312 0.089191
files/ftv33.atsp 0.100000 666.000000 918.103226 0.090031
files/ftv33.atsp 0.100000 666.000000 918.000000 0.090254
files/ftv33.atsp 0.100000 666.000000 918.019108 0.090889
files/ftv33.atsp 0.100000 666.000000 919.164557 0.091527
files/ftv33.atsp 0.100000 666.000000 918.345912 0.091956
files/ftv33.atsp 0.100000 666.000000 916.931250 0.093419
files/ftv33.atsp 0.100000 666.000000 917.074534 0.094465
files/ftv33.atsp 0.100000 666.000000 915.981481 0.095924
files/ftv33.atsp 0.100000 666.000000 916.073620 0.096354
files/ftv33.atsp 0.100000 666.000000 916.158537 0.097193
files/ftv33.atsp 0.100000 666.000000 915.006061 0.097827
files/ftv33.atsp 0.100000 666.000000 914.524096 0.098669
files/ftv33.atsp 0.100000 666.000000 914.023952 0.099716
files/ftv33.atsp 0.100000 666.000000 913.916667 0.100146
files/ftv33.atsp 0.100000 666.000000 914.372781 0.100783
files/ftv33.atsp 0.100000 666.000000 913.435294 0.102651
files/ftv33.atsp 0.100000 666.000000 912.725146 0.102875
files/ftv33.atsp 0.100000 666.000000 911.936047 0.103514
files/ftv33.atsp 0.100000 666.000000 911.786127 0.103948
files/ftv33.atsp 0.100000 666.000000 911.448276 0.105199
files/ftv33.atsp 0.100000 666.000000 911.942857 0.105422
files/ftv33.atsp 0.100000 666.000000 911.340909 0.106880
files/ftv33.atsp 0.100000 666.000000 910.751412 0.107104
files/ftv33.atsp 0.100000 666.000000 909.719101 0.107946
files/ftv33.atsp 0.100000 666.000000 909.910615 0.108169
files/ftv33.atsp 0.100000 666.000000 908.883333 0.109629
files/ftv33.atsp 0.100000 666.000000 909.325967 0.109852
files/ftv33.atsp 0.100000 666.000000 908.785714 0.110488
files/ftv33.atsp 0.100000 666.000000 908.939891 0.110917
files/ftv33.atsp 0.100000 666.000000 908.711957 0.111141
files/ftv33.atsp 0.100000 666.000000 908.540541 0.111366
files/ftv33.atsp 0.100000 666.000000 908.881720 0.111591
files/ftv33.atsp 0.100000 666.000000 909.711230 0.111814
files/ftv33.atsp 0.100000 666.000000 909.691489 0.112038
files/ftv33.atsp 0.100000 666.000000 909.375661 0.112877
files/ftv33.atsp 0.100000 666.000000 909.168421 0.113512
files/ftv33.atsp 0.100000 666.000000 909.141361 0.113940
files/ftv33.atsp 0.100000 666.000000 908.817708 0.114580
files/ftv33.atsp 0.100000 666.000000 908.150259 0.115629
files/ftv33.atsp 0.100000 666.000000 907.804124 0.116263
files/ftv33.atsp 0.100000 666.000000 907.574359 0.117722
files/ftv33.atsp 0.100000 666.000000 907.571429 0.118356
files/ftv33.atsp 0.100000 666.000000 907.497462 0.118579
files/ftv33.atsp 0.100000 666.000000 907.777778 0.118803
files/ftv33.atsp 0.100000 666.000000 908.185930 0.119439
files/ftv33.atsp 0.100000 666.000000 908.395000 0.119868
files/ftv33.atsp 0.100000 666.000000 908.462687 0.120297
files/ftv33.atsp 0.100000 666.000000 908.509901 0.120727
files/ftv33.atsp 0.100000 666.000000 909.103448 0.121361
files/ftv33.atsp 0.100000 666.000000 908.862745 0.121998
files/ftv33.atsp 0.100000 666.000000 908.746341 0.122434
files/ftv33.atsp 0.100000 666.000000 908.762136 0.123077
files/ftv33.atsp 0.100000 666.000000 909.038647 0.123719
files/ftv33.atsp 0.100000 666.000000 909.139423 0.124149
files/ftv33.atsp 0.100000 666.000000 909.205742 0.125215
files/ftv33.atsp 0.100000 666.000000 908.323810 0.126055
files/ftv33.atsp 0.100000 666.000000 909.298578 0.126285
files/ftv33.atsp 0.100000 666.000000 909.113208 0.127126
files/ftv33.atsp 0.100000 666.000000 909.596244 0.127560
files/ftv33.atsp 0.100000 666.000000 909.401869 0.128400
files/ftv33.atsp 0.100000 666.000000 909.269767 0.128829
files/ftv33.atsp 0.100000 666.000000 908.731481 0.129052
files/ftv33.atsp 0.100000 666.000000 909.345622 0.129892
files/ftv33.atsp 0.100000 666.000000 909.068807 0.130732
files/ftv33.atsp 0.100000 666.000000 908.182648 0.131368
files/ftv33.atsp 0.100000 666.000000 908.927273 0.131592
files/ftv33.atsp 0.100000 666.000000 908.665158 0.131816
files/ftv33.atsp 0.100000 666.000000 908.306306 0.133066
files/ftv33.atsp 0.100000 666.000000 908.941704 0.133289
files/ftv33.atsp 0.100000 666.000000 908.674107 0.134336
files/ftv33.atsp 0.100000 666.000000 908.551111 0.134972
files/ftv33.atsp 0.100000 666.000000 909.106195 0.135196
files/ftv33.atsp 0.100000 666.000000 910.704846 0.135422
files/ftv33.atsp 0.100000 666.000000 910.008772 0.137289
files/ftv33.atsp 0.100000 666.000000 910.187773 0.137925
files/ftv33.atsp 0.100000 666.000000 910.769565 0.138358
files/ftv33.atsp 0.100000 666.000000 910.835498 0.139407
files/ftv33.atsp 0.100000 666.000000 910.625000 0.140452
files/ftv33.atsp 0.100000 666.000000 910.201717 0.140675
files/ftv33.atsp 0.100000 666.000000 909.995726 0.141310
files/ftv33.atsp 0.100000 666.000000 910.144681 0.141738
files/ftv33.atsp 0.100000 666.000000 910.072034 0.142373
files/ftv33.atsp 0.100000 666.000000 910.050633 0.142596
files/ftv33.atsp 0.100000 666.000000 910.642857 0.143027
files/ftv33.atsp 0.100000 666.000000 910.744770 0.143664
files/ftv33.atsp 0.100000 666.000000 910.654167 0.144093
files/ftv33.atsp 0.100000 666.000000 912.369295 0.144317
files/ftv33.atsp 0.100000 666.000000 911.987603 0.145362
files/ftv33.atsp 0.100000 666.000000 911.329218 0.145997
files/ftv33.atsp 0.100000 666.000000 911.127049 0.146220
files/ftv33.atsp 0.100000 666.000000 911.436735 0.147059
files/ftv33.atsp 0.100000 666.000000 911.097561 0.147489
files/ftv33.atsp 0.100000 666.000000 911.866397 0.148332
files/ftv33.atsp 0.100000 666.000000 912.310484 0.148555
files/ftv33.atsp 0.100000 666.000000 912.180723 0.148988
files/ftv33.atsp 0.100000 666.000000 912.344000 0.149212
files/ftv33.atsp 0.100000 666.000000 912.808765 0.149641
files/ftv33.atsp 0.100000 666.000000 912.452381 0.150891
files/ftv33.atsp 0.100000 666.000000 912.592885 0.151115
files/ftv33.atsp 0.100000 666.000000 912.129921 0.151958
files/ftv33.atsp 0.100000 666.000000 912.870588 0.152388
files/ftv33.atsp 0.100000 666.000000 912.523438 0.152611
files/ftv33.atsp 0.100000 666.000000 912.614786 0.153246
files/ftv33.atsp 0.100000 666.000000 913.418605 0.153676
files/ftv33.atsp 0.100000 666.000000 913.694981 0.154105
files/ftv33.atsp 0.100000 666.000000 914.092308 0.154739
files/ftv33.atsp 0.100000 666.000000 913.869732 0.155787
files/ftv33.atsp 0.100000 666.000000 914.309160 0.156215
files/ftv33.atsp 0.100000 666.000000 914.486692 0.156438
files/ftv33.atsp 0.100000 666.000000 914.613636 0.156661
files/ftv33.atsp 0.100000 638.000000 913.569811 0.159356
files/ftv33.atsp 0.100000 638.000000 913.067669 0.160403
files/ftv33.atsp 0.100000 638.000000 912.943820 0.161041
files/ftv33.atsp 0.100000 638.000000 913.552239 0.161265
files/ftv33.atsp 0.100000 638.000000 913.100372 0.161899
files/ftv33.atsp 0.100000 638.000000 913.492593 0.162328
files/ftv33.atsp 0.100000 638.000000 913.202952 0.163167
files/ftv33.atsp 0.100000 638.000000 912.827206 0.163804
files/ftv33.atsp 0.100000 638.000000 912.512821 0.164437
files/ftv33.atsp 0.100000 638.000000 912.715328 0.164660
files/ftv33.atsp 0.100000 638.000000 912.683636 0.165295
files/ftv33.atsp 0.100000 638.000000 913.079710 0.165722
files/ftv33.atsp 0.100000 638.000000 912.703971 0.166561
files/ftv33.atsp 0.100000 638.000000 912.888489 0.167403
files/ftv33.atsp 0.100000 638.000000 913.491039 0.167627
files/ftv33.atsp 0.100000 638.000000 914.107143 0.168265
files/ftv33.atsp 0.100000 638.000000 914.330961 0.169733
files/ftv33.atsp 0.100000 638.000000 914.209220 0.169956
files/ftv33.atsp 0.100000 638.000000 914.526502 0.170180
files/ftv33.atsp 0.100000 638.000000 914.218310 0.171434
files/ftv33.atsp 0.100000 638.000000 913.933333 0.171658
files/ftv33.atsp 0.100000 638.000000 914.426573 0.172092
files/ftv33.atsp 0.100000 638.000000 914.027875 0.172934
files/ftv33.atsp 0.100000 638.000000 913.847222 0.173157
files/ftv33.atsp 0.100000 638.000000 913.536332 0.173791
files/ftv33.atsp 0.100000 638.000000 913.244828 0.174220
files/ftv33.atsp 0.100000 638.000000 912.945017 0.174651
files/ftv33.atsp 0.100000 638.000000 914.393836 0.174876
files/ftv33.atsp 0.100000 638.000000 914.395904 0.175306
files/ftv33.atsp 0.100000 638.000000 914.428571 0.175941
files/ftv33.atsp 0.100000 638.000000 914.461017 0.176987
files/ftv33.atsp 0.100000 638.000000 914.334459 0.177826
files/ftv33.atsp 0.100000 638.000000 914.373737 0.178051
files/ftv33.atsp 0.100000 638.000000 913.939597 0.179100
files/ftv33.atsp 0.100000 638.000000 914.471572 0.179531
files/ftv33.atsp 0.100000 638.000000 914.280000 0.179755
files/ftv33.atsp 0.100000 638.000000 914.272425 0.179978
files/ftv33.atsp 0.100000 638.000000 914.423841 0.180407
files/ftv33.atsp 0.100000 638.000000 914.346535 0.180837
files/ftv33.atsp 0.100000 638.000000 914.203947 0.181472
files/ftv33.atsp 0.100000 638.000000 913.947541 0.181699
files/ftv33.atsp 0.100000 638.000000 913.813725 0.182129
files/ftv33.atsp 0.100000 638.000000 914.244300 0.182353
files/ftv33.atsp 0.100000 638.000000 914.928571 0.182785
files/ftv33.atsp 0.100000 638.000000 915.009709 0.183421
files/ftv33.atsp 0.100000 638.000000 914.667742 0.183644
files/ftv33.atsp 0.100000 638.000000 914.758842 0.184280
files/ftv33.atsp 0.100000 638.000000 914.544872 0.185327
files/ftv33.atsp 0.100000 638.000000 914.533546 0.185550
files/ftv33.atsp 0.100000 638.000000 914.519108 0.185773
files/ftv33.atsp 0.100000 638.000000 914.450794 0.186613
files/ftv33.atsp 0.100000 638.000000 914.841772 0.186837
files/ftv33.atsp 0.100000 638.000000 915.119874 0.187060
files/ftv33.atsp 0.100000 638.000000 914.556604 0.188931
files/ftv33.atsp 0.100000 638.000000 915.009404 0.189156
files/ftv33.atsp 0.100000 638.000000 915.128125 0.189380
files/ftv33.atsp 0.100000 638.000000 915.461059 0.189606
files/ftv33.atsp 0.100000 638.000000 915.273292 0.190655
files/ftv33.atsp 0.100000 638.000000 915.030960 0.191500
files/ftv33.atsp 0.100000 638.000000 914.836420 0.191735
files/ftv33.atsp 0.100000 638.000000 914.935385 0.191966
files/ftv33.atsp 0.100000 638.000000 914.619632 0.192813
files/ftv33.atsp 0.100000 638.000000 915.709480 0.193038
files/ftv33.atsp 0.100000 638.000000 915.545732 0.193262
files/ftv33.atsp 0.100000 638.000000 915.352584 0.193897
files/ftv33.atsp 0.100000 638.000000 915.233333 0.194326
files/ftv33.atsp 0.100000 638.000000 915.111782 0.194962
files/ftv33.atsp 0.100000 638.000000 914.882530 0.195601
files/ftv33.atsp 0.100000 638.000000 915.483483 0.195827
files/ftv33.atsp 0.100000 638.000000 915.505988 0.197076
files/ftv33.atsp 0.100000 638.000000 915.397015 0.197711
files/ftv33.atsp 0.100000 638.000000 915.482143 0.198140
files/ftv33.atsp 0.100000 638.000000 915.373887 0.198775
files/ftv33.atsp 0.100000 638.000000 915.964497 0.198999
files/ftv33.atsp 0.100000 638.000000 916.097345 0.199222
files/ftv33.atsp 0.100000 638.000000 915.832353 0.200271
files/ftv33.atsp 0.100000 638.000000 915.897361 0.200699
files/ftv33.atsp 0.100000 638.000000 915.567251 0.201539
files/ftv33.atsp 0.100000 638.000000 915.481050 0.202796
files/ftv33.atsp 0.100000 638.000000 915.072674 0.204050
files/ftv33.atsp 0.100000 638.000000 914.910145 0.204685
files/ftv33.atsp 0.100000 638.000000 914.554913 0.205937
files/ftv33.atsp 0.100000 638.000000 915.772334 0.206162
files/ftv33.atsp 0.100000 638.000000 915.853448 0.206385
files/ftv33.atsp 0.100000 638.000000 915.914040 0.206814
files/ftv33.atsp 0.100000 638.000000 916.640000 0.207246
files/ftv33.atsp 0.100000 638.000000 916.381766 0.207876
files/ftv33.atsp 0.100000 638.000000 916.377841 0.208234
files/ftv33.atsp 0.100000 638.000000 917.070822 0.208499
files/ftv33.atsp 0.100000 638.000000 917.022599 0.208626
files/ftv33.atsp 0.100000 638.000000 917.121127 0.208753
files/ftv33.atsp 0.100000 638.000000 917.297753 0.208994
files/ftv33.atsp 0.100000 638.000000 917.277311 0.209120
files/ftv33.atsp 0.100000 638.000000 917.039106 0.209476
files/ftv33.atsp 0.100000 638.000000 916.880223 0.209601
files/ftv33.atsp 0.100000 638.000000 917.097222 0.209728
files/ftv33.atsp 0.100000 638.000000 917.542936 0.209854
files/ftv33.atsp 0.100000 638.000000 917.403315 0.209984
files/ftv33.atsp 0.100000 638.000000 917.363636 0.210340
files/ftv33.atsp 0.100000 638.000000 917.392857 0.210465
files/ftv33.atsp 0.100000 638.000000 917.605479 0.210706
files/ftv33.atsp 0.100000 638.000000 917.207650 0.211472
files/ftv33.atsp 0.100000 638.000000 916.934605 0.212314
files/ftv33.atsp 0.100000 638.000000 916.853261 0.212742
files/ftv33.atsp 0.100000 638.000000 917.525745 0.212967
files/ftv33.atsp 0.100000 638.000000 917.345946 0.213190
files/ftv33.atsp 0.100000 638.000000 918.126685 0.213622
files/ftv33.atsp 0.100000 638.000000 919.051075 0.213847
files/ftv33.atsp 0.100000 638.000000 918.651475 0.214482
files/ftv33.atsp 0.100000 638.000000 919.072193 0.214705
files/ftv33.atsp 0.100000 638.000000 919.938667 0.215135
files/ftv33.atsp 0.100000 638.000000 919.718085 0.215565
files/ftv33.atsp 0.100000 638.000000 919.564987 0.215788
files/ftv33.atsp 0.100000 638.000000 919.611111 0.216628
files/ftv33.atsp 0.100000 638.000000 919.477573 0.217675
files/ftv33.atsp 0.100000 638.000000 919.663158 0.218105
files/ftv33.atsp 0.100000 638.000000 919.986877 0.218950
files/ftv33.atsp 0.100000 638.000000 919.743455 0.219793
files/ftv33.atsp 0.100000 638.000000 919.242820 0.220838
files/ftv33.atsp 0.100000 638.000000 918.825521 0.221677
files/ftv33.atsp 0.100000 638.000000 918.740260 0.222310
files/ftv33.atsp 0.100000 638.000000 918.841969 0.222739
files/ftv33.atsp 0.100000 638.000000 918.865633 0.223375
files/ftv33.atsp 0.100000 638.000000 918.291237 0.224626
files/ftv33.atsp 0.100000 638.000000 918.365039 0.224849
files/ftv33.atsp 0.100000 638.000000 918.146154 0.225072
files/ftv33.atsp 0.100000 638.000000 917.736573 0.225708
files/ftv33.atsp 0.100000 638.000000 917.602041 0.225931
files/ftv33.atsp 0.100000 638.000000 917.684478 0.226359
files/ftv33.atsp 0.100000 638.000000 917.147208 0.227408
files/ftv33.atsp 0.100000 638.000000 917.450633 0.228454
files/ftv33.atsp 0.100000 638.000000 917.565657 0.228677
files/ftv33.atsp 0.100000 638.000000 917.405542 0.230548
files/ftv33.atsp 0.100000 638.000000 916.796482 0.232420
files/ftv33.atsp 0.100000 638.000000 917.000000 0.233056
files/ftv33.atsp 0.100000 638.000000 916.585000 0.233901
files/ftv33.atsp 0.100000 638.000000 916.553616 0.234125
files/ftv33.atsp 0.100000 638.000000 916.863184 0.234349
files/ftv33.atsp 0.100000 638.000000 916.734491 0.235193
files/ftv33.atsp 0.100000 638.000000 916.665842 0.235831
files/ftv33.atsp 0.100000 638.000000 916.916049 0.236055
files/ftv33.atsp 0.100000 638.000000 917.315271 0.236486
files/ftv33.atsp 0.100000 638.000000 917.238329 0.237120
files/ftv33.atsp 0.100000 638.000000 916.992647 0.237755
files/ftv33.atsp 0.100000 638.000000 916.657702 0.238184
files/ftv33.atsp 0.100000 638.000000 916.336585 0.239435
files/ftv33.atsp 0.100000 638.000000 916.554745 0.239660
files/ftv33.atsp 0.100000 638.000000 916.810680 0.240088
files/ftv33.atsp 0.100000 638.000000 917.167070 0.240311
files/ftv33.atsp 0.100000 638.000000 917.251208 0.240740
files/ftv33.atsp 0.100000 638.000000 917.795181 0.241376
files/ftv33.atsp 0.100000 638.000000 917.495192 0.242215
files/ftv33.atsp 0.100000 638.000000 917.709832 0.242440
files/ftv33.atsp 0.100000 638.000000 917.224880 0.243075
files/ftv33.atsp 0.100000 638.000000 917.603819 0.243303
files/ftv33.atsp 0.100000 638.000000 917.719048 0.244351
files/ftv33.atsp 0.100000 638.000000 917.767221 0.244780
files/ftv33.atsp 0.100000 638.000000 918.180095 0.245004
files/ftv33.atsp 0.100000 638.000000 918.356974 0.245228
files/ftv33.atsp 0.100000 638.000000 918.136792 0.245862
files/ftv33.atsp 0.100000 638.000000 918.209412 0.246306
files/ftv33.atsp 0.100000 638.000000 917.845070 0.246941
files/ftv33.atsp 0.100000 638.000000 917.878220 0.247165
files/ftv33.atsp 0.100000 638.000000 917.750000 0.247596
files/ftv33.atsp 0.100000 638.000000 917.818182 0.248433
files/ftv33.atsp 0.100000 638.000000 917.806977 0.248657
files/ftv33.atsp 0.100000 638.000000 917.830626 0.249085
files/ftv33.atsp 0.100000 638.000000 918.032407 0.249309
files/ftv33.atsp 0.100000 638.000000 918.157044 0.249533
files/ftv33.atsp 0.100000 638.000000 918.564516 0.250373
files/ftv33.atsp 0.100000 638.000000 918.535632 0.250803
files/ftv33.atsp 0.100000 638.000000 918.727064 0.251027
files/ftv33.atsp 0.100000 638.000000 918.688787 0.251250
files/ftv33.atsp 0.100000 638.000000 918.662100 0.251480
files/ftv33.atsp 0.100000 638.000000 918.507973 0.251908
files/ftv33.atsp 0.100000 638.000000 918.804545 0.252337
files/ftv33.atsp 0.100000 638.000000 919.464853 0.252767
files/ftv33.atsp 0.100000 638.000000 919.153846 0.253196
files/ftv33.atsp 0.100000 638.000000 919.379233 0.254243
files/ftv33.atsp 0.100000 638.000000 919.310811 0.254466
files/ftv33.atsp 0.100000 638.000000 919.474157 0.254690
files/ftv33.atsp 0.100000 638.000000 919.302691 0.255739
files/ftv33.atsp 0.100000 638.000000 919.091723 0.256372
files/ftv33.atsp 0.100000 638.000000 919.256696 0.256596
files/ftv33.atsp 0.100000 638.000000 919.037862 0.258051
files/ftv33.atsp 0.100000 638.000000 919.353333 0.258275
files/ftv33.atsp 0.100000 638.000000 919.301552 0.258703
files/ftv33.atsp 0.100000 638.000000 919.504425 0.258927
files/ftv33.atsp 0.100000 638.000000 919.485651 0.259151
files/ftv33.atsp 0.100000 638.000000 920.017621 0.259789
files/ftv33.atsp 0.100000 638.000000 919.958242 0.260422
files/ftv33.atsp 0.100000 638.000000 919.622807 0.261471
files/ftv33.atsp 0.100000 638.000000 919.641138 0.262113
files/ftv33.atsp 0.100000 638.000000 919.532751 0.262336
files/ftv33.atsp 0.100000 638.000000 919.498911 0.263384
files/ftv33.atsp 0.100000 638.000000 920.380435 0.263818
files/ftv33.atsp 0.100000 638.000000 920.533623 0.264659
files/ftv33.atsp 0.100000 638.000000 920.201299 0.265707
files/ftv33.atsp 0.100000 638.000000 920.058315 0.265931
files/ftv33.atsp 0.100000 638.000000 919.842672 0.267393
files/ftv33.atsp 0.100000 638.000000 919.744086 0.267824
files/ftv33.atsp 0.100000 638.000000 919.733906 0.268253
files/ftv33.atsp 0.100000 638.000000 920.638116 0.268682
files/ftv33.atsp 0.100000 638.000000 920.534188 0.268906
files/ftv33.atsp 0.100000 638.000000 920.238806 0.269130
files/ftv33.atsp 0.100000 638.000000 920.678723 0.269766
files/ftv33.atsp 0.100000 638.000000 921.029724 0.270198
files/ftv33.atsp 0.100000 638.000000 920.794492 0.272072
files/ftv33.atsp 0.100000 638.000000 920.668076 0.272912
files/ftv33.atsp 0.100000 638.000000 920.755274 0.273547
files/ftv33.atsp 0.100000 638.000000 920.486316 0.274599
files/ftv33.atsp 0.100000 638.000000 920.331933 0.274823
files/ftv33.atsp 0.100000 638.000000 920.442348 0.275250
files/ftv33.atsp 0.100000 638.000000 920.945607 0.275683
files/ftv33.atsp 0.100000 638.000000 920.680585 0.277343
files/ftv33.atsp 0.100000 638.000000 920.554167 0.277566
files/ftv33.atsp 0.100000 638.000000 920.569647 0.277789
files/ftv33.atsp 0.100000 638.000000 920.867220 0.278012
files/ftv33.atsp 0.100000 638.000000 920.751553 0.278852
files/ftv33.atsp 0.100000 638.000000 920.921488 0.279075
files/ftv33.atsp 0.100000 638.000000 921.115464 0.279299
files/ftv33.atsp 0.100000 638.000000 921.041152 0.279525
files/ftv33.atsp 0.100000 638.000000 921.158111 0.280367
files/ftv33.atsp 0.100000 638.000000 921.239754 0.280796
files/ftv33.atsp 0.100000 638.000000 920.895706 0.281226
files/ftv33.atsp 0.100000 638.000000 920.848980 0.281655
files/ftv33.atsp 0.100000 638.000000 920.967413 0.281879
files/ftv33.atsp 0.100000 638.000000 920.871951 0.282513
files/ftv33.atsp 0.100000 638.000000 920.734280 0.283147
files/ftv33.atsp 0.100000 638.000000 920.803644 0.283377
files/ftv33.atsp 0.100000 638.000000 921.125253 0.283602
files/ftv33.atsp 0.100000 638.000000 920.931452 0.283824
files/ftv33.atsp 0.100000 638.000000 921.040241 0.284261
files/ftv33.atsp 0.100000 638.000000 921.429719 0.284486
files/ftv33.atsp 0.100000 638.000000 921.218437 0.284915
files/ftv33.atsp 0.100000 638.000000 921.054000 0.285754
files/ftv33.atsp 0.100000 638.000000 921.079840 0.286594
files/ftv33.atsp 0.100000 638.000000 920.804781 0.287643
files/ftv33.atsp 0.100000 638.000000 920.280318 0.288483
files/ftv33.atsp 0.100000 638.000000 920.253968 0.290146
files/ftv33.atsp 0.100000 638.000000 920.306931 0.290987
files/ftv33.atsp 0.100000 638.000000 920.529644 0.291418
files/ftv33.atsp 0.100000 638.000000 920.739645 0.291846
files/ftv33.atsp 0.100000 638.000000 920.734252 0.292480
files/ftv33.atsp 0.100000 638.000000 920.840864 0.292705
files/ftv33.atsp 0.100000 638.000000 921.250980 0.292929
files/ftv33.atsp 0.100000 638.000000 921.436399 0.293564
files/ftv33.atsp 0.100000 638.000000 921.611328 0.294402
files/ftv33.atsp 0.100000 638.000000 921.808967 0.294631
files/ftv33.atsp 0.100000 638.000000 921.688716 0.294855
files/ftv33.atsp 0.100000 638.000000 921.555340 0.295491
files/ftv33.atsp 0.100000 638.000000 921.308140 0.296126
files/ftv33.atsp 0.100000 638.000000 921.512573 0.296554
files/ftv33.atsp 0.100000 638.000000 921.982625 0.296779
files/ftv33.atsp 0.100000 638.000000 921.483622 0.299673
files/ftv33.atsp 0.100000 638.000000 921.511538 0.299897
files/ftv33.atsp 0.100000 638.000000 921.667946 0.300532
files/ftv33.atsp 0.100000 638.000000 921.666667 0.300960
files/ftv33.atsp 0.100000 638.000000 921.739962 0.301389
files/ftv33.atsp 0.100000 638.000000 921.797710 0.301818
files/ftv33.atsp 0.100000 638.000000 921.988571 0.302041
files/ftv33.atsp 0.100000 638.000000 921.737643 0.302883
files/ftv33.atsp 0.100000 638.000000 921.770398 0.303520
files/ftv33.atsp 0.100000 638.000000 921.445076 0.304566
files/ftv33.atsp 0.100000 638.000000 921.372401 0.305201
files/ftv33.atsp 0.100000 638.000000 921.407547 0.305424
files/ftv33.atsp 0.100000 638.000000 921.465160 0.305648
files/ftv33.atsp 0.100000 638.000000 921.563910 0.306082
files/ftv33.atsp 0.100000 638.000000 921.429644 0.306716
files/ftv33.atsp 0.100000 638.000000 921.344569 0.307558
files/ftv33.atsp 0.100000 638.000000 921.104673 0.308605
files/ftv33.atsp 0.100000 638.000000 921.147388 0.308828
files/ftv33.atsp 0.100000 638.000000 921.687151 0.309259
files/ftv33.atsp 0.100000 638.000000 921.557621 0.309483
files/ftv33.atsp 0.100000 638.000000 921.812616 0.310327
files/ftv33.atsp 0.100000 638.000000 922.353704 0.310758
files/ftv33.atsp 0.100000 638.000000 922.430684 0.310982
files/ftv33.atsp 0.100000 638.000000 922.022140 0.312444
files/ftv33.atsp 0.100000 638.000000 922.416206 0.313080
files/ftv33.atsp 0.100000 638.000000 922.363971 0.314128
files/ftv33.atsp 0.100000 638.000000 922.587156 0.314557
files/ftv33.atsp 0.100000 638.000000 922.294872 0.316020
files/ftv33.atsp 0.100000 638.000000 922.166362 0.316861
files/ftv33.atsp 0.100000 638.000000 922.388686 0.317907
files/ftv33.atsp 0.100000 638.000000 922.400729 0.318543
files/ftv33.atsp 0.100000 638.000000 922.283636 0.318767
files/ftv33.atsp 0.100000 638.000000 922.038113 0.318996
files/ftv33.atsp 0.100000 638.000000 922.110507 0.320251
files/ftv33.atsp 0.100000 638.000000 921.909584 0.320884
files/ftv33.atsp 0.100000 638.000000 922.030686 0.321107
files/ftv33.atsp 0.100000 638.000000 921.895495 0.321535
files/ftv33.atsp 0.100000 638.000000 921.951439 0.322172
files/ftv33.atsp 0.100000 638.000000 921.937163 0.322806
files/ftv33.atsp 0.100000 638.000000 922.218638 0.323030
files/ftv33.atsp 0.100000 638.000000 922.044723 0.323253
files/ftv33.atsp 0.100000 638.000000 922.098214 0.323684
files/ftv33.atsp 0.100000 638.000000 922.099822 0.324113
files/ftv33.atsp 0.100000 638.000000 922.250890 0.324543
files/ftv33.atsp 0.100000 638.000000 922.307282 0.324766
files/ftv33.atsp 0.100000 638.000000 922.634752 0.325195
files/ftv33.atsp 0.100000 638.000000 922.640708 0.326036
files/ftv33.atsp 0.100000 638.000000 922.309187 0.326670
files/ftv33.atsp 0.100000 638.000000 922.398589 0.326894
files/ftv33.atsp 0.100000 638.000000 922.882042 0.327118
files/ftv33.atsp 0.100000 638.000000 922.894552 0.327354
files/ftv33.atsp 0.100000 638.000000 922.970175 0.327790
files/ftv33.atsp 0.100000 638.000000 923.056042 0.328014
files/ftv33.atsp 0.100000 638.000000 923.197552 0.328443
files/ftv33.atsp 0.100000 638.000000 923.045375 0.328873
files/ftv33.atsp 0.100000 638.000000 923.174216 0.329712
files/ftv33.atsp 0.100000 638.000000 922.840000 0.330555
files/ftv33.atsp 0.100000 638.000000 922.701389 0.331603
files/ftv33.atsp 0.100000 638.000000 922.838821 0.332033
files/ftv33.atsp 0.100000 638.000000 922.702422 0.332461
files/ftv33.atsp 0.100000 638.000000 922.861831 0.332684
files/ftv33.atsp 0.100000 638.000000 922.941379 0.332907
files/ftv33.atsp 0.100000 638.000000 923.115318 0.333130
files/ftv33.atsp 0.100000 638.000000 923.171821 0.333765
files/ftv33.atsp 0.100000 638.000000 923.197256 0.334400
files/ftv33.atsp 0.100000 638.000000 923.123288 0.335244
files/ftv33.atsp 0.100000 638.000000 923.217094 0.335472
files/ftv33.atsp 0.100000 638.000000 923.148464 0.335902
files/ftv33.atsp 0.100000 638.000000 923.243612 0.336536
files/ftv33.atsp 0.100000 638.000000 923.013605 0.336760
files/ftv33.atsp 0.100000 638.000000 922.835314 0.336988
files/ftv33.atsp 0.100000 638.000000 923.179661 0.337212
files/ftv33.atsp 0.100000 638.000000 923.103215 0.337641
files/ftv33.atsp 0.100000 638.000000 923.190878 0.338069
files/ftv33.atsp 0.100000 638.000000 923.227656 0.338293
files/ftv33.atsp 0.100000 638.000000 923.168350 0.339133
files/ftv33.atsp 0.100000 638.000000 923.040336 0.339771
files/ftv33.atsp 0.100000 638.000000 922.895973 0.340201
files/ftv33.atsp 0.100000 638.000000 922.872697 0.340424
files/ftv33.atsp 0.100000 638.000000 922.663880 0.341470
files/ftv33.atsp 0.100000 638.000000 922.310518 0.342516
files/ftv33.atsp 0.100000 638.000000 922.520000 0.343361
files/ftv33.atsp 0.100000 638.000000 922.291181 0.344409
files/ftv33.atsp 0.100000 638.000000 922.098007 0.344633
files/ftv33.atsp 0.100000 638.000000 922.366501 0.345060
files/ftv33.atsp 0.100000 638.000000 922.251656 0.345489
files/ftv33.atsp 0.100000 638.000000 922.239669 0.345918
files/ftv33.atsp 0.100000 638.000000 922.026403 0.347587
files/ftv33.atsp 0.100000 638.000000 922.182867 0.348222
files/ftv33.atsp 0.100000 638.000000 922.371711 0.348656
files/ftv33.atsp 0.100000 638.000000 922.525452 0.348879
files/ftv33.atsp 0.100000 638.000000 922.180328 0.351170
files/ftv33.atsp 0.100000 638.000000 922.345336 0.351397
files/ftv33.atsp 0.100000 638.000000 922.148693 0.351827
files/ftv33.atsp 0.100000 638.000000 921.916803 0.352875
files/ftv33.atsp 0.100000 638.000000 922.265472 0.353715
files/ftv33.atsp 0.100000 638.000000 922.180488 0.354145
files/ftv33.atsp 0.100000 638.000000 922.581169 0.354370
files/ftv33.atsp 0.100000 638.000000 923.053485 0.354799
files/ftv33.atsp 0.100000 638.000000 923.205502 0.355434
files/ftv33.atsp 0.100000 638.000000 923.479806 0.356070
files/ftv33.atsp 0.100000 638.000000 923.398387 0.356910
files/ftv33.atsp 0.100000 638.000000 923.409018 0.357748
files/ftv33.atsp 0.100000 638.000000 923.559486 0.358383
files/ftv33.atsp 0.100000 638.000000 923.524880 0.358811
files/ftv33.atsp 0.100000 638.000000 923.942308 0.359035
files/ftv33.atsp 0.100000 638.000000 923.633600 0.359672
files/ftv33.atsp 0.100000 638.000000 923.428115 0.360719
files/ftv33.atsp 0.100000 638.000000 923.400319 0.360947
files/ftv33.atsp 0.100000 638.000000 923.560510 0.361377
files/ftv33.atsp 0.100000 638.000000 923.478537 0.362217
files/ftv33.atsp 0.100000 638.000000 923.723810 0.362647
files/ftv33.atsp 0.100000 638.000000 923.610143 0.363490
files/ftv33.atsp 0.100000 638.000000 923.314873 0.364331
files/ftv33.atsp 0.100000 638.000000 923.091627 0.365376
files/ftv33.atsp 0.100000 638.000000 923.115142 0.365807
files/ftv33.atsp 0.100000 638.000000 923.042520 0.366648
files/ftv33.atsp 0.100000 638.000000 922.841195 0.367698
files/ftv33.atsp 0.100000 638.000000 922.665620 0.368744
files/ftv33.atsp 0.100000 638.000000 922.542320 0.369377
files/ftv33.atsp 0.100000 638.000000 922.618153 0.369601
files/ftv33.atsp 0.100000 638.000000 922.539062 0.369824
files/ftv33.atsp 0.100000 638.000000 922.274571 0.370466
files/ftv33.atsp 0.100000 638.000000 922.540498 0.370690
files/ftv33.atsp 0.100000 638.000000 922.559876 0.371120
files/ftv33.atsp 0.100000 638.000000 923.259317 0.371347
files/ftv33.atsp 0.100000 638.000000 923.117829 0.372188
files/ftv33.atsp 0.100000 638.000000 922.996904 0.373238
files/ftv33.atsp 0.100000 638.000000 922.924266 0.374282
files/ftv33.atsp 0.100000 638.000000 922.759259 0.374506
files/ftv33.atsp 0.100000 638.000000 922.887519 0.374730
files/ftv33.atsp 0.100000 638.000000 922.830769 0.374954
files/ftv33.atsp 0.100000 638.000000 923.274962 0.375592
files/ftv33.atsp 0.100000 638.000000 923.257669 0.376021
files/ftv33.atsp 0.100000 638.000000 923.286371 0.377271
files/ftv33.atsp 0.100000 638.000000 923.116208 0.378319
files/ftv33.atsp 0.100000 638.000000 923.251908 0.378542
files/ftv33.atsp 0.100000 638.000000 923.164634 0.378766
files/ftv33.atsp 0.100000 638.000000 923.054795 0.379195
files/ftv33.atsp 0.100000 638.000000 923.407295 0.379628
files/ftv33.atsp 0.100000 638.000000 923.320182 0.380262
files/ftv33.atsp 0.100000 638.000000 923.300000 0.382336
files/ftv33.atsp 0.100000 638.000000 923.190620 0.382766
files/ftv33.atsp 0.100000 638.000000 923.271903 0.383194
files/ftv33.atsp 0.100000 638.000000 923.297134 0.384242
files/ftv33.atsp 0.100000 638.000000 923.495482 0.384465
files/ftv33.atsp 0.100000 638.000000 923.404511 0.385104
files/ftv33.atsp 0.100000 638.000000 923.480480 0.386356
files/ftv33.atsp 0.100000 638.000000 923.430285 0.387196
files/ftv33.atsp 0.100000 638.000000 923.344311 0.387833
files/ftv33.atsp 0.100000 638.000000 923.137519 0.388674
files/ftv33.atsp 0.100000 638.000000 923.110448 0.389307
files/ftv33.atsp 0.100000 638.000000 923.074516 0.389737
files/ftv33.atsp 0.100000 638.000000 923.401786 0.390373
files/ftv33.atsp 0.100000 638.000000 923.505201 0.390802
files/ftv33.atsp 0.100000 638.000000 923.399110 0.391026
files/ftv33.atsp 0.100000 638.000000 923.191111 0.391869
files/ftv33.atsp 0.100000 638.000000 922.963018 0.392092
files/ftv33.atsp 0.100000 638.000000 922.846381 0.392316
files/ftv33.atsp 0.100000 638.000000 922.802360 0.392952
files/ftv33.atsp 0.100000 638.000000 922.561119 0.393793
files/ftv33.atsp 0.100000 638.000000 922.404412 0.394634
files/ftv33.atsp 0.100000 638.000000 922.215859 0.395477
files/ftv33.atsp 0.100000 638.000000 922.670088 0.395908
files/ftv33.atsp 0.100000 638.000000 922.524158 0.396753
files/ftv33.atsp 0.100000 638.000000 922.561404 0.397388
files/ftv33.atsp 0.100000 638.000000 922.589781 0.398024
files/ftv33.atsp 0.100000 638.000000 922.679300 0.398657
files/ftv33.atsp 0.100000 638.000000 922.719068 0.399087
files/ftv33.atsp 0.100000 638.000000 922.630814 0.399519
files/ftv33.atsp 0.100000 638.000000 922.503628 0.400974
files/ftv33.atsp 0.100000 638.000000 922.323188 0.401815
files/ftv33.atsp 0.100000 638.000000 922.348770 0.402450
files/ftv33.atsp 0.100000 638.000000 922.700867 0.402674
files/ftv33.atsp 0.100000 638.000000 922.659452 0.403440
files/ftv33.atsp 0.100000 638.000000 922.576369 0.403568
files/ftv33.atsp 0.100000 638.000000 922.484892 0.403923
files/ftv33.atsp 0.100000 638.000000 922.600575 0.404392
files/ftv33.atsp 0.100000 638.000000 922.457676 0.404632
files/ftv33.atsp 0.100000 638.000000 922.392550 0.405101
files/ftv33.atsp 0.100000 638.000000 922.287554 0.405456
files/ftv33.atsp 0.100000 638.000000 922.711429 0.405697
files/ftv33.atsp 0.100000 638.000000 922.562054 0.406053
files/ftv33.atsp 0.100000 638.000000 922.938746 0.406410
files/ftv33.atsp 0.100000 638.000000 923.429587 0.406537
files/ftv33.atsp 0.100000 638.000000 923.207386 0.407233
files/ftv33.atsp 0.100000 638.000000 923.465248 0.407367
files/ftv33.atsp 0.100000 638.000000 923.314448 0.407722
files/ftv33.atsp 0.100000 638.000000 923.427157 0.407849
files/ftv33.atsp 0.100000 638.000000 923.612994 0.408089
files/ftv33.atsp 0.100000 638.000000 923.826516 0.408444
files/ftv33.atsp 0.100000 638.000000 923.776056 0.408684
files/ftv33.atsp 0.100000 638.000000 923.691983 0.409039
files/ftv33.atsp 0.100000 638.000000 923.761236 0.409289
files/ftv33.atsp 0.100000 638.000000 923.974755 0.409416
files/ftv33.atsp 0.100000 638.000000 923.980392 0.409542
files/ftv33.atsp 0.100000 638.000000 923.934266 0.410011
files/ftv33.atsp 0.100000 638.000000 923.801676 0.410824
files/ftv33.atsp 0.100000 638.000000 923.750349 0.411525
files/ftv33.atsp 0.100000 638.000000 924.072423 0.411767
files/ftv33.atsp 0.100000 638.000000 924.123783 0.411893
files/ftv33.atsp 0.100000 638.000000 923.920833 0.412704
files/ftv33.atsp 0.100000 638.000000 923.877947 0.412947
files/ftv33.atsp 0.100000 638.000000 923.721607 0.413875
files/ftv33.atsp 0.100000 638.000000 923.567082 0.414002
files/ftv33.atsp 0.100000 638.000000 923.515193 0.414356
files/ftv33.atsp 0.100000 638.000000 923.354483 0.414596
files/ftv33.atsp 0.100000 638.000000 923.387052 0.415181
files/ftv33.atsp 0.100000 638.000000 923.147180 0.415903
files/ftv33.atsp 0.100000 638.000000 923.178571 0.416032
files/ftv33.atsp 0.100000 638.000000 923.108368 0.416502
files/ftv33.atsp 0.100000 638.000000 923.219178 0.416629
files/ftv33.atsp 0.100000 638.000000 923.421341 0.416983
files/ftv33.atsp 0.100000 638.000000 923.389344 0.417338
files/ftv33.atsp 0.100000 638.000000 923.267394 0.418034
files/ftv33.atsp 0.100000 638.000000 923.173025 0.418275
files/ftv33.atsp 0.100000 638.000000 923.287075 0.418401
files/ftv33.atsp 0.100000 638.000000 923.421196 0.418871
files/ftv33.atsp 0.100000 638.000000 923.320217 0.418998
files/ftv33.atsp 0.100000 638.000000 923.384824 0.419123
files/ftv33.atsp 0.100000 638.000000 923.323410 0.419370
files/ftv33.atsp 0.100000 638.000000 923.128378 0.419956
files/ftv33.atsp 0.100000 638.000000 923.004049 0.420767
files/ftv33.atsp 0.100000 638.000000 922.850404 0.421239
files/ftv33.atsp 0.100000 638.000000 922.764468 0.421479
files/ftv33.atsp 0.100000 638.000000 922.724462 0.421948
files/ftv33.atsp 0.100000 638.000000 922.763758 0.422759
files/ftv33.atsp 0.100000 638.000000 922.825737 0.422886
files/ftv33.atsp 0.100000 638.000000 922.637216 0.423240
files/ftv33.atsp 0.100000 638.000000 922.415775 0.423714
files/ftv33.atsp 0.100000 638.000000 922.579439 0.423840
files/ftv33.atsp 0.100000 638.000000 922.461333 0.424195
files/ftv33.atsp 0.100000 638.000000 922.423435 0.424321
files/ftv33.atsp 0.100000 638.000000 922.421543 0.424447
files/ftv33.atsp 0.100000 638.000000 922.305445 0.424929
files/ftv33.atsp 0.100000 638.000000 922.311671 0.425401
files/ftv33.atsp 0.100000 638.000000 922.120530 0.426099
files/ftv33.atsp 0.100000 638.000000 922.174603 0.426225
files/ftv33.atsp 0.100000 638.000000 922.092470 0.426351
files/ftv33.atsp 0.100000 638.000000 922.126649 0.426592
files/ftv33.atsp 0.100000 638.000000 922.018445 0.426949
files/ftv33.atsp 0.100000 638.000000 921.926316 0.427075
files/ftv33.atsp 0.100000 638.000000 921.902760 0.427316
files/ftv33.atsp 0.100000 638.000000 921.993438 0.427468
files/ftv33.atsp 0.100000 638.000000 922.263434 0.427597
files/ftv33.atsp 0.100000 638.000000 922.335079 0.427723
files/ftv33.atsp 0.100000 638.000000 922.413072 0.428308
files/ftv33.atsp 0.100000 638.000000 922.265013 0.429234
files/ftv33.atsp 0.100000 638.000000 922.230769 0.429475
files/ftv33.atsp 0.100000 638.000000 922.545573 0.429716
files/ftv33.atsp 0.100000 638.000000 922.565670 0.430070
files/ftv33.atsp 0.100000 638.000000 922.319481 0.431225
files/ftv33.atsp 0.100000 638.000000 922.356680 0.431357
files/ftv33.atsp 0.100000 638.000000 922.199482 0.432283
files/ftv33.atsp 0.100000 638.000000 922.033635 0.433095
files/ftv33.atsp 0.100000 638.000000 922.034884 0.433335
files/ftv33.atsp 0.100000 638.000000 922.001290 0.433689
files/ftv33.atsp 0.100000 638.000000 922.083763 0.433816
files/ftv33.atsp 0.100000 638.000000 921.848134 0.434400
files/ftv33.atsp 0.100000 638.000000 921.664524 0.434987
files/ftv33.atsp 0.100000 638.000000 921.516046 0.435227
files/ftv33.atsp 0.100000 638.000000 921.394872 0.435585
files/ftv33.atsp 0.100000 638.000000 921.363636 0.435826
files/ftv33.atsp 0.100000 638.000000 921.363171 0.436066
files/ftv33.atsp 0.100000 638.000000 921.409962 0.436880
files/ftv33.atsp 0.100000 638.000000 921.335459 0.437028
files/ftv33.atsp 0.100000 638.000000 921.221656 0.437156
files/ftv33.atsp 0.100000 638.000000 921.230280 0.437511
files/ftv33.atsp 0.100000 638.000000 921.430750 0.437638
files/ftv33.atsp 0.100000 638.000000 921.692893 0.437765
files/ftv33.atsp 0.100000 638.000000 921.692015 0.438463
files/ftv33.atsp 0.100000 638.000000 921.484810 0.439066
files/ftv33.atsp 0.100000 638.000000 921.773704 0.439195
files/ftv33.atsp 0.100000 638.000000 921.713384 0.440013
files/ftv33.atsp 0.100000 638.000000 921.741488 0.440254
files/ftv33.atsp 0.100000 638.000000 921.670025 0.440380
files/ftv33.atsp 0.100000 638.000000 921.537107 0.440849
files/ftv33.atsp 0.100000 638.000000 921.332915 0.441318
files/ftv33.atsp 0.100000 638.000000 921.577164 0.441675
files/ftv33.atsp 0.100000 638.000000 921.453634 0.441802
files/ftv33.atsp 0.100000 638.000000 921.381727 0.442042
files/ftv33.atsp 0.100000 638.000000 921.481250 0.442168
files/ftv33.atsp 0.100000 638.000000 921.248439 0.442295
files/ftv33.atsp 0.100000 638.000000 921.204489 0.442534
files/ftv33.atsp 0.100000 638.000000 921.265255 0.442890
files/ftv33.atsp 0.100000 638.000000 921.503731 0.443131
files/ftv33.atsp 0.100000 638.000000 921.400000 0.443376
files/ftv33.atsp 0.100000 638.000000 921.162531 0.443961
files/ftv33.atsp 0.100000 638.000000 920.920694 0.444316
files/ftv33.atsp 0.100000 638.000000 921.308168 0.444442
files/ftv33.atsp 0.100000 638.000000 921.755253 0.444683
files/ftv33.atsp 0.100000 638.000000 921.779012 0.444809
files/ftv33.atsp 0.100000 638.000000 921.946979 0.445277
files/ftv33.atsp 0.100000 638.000000 921.911330 0.445746
files/ftv33.atsp 0.100000 638.000000 921.772448 0.445987
files/ftv33.atsp 0.100000 638.000000 921.933661 0.446113
files/ftv33.atsp 0.100000 638.000000 922.240491 0.446354
files/ftv33.atsp 0.100000 638.000000 922.193627 0.446712
files/ftv33.atsp 0.100000 638.000000 922.074663 0.447067
files/ftv33.atsp 0.100000 638.000000 921.998778 0.447425
files/ftv33.atsp 0.100000 638.000000 921.991453 0.447665
files/ftv33.atsp 0.100000 638.000000 922.213415 0.447905
files/ftv33.atsp 0.100000 638.000000 922.182704 0.448145
files/ftv33.atsp 0.100000 638.000000 922.167883 0.448271
files/ftv33.atsp 0.100000 638.000000 922.563791 0.448629
files/ftv33.atsp 0.100000 638.000000 922.621359 0.449098
files/ftv33.atsp 0.100000 638.000000 922.621818 0.449338
files/ftv33.atsp 0.100000 638.000000 922.599274 0.449578
files/ftv33.atsp 0.100000 638.000000 922.580411 0.449818
files/ftv33.atsp 0.100000 638.000000 922.446860 0.450173
files/ftv33.atsp 0.100000 638.000000 922.373945 0.450527
files/ftv33.atsp 0.100000 638.000000 922.422892 0.450781
files/ftv33.atsp 0.100000 638.000000 922.432010 0.451251
files/ftv33.atsp 0.100000 638.000000 922.441106 0.451954
files/ftv33.atsp 0.100000 638.000000 922.487395 0.452080
files/ftv33.atsp 0.100000 638.000000 922.461631 0.452320
files/ftv33.atsp 0.100000 638.000000 922.389222 0.452448
files/ftv33.atsp 0.100000 638.000000 922.261962 0.452689
files/ftv33.atsp 0.100000 638.000000 922.486260 0.452929
files/ftv33.atsp 0.100000 638.000000 922.538186 0.453056
files/ftv33.atsp 0.100000 638.000000 922.455304 0.453296
files/ftv33.atsp 0.100000 638.000000 922.315476 0.453537
files/ftv33.atsp 0.100000 638.000000 922.268728 0.453663
files/ftv33.atsp 0.100000 638.000000 922.209026 0.454017
files/ftv33.atsp 0.100000 638.000000 922.078292 0.454143
files/ftv33.atsp 0.100000 638.000000 922.169431 0.454385
files/ftv33.atsp 0.100000 638.000000 922.117160 0.454511
files/ftv33.atsp 0.100000 638.000000 922.041371 0.454752
files/ftv33.atsp 0.100000 638.000000 922.373081 0.454879
files/ftv33.atsp 0.100000 638.000000 922.398585 0.455234
files/ftv33.atsp 0.100000 638.000000 922.400471 0.455479
files/ftv33.atsp 0.100000 638.000000 922.247059 0.455605
files/ftv33.atsp 0.100000 638.000000 922.293772 0.455960
files/ftv33.atsp 0.100000 638.000000 922.433099 0.456315
files/ftv33.atsp 0.100000 638.000000 922.508792 0.456555
files/ftv33.atsp 0.100000 638.000000 922.412178 0.457144
files/ftv33.atsp 0.100000 638.000000 922.377778 0.457270
files/ftv33.atsp 0.100000 638.000000 922.136682 0.458096
files/ftv33.atsp 0.100000 638.000000 922.445741 0.458222
files/ftv33.atsp 0.100000 638.000000 922.248252 0.459035
files/ftv33.atsp 0.100000 638.000000 922.179278 0.459275
files/ftv33.atsp 0.100000 638.000000 922.047674 0.460091
files/ftv33.atsp 0.100000 638.000000 921.836237 0.461017
files/ftv33.atsp 0.100000 638.000000 921.943155 0.461258
files/ftv33.atsp 0.100000 638.000000 922.101970 0.461384
files/ftv33.atsp 0.100000 638.000000 922.144676 0.461853
files/ftv33.atsp 0.100000 638.000000 922.213873 0.462093
files/ftv33.atsp 0.100000 638.000000 922.222864 0.462576
files/ftv33.atsp 0.100000 638.000000 922.137255 0.462703
files/ftv33.atsp 0.100000 638.000000 922.069124 0.463173
files/ftv33.atsp 0.100000 638.000000 921.929804 0.463532
files/ftv33.atsp 0.100000 638.000000 922.113793 0.463773
files/ftv33.atsp 0.100000 638.000000 922.119403 0.464243
files/ftv33.atsp 0.100000 638.000000 922.013761 0.464484
files/ftv33.atsp 0.100000 638.000000 921.871707 0.465071
files/ftv33.atsp 0.100000 638.000000 921.958810 0.465425
files/ftv33.atsp 0.100000 638.000000 921.858286 0.465894
files/ftv33.atsp 0.100000 638.000000 921.646119 0.466821
files/ftv33.atsp 0.100000 638.000000 921.863170 0.466948
files/ftv33.atsp 0.100000 638.000000 921.600228 0.467881
files/ftv33.atsp 0.100000 638.000000 921.481229 0.468237
files/ftv33.atsp 0.100000 638.000000 921.581818 0.468363
files/ftv33.atsp 0.100000 638.000000 921.769580 0.468718
files/ftv33.atsp 0.100000 638.000000 921.594104 0.469186
files/ftv33.atsp 0.100000 638.000000 921.748584 0.469427
files/ftv33.atsp 0.100000 638.000000 921.630090 0.469897
files/ftv33.atsp 0.100000 638.000000 921.635028 0.470023
files/ftv33.atsp 0.100000 638.000000 922.015801 0.470264
files/ftv33.atsp 0.100000 638.000000 922.020293 0.470733
files/ftv33.atsp 0.100000 638.000000 921.987613 0.471202
files/ftv33.atsp 0.100000 638.000000 921.755906 0.472134
files/ftv33.atsp 0.100000 638.000000 921.701124 0.472260
files/ftv33.atsp 0.100000 638.000000 921.643098 0.472503
files/ftv33.atsp 0.100000 638.000000 921.755605 0.472744
files/ftv33.atsp 0.100000 638.000000 921.765957 0.472870
files/ftv33.atsp 0.100000 638.000000 921.633110 0.472996
files/ftv33.atsp 0.100000 638.000000 921.881564 0.473351
files/ftv33.atsp 0.100000 638.000000 921.792411 0.474175
files/ftv33.atsp 0.100000 638.000000 921.675585 0.474416
files/ftv33.atsp 0.100000 638.000000 921.665924 0.474657
files/ftv33.atsp 0.100000 638.000000 921.479422 0.475126
files/ftv33.atsp 0.100000 638.000000 921.511111 0.475371
files/ftv33.atsp 0.100000 638.000000 921.768036 0.475654
files/ftv33.atsp 0.100000 638.000000 921.943459 0.475958
files/ftv33.atsp 0.100000 638.000000 921.794020 0.477037
files/ftv33.atsp 0.100000 638.000000 921.894912 0.477334
files/ftv33.atsp 0.100000 638.000000 921.885083 0.477881
files/ftv33.atsp 0.100000 638.000000 921.869757 0.478803
files/ftv33.atsp 0.100000 638.000000 921.726571 0.479099
files/ftv33.atsp 0.100000 638.000000 921.569383 0.480266
files/ftv33.atsp 0.100000 638.000000 921.468647 0.481201
files/ftv33.atsp 0.100000 638.000000 921.450549 0.481676
files/ftv33.atsp 0.100000 638.000000 921.587267 0.482650
files/ftv33.atsp 0.100000 638.000000 921.691886 0.483008
files/ftv33.atsp 0.100000 638.000000 921.543264 0.483249
files/ftv33.atsp 0.100000 638.000000 921.437637 0.483611
files/ftv33.atsp 0.100000 638.000000 921.574863 0.483739
files/ftv33.atsp 0.100000 638.000000 921.584061 0.483980
files/ftv33.atsp 0.100000 638.000000 921.473282 0.484221
files/ftv33.atsp 0.100000 638.000000 921.811547 0.484348
files/ftv33.atsp 0.100000 638.000000 921.768226 0.484474
files/ftv33.atsp 0.100000 638.000000 921.826087 0.484600
files/ftv33.atsp 0.100000 638.000000 922.023887 0.484727
files/ftv33.atsp 0.100000 638.000000 921.996746 0.484967
files/ftv33.atsp 0.100000 638.000000 922.008667 0.485437
files/ftv33.atsp 0.100000 638.000000 921.938312 0.485937
files/ftv33.atsp 0.100000 638.000000 921.901622 0.486293
files/ftv33.atsp 0.100000 638.000000 921.887689 0.486534
files/ftv33.atsp 0.100000 638.000000 921.935275 0.486888
files/ftv33.atsp 0.100000 638.000000 921.815733 0.487520
files/ftv33.atsp 0.100000 638.000000 921.769645 0.488090
files/ftv33.atsp 0.100000 638.000000 921.768817 0.488353
files/ftv33.atsp 0.100000 638.000000 921.876477 0.488945
files/ftv33.atsp 0.100000 638.000000 921.817597 0.489416
files/ftv33.atsp 0.100000 638.000000 921.849946 0.489657
files/ftv33.atsp 0.100000 638.000000 921.875803 0.490127
files/ftv33.atsp 0.100000 638.000000 922.020321 0.490482
files/ftv33.atsp 0.100000 638.000000 921.911325 0.490608
files/ftv33.atsp 0.100000 638.000000 921.961580 0.491079
files/ftv33.atsp 0.100000 638.000000 922.122601 0.491320
files/ftv33.atsp 0.100000 638.000000 922.306709 0.491574
files/ftv33.atsp 0.100000 638.000000 922.272340 0.491929
files/ftv33.atsp 0.100000 638.000000 922.097768 0.492513
files/ftv33.atsp 0.100000 638.000000 921.996815 0.492868
files/ftv33.atsp 0.100000 638.000000 921.994698 0.492995
files/ftv33.atsp 0.100000 638.000000 922.151483 0.493237
files/ftv33.atsp 0.100000 638.000000 922.337566 0.493368
files/ftv33.atsp 0.100000 638.000000 922.610994 0.493495
files/ftv33.atsp 0.100000 638.000000 922.595565 0.493980
files/ftv33.atsp 0.100000 638.000000 922.593882 0.494287
files/ftv33.atsp 0.100000 638.000000 922.580611 0.494609
files/ftv33.atsp 0.100000 638.000000 922.533684 0.495199
files/ftv33.atsp 0.100000 638.000000 922.548896 0.495564
files/ftv33.atsp 0.100000 638.000000 922.591387 0.495691
files/ftv33.atsp 0.100000 638.000000 922.517314 0.495931
files/ftv33.atsp 0.100000 638.000000 922.474843 0.496400
files/ftv33.atsp 0.100000 638.000000 922.430366 0.496756
files/ftv33.atsp 0.100000 638.000000 922.737448 0.496998
files/ftv33.atsp 0.100000 638.000000 922.908046 0.497269
files/ftv33.atsp 0.100000 638.000000 923.139875 0.497399
files/ftv33.atsp 0.100000 638.000000 923.301356 0.497641
files/ftv33.atsp 0.100000 638.000000 923.197917 0.497882
files/ftv33.atsp 0.100000 638.000000 923.334027 0.498008
files/ftv33.atsp 0.100000 638.000000 923.387734 0.498249
files/ftv33.atsp 0.100000 638.000000 923.480789 0.498489
files/ftv33.atsp 0.100000 638.000000 923.573651 0.498729
files/ftv33.atsp 0.100000 638.000000 923.587565 0.499083
files/ftv33.atsp 0.100000 638.000000 923.481366 0.499325
files/ftv33.atsp 0.100000 638.000000 923.322647 0.499834
files/ftv33.atsp 0.100000 638.000000 923.291322 0.500794
files/ftv33.atsp 0.100000 638.000000 923.254902 0.500927
files/ftv33.atsp 0.100000 638.000000 923.198969 0.501169
files/ftv33.atsp 0.100000 638.000000 923.335736 0.501524
files/ftv33.atsp 0.100000 638.000000 923.125514 0.501995
files/ftv33.atsp 0.100000 638.000000 923.157246 0.502121
files/ftv33.atsp 0.100000 638.000000 923.359343 0.502249
files/ftv33.atsp 0.100000 638.000000 923.225641 0.502719
files/ftv33.atsp 0.100000 638.000000 923.272541 0.502846
files/ftv33.atsp 0.100000 638.000000 923.205732 0.502972
files/ftv33.atsp 0.100000 638.000000 923.212679 0.503133
files/ftv33.atsp 0.100000 638.000000 923.133810 0.503907
files/ftv33.atsp 0.100000 638.000000 922.984694 0.504269
files/ftv33.atsp 0.100000 638.000000 923.018349 0.504742
files/ftv33.atsp 0.100000 638.000000 922.844196 0.505668
files/ftv33.atsp 0.100000 638.000000 922.728383 0.506327
files/ftv33.atsp 0.100000 638.000000 922.550813 0.506724
files/ftv33.atsp 0.100000 638.000000 922.388832 0.507198
files/ftv33.atsp 0.100000 638.000000 922.386410 0.507567
files/ftv33.atsp 0.100000 638.000000 922.365755 0.507923
files/ftv33.atsp 0.100000 638.000000 922.471660 0.508392
files/ftv33.atsp 0.100000 638.000000 922.491405 0.508890
files/ftv33.atsp 0.100000 638.000000 922.581818 0.509135
files/ftv33.atsp 0.100000 638.000000 922.595358 0.509489
files/ftv33.atsp 0.100000 638.000000 922.473790 0.509730
files/ftv33.atsp 0.100000 638.000000 922.466264 0.510086
files/ftv33.atsp 0.100000 638.000000 922.438632 0.510441
files/ftv33.atsp 0.100000 638.000000 922.813065 0.510568
files/ftv33.atsp 0.100000 638.000000 922.950803 0.510695
files/ftv33.atsp 0.100000 638.000000 922.939819 0.510935
files/ftv33.atsp 0.100000 638.000000 923.165331 0.511062
files/ftv33.atsp 0.100000 638.000000 923.339339 0.511189
files/ftv33.atsp 0.100000 638.000000 923.418000 0.511350
files/ftv33.atsp 0.100000 638.000000 923.361638 0.511477
files/ftv33.atsp 0.100000 638.000000 923.408184 0.511832
files/ftv33.atsp 0.100000 638.000000 923.251246 0.512302
files/ftv33.atsp 0.100000 638.000000 923.221116 0.512770
files/ftv33.atsp 0.100000 638.000000 923.151244 0.513127
files/ftv33.atsp 0.100000 638.000000 923.054672 0.513711
files/ftv33.atsp 0.100000 638.000000 923.046673 0.513951
files/ftv33.atsp 0.100000 638.000000 923.142857 0.514192
files/ftv33.atsp 0.100000 638.000000 923.102081 0.514546
files/ftv33.atsp 0.100000 638.000000 923.066337 0.514786
files/ftv33.atsp 0.100000 638.000000 923.104847 0.515256
files/ftv33.atsp 0.100000 638.000000 923.216403 0.515389
files/ftv33.atsp 0.100000 638.000000 923.111550 0.515744
files/ftv33.atsp 0.100000 638.000000 923.326430 0.515870
files/ftv33.atsp 0.100000 638.000000 923.265025 0.516111
files/ftv33.atsp 0.100000 638.000000 923.227362 0.516465
files/ftv33.atsp 0.100000 638.000000 923.136676 0.516821
files/ftv33.atsp 0.100000 638.000000 923.009823 0.517175
files/ftv33.atsp 0.100000 638.000000 923.168793 0.517531
files/ftv33.atsp 0.100000 638.000000 923.409804 0.517658
files/ftv33.atsp 0.100000 638.000000 923.380020 0.518127
files/ftv33.atsp 0.100000 638.000000 923.567515 0.518369
files/ftv33.atsp 0.100000 638.000000 923.634409 0.518725
files/ftv33.atsp 0.100000 638.000000 923.622070 0.519082
files/ftv33.atsp 0.100000 638.000000 923.548293 0.519442
files/ftv33.atsp 0.100000 638.000000 923.636452 0.519568
files/ftv33.atsp 0.100000 638.000000 923.758520 0.519695
files/ftv33.atsp 0.100000 638.000000 923.748054 0.520048
files/ftv33.atsp 0.100000 638.000000 923.752187 0.520289
files/ftv33.atsp 0.100000 638.000000 923.764078 0.520544
files/ftv33.atsp 0.100000 638.000000 923.811833 0.520670
files/ftv33.atsp 0.100000 638.000000 923.753876 0.520911
files/ftv33.atsp 0.100000 638.000000 923.796709 0.521037
files/ftv33.atsp 0.100000 638.000000 924.073501 0.521164
files/ftv33.atsp 0.100000 638.000000 923.903382 0.521747
files/ftv33.atsp 0.100000 638.000000 923.907336 0.521873
files/ftv33.atsp 0.100000 638.000000 924.077146 0.522114
files/ftv33.atsp 0.100000 638.000000 924.125241 0.522240
files/ftv33.atsp 0.100000 638.000000 924.115496 0.522366
files/ftv33.atsp 0.100000 638.000000 924.425000 0.522722
files/ftv33.atsp 0.100000 638.000000 924.457253 0.523077
files/ftv33.atsp 0.100000 638.000000 924.547985 0.523439
files/ftv33.atsp 0.100000 638.000000 924.495686 0.523911
files/ftv33.atsp 0.100000 638.000000 924.970307 0.524038
files/ftv33.atsp 0.100000 638.000000 924.940670 0.524393
files/ftv33.atsp 0.100000 638.000000 924.929254 0.524519
files/ftv33.atsp 0.100000 638.000000 924.805158 0.525016
files/ftv33.atsp 0.100000 638.000000 924.899809 0.525146
files/ftv33.atsp 0.100000 638.000000 924.842707 0.525501
files/ftv33.atsp 0.100000 638.000000 924.890476 0.526084
files/ftv33.atsp 0.100000 638.000000 924.892483 0.526554
files/ftv33.atsp 0.100000 638.000000 925.162548 0.526681
files/ftv33.atsp 0.100000 638.000000 925.134853 0.526921
files/ftv33.atsp 0.100000 638.000000 924.977230 0.527048
files/ftv33.atsp 0.100000 638.000000 925.179147 0.527174
files/ftv33.atsp 0.100000 638.000000 925.096591 0.527535
files/ftv33.atsp 0.100000 638.000000 925.114475 0.527661
files/ftv33.atsp 0.100000 638.000000 925.040643 0.528131
files/ftv33.atsp 0.100000 638.000000 925.250236 0.528257
files/ftv33.atsp 0.100000 638.000000 925.394340 0.528727
files/ftv33.atsp 0.100000 638.000000 925.274270 0.529995
files/ftv33.atsp 0.100000 638.000000 925.194915 0.530353
files/ftv33.atsp 0.100000 638.000000 925.078081 0.530479
files/ftv33.atsp 0.100000 638.000000 925.101504 0.530720
files/ftv33.atsp 0.100000 638.000000 924.914554 0.531075
files/ftv33.atsp 0.100000 638.000000 924.917448 0.531201
files/ftv33.atsp 0.100000 638.000000 925.035614 0.531334
files/ftv33.atsp 0.100000 638.000000 925.055243 0.531461
files/ftv33.atsp 0.100000 638.000000 925.153414 0.531701
files/ftv33.atsp 0.100000 638.000000 925.013084 0.532307
files/ftv33.atsp 0.100000 638.000000 925.035481 0.532435
files/ftv33.atsp 0.100000 638.000000 924.922575 0.532699
files/ftv33.atsp 0.100000 638.000000 924.880708 0.533054
files/ftv33.atsp 0.100000 638.000000 924.896648 0.533181
files/ftv33.atsp 0.100000 638.000000 925.040930 0.533307
files/ftv33.atsp 0.100000 638.000000 925.025093 0.533548
files/ftv33.atsp 0.100000 638.000000 925.136490 0.533674
files/ftv33.atsp 0.100000 638.000000 925.115028 0.533914
files/ftv33.atsp 0.100000 638.000000 925.122335 0.534268
files/ftv33.atsp 0.100000 638.000000 925.194444 0.534394
files/ftv33.atsp 0.100000 638.000000 925.135985 0.534522
files/ftv33.atsp 0.100000 638.000000 925.182994 0.535106
files/ftv33.atsp 0.100000 638.000000 925.180055 0.535232
files/ftv33.atsp 0.100000 638.000000 925.088561 0.536060
files/ftv33.atsp 0.100000 638.000000 925.116129 0.536187
files/ftv33.atsp 0.100000 638.000000 925.243094 0.536542
files/ftv33.atsp 0.100000 638.000000 925.100276 0.536898
files/ftv33.atsp 0.100000 638.000000 925.002757 0.537367
files/ftv33.atsp 0.100000 638.000000 925.087236 0.537608
files/ftv33.atsp 0.100000 638.000000 925.046789 0.537963
files/ftv33.atsp 0.100000 638.000000 925.047663 0.538090
files/ftv33.atsp 0.100000 638.000000 925.037546 0.538216
files/ftv33.atsp 0.100000 638.000000 925.010979 0.538456
files/ftv33.atsp 0.100000 638.000000 925.089580 0.538696
files/ftv33.atsp 0.100000 638.000000 925.085845 0.538822
files/ftv33.atsp 0.100000 638.000000 925.038321 0.538948
files/ftv33.atsp 0.100000 638.000000 925.314494 0.539075
files/ftv33.atsp 0.100000 638.000000 925.231330 0.539549
files/ftv33.atsp 0.100000 638.000000 925.188353 0.539678
files/ftv33.atsp 0.100000 638.000000 925.091818 0.540033
files/ftv33.atsp 0.100000 638.000000 925.160763 0.540159
files/ftv33.atsp 0.100000 638.000000 924.980036 0.540743
files/ftv33.atsp 0.100000 638.000000 924.904805 0.541328
files/ftv33.atsp 0.100000 638.000000 924.725543 0.542026
files/ftv33.atsp 0.100000 638.000000 924.651584 0.542381
files/ftv33.atsp 0.100000 638.000000 924.798373 0.542850
files/ftv33.atsp 0.100000 638.000000 924.689250 0.543091
files/ftv33.atsp 0.100000 638.000000 924.496390 0.543450
files/ftv33.atsp 0.100000 638.000000 924.555455 0.543824
files/ftv33.atsp 0.100000 638.000000 924.481982 0.544067
files/ftv33.atsp 0.100000 638.000000 924.473447 0.544193
files/ftv33.atsp 0.100000 638.000000 924.397482 0.544547
files/ftv33.atsp 0.100000 638.000000 924.401617 0.544673
files/ftv33.atsp 0.100000 638.000000 924.415619 0.545027
files/ftv33.atsp 0.100000 638.000000 924.434978 0.545154
files/ftv33.atsp 0.100000 638.000000 924.465950 0.545280
files/ftv33.atsp 0.100000 638.000000 924.472695 0.545407
files/ftv33.atsp 0.100000 638.000000 924.588551 0.545650
files/ftv33.atsp 0.100000 638.000000 924.465594 0.546119
files/ftv33.atsp 0.100000 638.000000 924.452679 0.546816
files/ftv33.atsp 0.100000 638.000000 924.376450 0.546943
files/ftv33.atsp 0.100000 638.000000 924.248663 0.547760
files/ftv33.atsp 0.100000 638.000000 924.186109 0.548114
files/ftv33.atsp 0.100000 638.000000 924.097865 0.548240
files/ftv33.atsp 0.100000 638.000000 924.189333 0.548481
files/ftv33.atsp 0.100000 638.000000 924.302842 0.548722
files/ftv33.atsp 0.100000 638.000000 924.222715 0.549191
files/ftv33.atsp 0.100000 638.000000 924.413121 0.549432
files/ftv33.atsp 0.100000 638.000000 924.444641 0.549673
files/ftv33.atsp 0.100000 638.000000 924.378761 0.550603
files/ftv33.atsp 0.100000 638.000000 924.384615 0.550730
files/ftv33.atsp 0.100000 638.000000 924.376325 0.550856
files/ftv33.atsp 0.100000 638.000000 924.373345 0.551211
files/ftv33.atsp 0.100000 638.000000 924.634039 0.551342
files/ftv33.atsp 0.100000 638.000000 924.637004 0.551582
files/ftv33.atsp 0.100000 638.000000 924.632923 0.551822
files/ftv33.atsp 0.100000 638.000000 924.450308 0.552408
files/ftv33.atsp 0.100000 638.000000 924.514938 0.552534
files/ftv33.atsp 0.100000 638.000000 924.440737 0.552890
files/ftv33.atsp 0.100000 638.000000 924.314035 0.553587
files/ftv33.atsp 0.100000 638.000000 924.297108 0.553942
files/ftv33.atsp 0.100000 638.000000 924.442207 0.554068
files/ftv33.atsp 0.100000 638.000000 924.424322 0.554309
files/ftv33.atsp 0.100000 638.000000 924.372378 0.554788
files/ftv33.atsp 0.100000 638.000000 924.420087 0.555272
files/ftv33.atsp 0.100000 638.000000 924.407504 0.555403
files/ftv33.atsp 0.100000 638.000000 924.373147 0.555644
files/ftv33.atsp 0.100000 638.000000 924.490418 0.555771
files/ftv33.atsp 0.100000 638.000000 924.521323 0.556012
files/ftv33.atsp 0.100000 638.000000 924.573043 0.556481
files/ftv33.atsp 0.100000 638.000000 924.726325 0.556721
files/ftv33.atsp 0.100000 638.000000 925.060764 0.556848
files/ftv33.atsp 0.100000 638.000000 925.016479 0.557089
files/ftv33.atsp 0.100000 638.000000 925.060659 0.557444
files/ftv33.atsp 0.100000 638.000000 924.987879 0.557570
files/ftv33.atsp 0.100000 638.000000 925.020761 0.557699
files/ftv33.atsp 0.100000 638.000000 925.034572 0.557826
files/ftv33.atsp 0.100000 638.000000 924.892055 0.558296
files/ftv33.atsp 0.100000 638.000000 924.734254 0.559569
files/ftv33.atsp 0.100000 638.000000 924.777586 0.559810
files/ftv33.atsp 0.100000 638.000000 925.014643 0.559936
files/ftv33.atsp 0.100000 638.000000 925.148881 0.560178
files/ftv33.atsp 0.100000 638.000000 925.092003 0.560533
files/ftv33.atsp 0.100000 638.000000 925.196735 0.560659
files/ftv33.atsp 0.100000 638.000000 925.197425 0.561128
files/ftv33.atsp 0.100000 638.000000 925.243568 0.561368
files/ftv33.atsp 0.100000 638.000000 925.323051 0.561607
files/ftv33.atsp 0.100000 638.000000 925.352740 0.561848
files/ftv33.atsp 0.100000 638.000000 925.256630 0.562202
files/ftv33.atsp 0.100000 638.000000 925.164103 0.562329
files/ftv33.atsp 0.100000 638.000000 925.132365 0.562569
files/ftv33.atsp 0.100000 638.000000 925.073379 0.563613
files/ftv33.atsp 0.100000 638.000000 925.076726 0.563854
files/ftv33.atsp 0.100000 638.000000 925.003407 0.564208
files/ftv33.atsp 0.100000 638.000000 924.937872 0.564795
files/ftv33.atsp 0.100000 638.000000 924.869898 0.564922
files/ftv33.atsp 0.100000 638.000000 924.922685 0.565048
files/ftv33.atsp 0.100000 638.000000 924.859932 0.565288
files/ftv33.atsp 0.100000 638.000000 924.804071 0.565644
files/ftv33.atsp 0.100000 638.000000 924.867797 0.566112
files/ftv33.atsp 0.100000 638.000000 924.823878 0.566581
files/ftv33.atsp 0.100000 638.000000 925.045685 0.566708
files/ftv33.atsp 0.100000 638.000000 924.971260 0.566961

