files/ftv33.atsp 0.500000 2090.000000 2090.000000 0.002799
files/ftv33.atsp 0.500000 2073.000000 2081.500000 0.006114
files/ftv33.atsp 0.500000 1438.000000 1867.000000 0.010011
files/ftv33.atsp 0.500000 1438.000000 1868.250000 0.012596
files/ftv33.atsp 0.500000 1438.000000 1855.400000 0.016571
files/ftv33.atsp 0.500000 1438.000000 1816.166667 0.020543
files/ftv33.atsp 0.500000 1438.000000 1853.857143 0.024070
files/ftv33.atsp 0.500000 1396.000000 1796.625000 0.028655
files/ftv33.atsp 0.500000 1396.000000 1793.333333 0.031574
files/ftv33.atsp 0.500000 1396.000000 1831.400000 0.032395
files/ftv33.atsp 0.500000 1396.000000 1809.090909 0.036511
files/ftv33.atsp 0.500000 1396.000000 1790.750000 0.042278
files/ftv33.atsp 0.500000 1396.000000 1796.230769 0.046394
files/ftv33.atsp 0.500000 1396.000000 1790.714286 0.049782
files/ftv33.atsp 0.500000 1396.000000 1794.800000 0.053516
files/ftv33.atsp 0.500000 1396.000000 1783.062500 0.056072
files/ftv33.atsp 0.500000 1396.000000 1780.823529 0.059495
files/ftv33.atsp 0.500000 1396.000000 1805.611111 0.062006
files/ftv33.atsp 0.500000 1396.000000 1800.947368 0.065872
files/ftv33.atsp 0.500000 1396.000000 1794.350000 0.070685
files/ftv33.atsp 0.500000 1396.000000 1789.619048 0.074662
files/ftv33.atsp 0.500000 1396.000000 1785.863636 0.080201
files/ftv33.atsp 0.500000 1396.000000 1772.695652 0.085991
files/ftv33.atsp 0.500000 1396.000000 1774.000000 0.089500
files/ftv33.atsp 0.500000 1396.000000 1793.800000 0.092096
files/ftv33.atsp 0.500000 1396.000000 1792.615385 0.095255
files/ftv33.atsp 0.500000 1396.000000 1797.037037 0.098071
files/ftv33.atsp 0.500000 1396.000000 1796.821429 0.101674
files/ftv33.atsp 0.500000 1396.000000 1800.172414 0.105312
files/ftv33.atsp 0.500000 1396.000000 1800.333333 0.109966
files/ftv33.atsp 0.500000 1396.000000 1797.322581 0.114167
files/ftv33.atsp 0.500000 1396.000000 1792.312500 0.118162
files/ftv33.atsp 0.500000 1396.000000 1793.606061 0.121424
files/ftv33.atsp 0.500000 1396.000000 1802.323529 0.125600
files/ftv33.atsp 0.500000 1396.000000 1792.142857 0.130309
files/ftv33.atsp 0.500000 1396.000000 1788.500000 0.133360
files/ftv33.atsp 0.500000 1396.000000 1792.081081 0.135689
files/ftv33.atsp 0.500000 1396.000000 1790.342105 0.139567
files/ftv33.atsp 0.500000 1396.000000 1801.589744 0.142600
files/ftv33.atsp 0.500000 1396.000000 1805.750000 0.146248
files/ftv33.atsp 0.500000 1396.000000 1809.073171 0.148227
files/ftv33.atsp 0.500000 1396.000000 1811.452381 0.152203
files/ftv33.atsp 0.500000 1396.000000 1806.627907 0.156423
files/ftv33.atsp 0.500000 1396.000000 1801.636364 0.159465
files/ftv33.atsp 0.500000 1396.000000 1800.133333 0.163597
files/ftv33.atsp 0.500000 1396.000000 1807.847826 0.167230
files/ftv33.atsp 0.500000 1396.000000 1812.106383 0.170093
files/ftv33.atsp 0.500000 1396.000000 1812.500000 0.174053
files/ftv33.atsp 0.500000 1396.000000 1815.163265 0.178350
files/ftv33.atsp 0.500000 1396.000000 1815.860000 0.182129
files/ftv33.atsp 0.500000 1396.000000 1815.039216 0.185313
files/ftv33.atsp 0.500000 1396.000000 1814.750000 0.188696
files/ftv33.atsp 0.500000 1396.000000 1814.000000 0.193032
files/ftv33.atsp 0.500000 1396.000000 1813.888889 0.197476
files/ftv33.atsp 0.500000 1396.000000 1813.018182 0.200733
files/ftv33.atsp 0.500000 1396.000000 1808.607143 0.209444
files/ftv33.atsp 0.500000 1396.000000 1803.719298 0.213824
files/ftv33.atsp 0.500000 1396.000000 1807.275862 0.216385
files/ftv33.atsp 0.500000 1396.000000 1803.152542 0.221714
files/ftv33.atsp 0.500000 1396.000000 1804.216667 0.224883
files/ftv33.atsp 0.500000 1396.000000 1803.196721 0.229039
files/ftv33.atsp 0.500000 1396.000000 1810.935484 0.233102
files/ftv33.atsp 0.500000 1396.000000 1816.809524 0.236246
files/ftv33.atsp 0.500000 1396.000000 1812.843750 0.239560
files/ftv33.atsp 0.500000 1396.000000 1812.876923 0.243092
files/ftv33.atsp 0.500000 1396.000000 1812.242424 0.247544
files/ftv33.atsp 0.500000 1396.000000 1812.283582 0.250722
files/ftv33.atsp 0.500000 1396.000000 1815.411765 0.254096
files/ftv33.atsp 0.500000 1396.000000 1815.507246 0.257371
files/ftv33.atsp 0.500000 1396.000000 1819.085714 0.261431
files/ftv33.atsp 0.500000 1396.000000 1816.154930 0.267696
files/ftv33.atsp 0.500000 1396.000000 1817.833333 0.270897
files/ftv33.atsp 0.500000 1396.000000 1816.109589 0.272901
files/ftv33.atsp 0.500000 1396.000000 1813.351351 0.277265
files/ftv33.atsp 0.500000 1396.000000 1810.226667 0.280963
files/ftv33.atsp 0.500000 1396.000000 1811.828947 0.283071
files/ftv33.atsp 0.500000 1396.000000 1810.493506 0.286573
files/ftv33.atsp 0.500000 1396.000000 1812.384615 0.289855
files/ftv33.atsp 0.500000 1396.000000 1808.962025 0.293606
files/ftv33.atsp 0.500000 1396.000000 1811.125000 0.298531
files/ftv33.atsp 0.500000 1396.000000 1810.135802 0.303933
files/ftv33.atsp 0.500000 1396.000000 1810.707317 0.307587
files/ftv33.atsp 0.500000 1396.000000 1809.759036 0.309913
files/ftv33.atsp 0.500000 1396.000000 1810.535714 0.314382
files/ftv33.atsp 0.500000 1396.000000 1810.847059 0.318951
files/ftv33.atsp 0.500000 1396.000000 1813.837209 0.322352
files/ftv33.atsp 0.500000 1396.000000 1814.045977 0.326724
files/ftv33.atsp 0.500000 1396.000000 1816.125000 0.328702
files/ftv33.atsp 0.500000 1396.000000 1817.573034 0.332750
files/ftv33.atsp 0.500000 1396.000000 1817.155556 0.335333
files/ftv33.atsp 0.500000 1396.000000 1816.021978 0.339783
files/ftv33.atsp 0.500000 1396.000000 1818.869565 0.342913
files/ftv33.atsp 0.500000 1396.000000 1819.827957 0.346292
files/ftv33.atsp 0.500000 1396.000000 1818.893617 0.351372
files/ftv33.atsp 0.500000 1396.000000 1821.831579 0.355914
files/ftv33.atsp 0.500000 1396.000000 1822.822917 0.359667
files/ftv33.atsp 0.500000 1396.000000 1820.835052 0.363944
files/ftv33.atsp 0.500000 1396.000000 1822.918367 0.366736
files/ftv33.atsp 0.500000 1396.000000 1823.272727 0.369556
files/ftv33.atsp 0.500000 1396.000000 1824.990000 0.372609
files/ftv33.atsp 0.500000 1396.000000 1823.306931 0.375754
files/ftv33.atsp 0.500000 1396.000000 1820.411765 0.378661
files/ftv33.atsp 0.500000 1396.000000 1821.572816 0.381461
files/ftv33.atsp 0.500000 1396.000000 1822.240385 0.383801
files/ftv33.atsp 0.500000 1396.000000 1821.809524 0.388747
files/ftv33.atsp 0.500000 1396.000000 1824.433962 0.391778
files/ftv33.atsp 0.500000 1396.000000 1826.457944 0.394949
files/ftv33.atsp 0.500000 1396.000000 1828.055556 0.399133
files/ftv33.atsp 0.500000 1396.000000 1828.247706 0.401705
files/ftv33.atsp 0.500000 1396.000000 1825.963636 0.406988
files/ftv33.atsp 0.500000 1396.000000 1824.864865 0.411351
files/ftv33.atsp 0.500000 1396.000000 1827.892857 0.413677
files/ftv33.atsp 0.500000 1396.000000 1826.088496 0.416471
files/ftv33.atsp 0.500000 1396.000000 1826.254386 0.419428
files/ftv33.atsp 0.500000 1396.000000 1823.782609 0.424237
files/ftv33.atsp 0.500000 1396.000000 1822.732759 0.428045
files/ftv33.atsp 0.500000 1396.000000 1822.145299 0.431308
files/ftv33.atsp 0.500000 1396.000000 1824.194915 0.433887
files/ftv33.atsp 0.500000 1396.000000 1824.613445 0.438116
files/ftv33.atsp 0.500000 1396.000000 1824.266667 0.441158
files/ftv33.atsp 0.500000 1396.000000 1823.173554 0.443734
files/ftv33.atsp 0.500000 1396.000000 1823.786885 0.448293
files/ftv33.atsp 0.500000 1396.000000 1821.008130 0.452506
files/ftv33.atsp 0.500000 1396.000000 1821.975806 0.455884
files/ftv33.atsp 0.500000 1396.000000 1819.480000 0.460639
files/ftv33.atsp 0.500000 1396.000000 1819.666667 0.465378
files/ftv33.atsp 0.500000 1396.000000 1822.488189 0.468066
files/ftv33.atsp 0.500000 1396.000000 1820.585938 0.472184
files/ftv33.atsp 0.500000 1396.000000 1820.403101 0.475116
files/ftv33.atsp 0.500000 1396.000000 1819.069231 0.480877
files/ftv33.atsp 0.500000 1396.000000 1816.992366 0.484029
files/ftv33.atsp 0.500000 1396.000000 1816.765152 0.487299
files/ftv33.atsp 0.500000 1396.000000 1817.120301 0.490886
files/ftv33.atsp 0.500000 1396.000000 1816.313433 0.493960
files/ftv33.atsp 0.500000 1396.000000 1817.851852 0.497242
files/ftv33.atsp 0.500000 1396.000000 1818.191176 0.500524
files/ftv33.atsp 0.500000 1396.000000 1818.861314 0.501940
files/ftv33.atsp 0.500000 1396.000000 1821.079710 0.504634
files/ftv33.atsp 0.500000 1396.000000 1821.251799 0.507665
files/ftv33.atsp 0.500000 1396.000000 1819.164286 0.512481
files/ftv33.atsp 0.500000 1396.000000 1817.836879 0.516951
files/ftv33.atsp 0.500000 1396.000000 1820.359155 0.520107
files/ftv33.atsp 0.500000 1396.000000 1819.489510 0.524222
files/ftv33.atsp 0.500000 1396.000000 1817.131944 0.528210
files/ftv33.atsp 0.500000 1396.000000 1816.227586 0.531967
files/ftv33.atsp 0.500000 1396.000000 1813.835616 0.537121
files/ftv33.atsp 0.500000 1396.000000 1814.482993 0.540646
files/ftv33.atsp 0.500000 1396.000000 1815.094595 0.545431
files/ftv33.atsp 0.500000 1396.000000 1814.302013 0.549644
files/ftv33.atsp 0.500000 1396.000000 1814.013333 0.552597
files/ftv33.atsp 0.500000 1396.000000 1811.781457 0.557774
files/ftv33.atsp 0.500000 1396.000000 1809.907895 0.563410
files/ftv33.atsp 0.500000 1396.000000 1810.444444 0.566566
files/ftv33.atsp 0.500000 1396.000000 1810.616883 0.569492

