0.063066
36.172502
31.461712
46.553865
13.918879
2.179432
1.594048
46.159113
25.910475
8.932682
82.273054
54.357586
21.752349
2.053807
17.667344
19.559449
57.329673
28.433708
31.994875
82.983870
13.737611
0.493580
10.143350
12.076830
24.806394
34.647613
18.740860
16.128821
23.995901
14.276966
69.515935
0.161842
1.115785
19.281784
2.146195
33.299770
18.148160
1.252267
30.426809
5.329207
15.879282
16.063206
27.478041
14.105576
24.426882
8.630629
93.936764
3.167815
18.128639
2.525186
6.890424
6.212565
6.917483
1.278900
1.907386
24.333786
21.845385
0.119649
21.537988
22.290386
3.722742
30.312721
4.570886
9.671123
16.355997
24.926410
32.582861
10.035961
16.618970
2.052859
12.188284
56.013156
95.664057
10.751686
4.229235
11.216226
22.731426
30.465512
14.272594
17.834184
21.484493
3.014352
21.984286
0.229022
7.159394
31.077502
32.658098
28.389773
0.996069
16.716776
3.799363
14.386729
16.125545
48.581987
20.650754
32.476549
9.824953
26.273985
30.495771
4.233454
