16.693144
25.559672
15.674639
51.435877
7.241031
2.240106
6.098873
45.845186
18.792713
46.022372
9.677964
21.216148
3.544562
11.924746
8.337146
73.388358
25.035805
19.382862
8.252355
15.197835
41.347825
5.385634
13.132648
2.580727
57.170799
33.536710
0.620792
10.768893
16.915529
10.065937
30.808012
90.743102
16.316041
5.371809
2.699363
36.382728
36.053112
38.439740
0.679079
23.677905
40.896984
33.043171
47.816140
21.967661
13.667541
0.812740
4.029765
37.027499
60.792419
42.868705
0.910604
86.077482
20.457647
74.125151
34.221803
15.686829
21.233119
51.351152
0.284857
11.447278
34.526086
6.463271
10.201860
132.321934
3.523312
11.206157
20.995476
16.907805
78.706353
9.759966
3.553505
11.696684
13.551264
59.394328
63.724255
51.535296
2.200863
13.636083
43.237843
32.406761
17.514434
40.240512
18.293845
24.664070
3.220997
35.704586
12.654806
11.705811
8.503991
31.965831
63.742328
77.047633
39.928282
35.582468
13.164141
44.208554
36.746329
33.095765
10.235496
10.198638
