23.158487
27.529315
22.650086
23.885929
23.966201
21.545044
26.399771
27.743330
25.528640
27.528380
21.998806
27.698883
24.753346
26.690463
23.420141
26.078976
22.675901
21.644675
20.320824
30.340213
25.520586
29.111448
27.317631
27.768032
22.133579
24.044400
32.317435
27.343786
29.842978
23.709235
26.931535
31.262118
21.462691
23.833268
27.220254
29.436910
26.573756
26.970155
25.260150
21.247201
27.038692
22.387185
24.949541
25.847888
30.404238
27.255817
26.160502
24.290520
22.857470
28.302759
26.797353
23.172096
15.615036
22.547443
22.976015
25.117067
22.401760
22.650457
23.115508
29.983699
24.880695
20.521538
29.682200
23.195035
26.280457
25.368311
25.763677
25.419059
25.923658
23.686272
25.733960
32.267046
32.453995
29.711491
23.332053
22.891079
24.345170
26.904620
24.700074
20.717076
23.789884
30.743295
23.699907
28.605644
25.781896
27.173414
23.946695
20.173748
24.798994
26.766647
27.936736
23.995801
28.548806
26.434759
25.740047
22.604167
32.455895
27.867350
20.520595
25.647371
