27.896321
27.672398
21.991063
25.196474
31.561706
22.636483
25.748194
26.280406
27.414621
26.516671
24.136824
30.506574
26.230513
32.206843
24.709612
28.065876
30.091755
27.911291
28.710349
29.816818
21.508089
25.513139
28.167476
23.184037
27.800867
27.196343
31.220208
28.985240
25.861356
30.544086
28.471554
21.051958
30.895099
30.073917
27.756274
26.285598
27.525365
27.196117
23.199901
19.431899
26.188683
25.175956
29.095277
27.341423
27.450814
31.823857
21.925385
29.934755
28.784722
33.391171
21.147139
24.524280
29.640527
26.178568
26.627966
22.542169
29.929447
29.695093
31.354851
26.889023
25.216781
24.480391
27.016748
26.292521
22.488861
21.800412
22.679863
29.817270
26.982542
30.926619
22.565725
27.393647
29.398927
26.703775
23.459227
26.083464
29.164595
28.941840
24.039159
32.491108
25.541796
28.905564
24.745923
25.926295
30.856651
28.581893
23.362523
28.064907
26.276122
24.653734
30.009695
27.976547
30.967599
29.858906
19.236255
22.466500
24.693844
23.089038
21.784143
27.959325
