0.023928715 -601.00171285481 
0.04785743 -574.839456496223 
0.071786145 -549.814179722838 
0.09571486 -525.876470795871 
0.119643575 -502.979065350127 
0.14357229 -481.076753071772 
0.167501005 -460.126288431781 
0.19142972 -440.0863052988 
0.215358435 -420.917235262828 
0.23928715 -402.581229508448 
0.263215865 -385.042084083358 
0.28714458 -368.265168414635 
0.311073295 -352.217356931597 
0.33500201 -336.866963660248 
0.358930725 -322.183679660176 
0.38285944 -308.138513180359 
0.406788155 -294.703732415728 
0.43071687 -281.852810751462 
0.454645585 -269.560374386897 
0.4785743 -257.802152235639 
0.502503015 -246.554928002947 
0.52643173 -235.796494345787 
0.550360445 -225.505609025029 
0.57428916 -215.661952963206 
0.598217875 -206.246090125051 
0.62214659 -197.239429141557 
0.646075305 -188.62418660182 
0.67000402 -180.383351940172 
0.693932735 -172.500653849273 
0.71786145 -164.96052815285 
0.741790165 -157.748087074649 
0.76571888 -150.849089842919 
0.789647595 -144.249914572388 
0.81357631 -137.937531368219 
0.837505025 -131.899476598828 
0.86143374 -126.123828286779 
0.885362455 -120.599182569158 
0.90929117 -115.314631180953 
0.933219885 -110.259739916973 
0.9571486 -105.424528029795 
0.981077315 -100.799448523038 
1.00500603 -96.3753693010829 
1.028934745 -92.143555137987 
1.05286346 -88.0956504300183 
1.076792175 -84.2236626977386 
1.10072089 -80.5199468050669 
1.124649605 -76.9771898641628 
1.14857832 -73.5883967963258 
1.172507035 -70.3468765203991 
1.19643575 -67.2462287414097 
1.220364465 -64.2803313133568 
1.24429318 -61.443328151199 
1.268221895 -58.7296176681708 
1.29215061 -56.1338417155998 
1.316079325 -53.6508750033856 
1.34000804 -51.2758149802516 
1.363936755 -49.003972153789 
1.38786547 -46.8308608311795 
1.411794185 -44.7521902623152 
1.4357229 -42.763856167827 
1.459651615 -40.8619326352952 
1.48358033 -39.0426643676406 
1.507509045 -37.3024592683908 
1.53143776 -35.637881349182 
1.555366475 -34.0456439454922 
1.57929519 -32.5226032272096 
1.603223905 -31.0657519912249 
1.62715262 -29.6722137237888 
1.651081335 -28.3392369209127 
1.67501005 -27.0641896555981 
1.698938765 -25.8445543811669 
1.72286748 -24.6779229604329 
1.746796195 -23.5619919108996 
1.77072491 -22.4945578565957 
1.794653625 -21.4735131775681 
1.81858234 -20.4968418484428 
1.842511055 -19.5626154578369 
1.86643977 -18.6689894007617 
1.890368485 -17.8141992364998 
1.9142972 -16.9965572047644 
1.938225915 -16.214448893261 
1.96215463 -15.4663300500744 
1.986083345 -14.7507235345842 
2.01001206 -14.0662164008904 
2.033940775 -13.4114571079894 
2.05786949 -12.7851528511925 
2.081798205 -12.1860670095178 
2.10572692 -11.6130167040153 
2.129655635 -11.0648704622035 
2.15358435 -10.5405459840082 
2.177513065 -10.039008004789 
2.20144178 -9.55926625123783 
2.225370495 -9.1003734861103 
2.24929921 -8.66142363793134 
2.273227925 -8.24155001198133 
2.29715664 -7.83992357903052 
2.321085355 -7.45575133844307 
2.34501407 -7.08827475241853 
2.368942785 -6.73676824827925 
2.3928715 -6.40053778584653 
2.416800215 -6.07891948707698 
2.44072893 -5.77127832525295 
2.464657645 -5.47700687113945 
2.48858636 -5.19552409363123 
2.512515075 -4.92627421252254 
2.53644379 -4.66872560113397 
2.560372505 -4.42236973662978 
2.58430122 -4.1867201959532 
2.608229935 -3.96131169539714 
2.63215865 -3.74569917191393 
2.656087365 -3.53945690435034 
2.68001608 -3.34217767287245 
2.703944795 -3.15347195492108 
2.72787351 -2.9729671561099 
2.751802225 -2.80030687454777 
2.77573094 -2.63515019713281 
2.799659655 -2.47717102642853 
2.82358837 -2.32605743679326 
2.847517085 -2.18151105849125 
2.8714458 -2.04324648856967 
2.895374515 -1.91099072733809 
2.91930323 -1.78448263933792 
2.943231945 -1.66347243773744 
2.96716066 -1.54772119113439 
2.991089375 -1.4370003517923 
3.01501809 -1.33109130437912 
3.038946805 -1.2297849343171 
3.06287552 -1.13288121489165 
3.086804235 -1.04018881230398 
3.11073295 -0.951524707887566 
3.134661665 -0.866713836742779 
3.15859038 -0.785588742075873 
3.182519095 -0.707989244560055 
3.20644781 -0.633762126065683 
3.230376525 -0.562760827135178 
3.25430524 -0.494845157605301 
3.278233955 -0.429881019805423 
3.30216267 -0.367740143785277 
3.326091385 -0.308299834049363 
3.3500201 -0.251442727297988 
3.373948815 -0.197056560696574 
3.39787753 -0.145033950215687 
3.421806245 -0.0952721786041626 
3.44573496 -0.0476729925766295 
3.469663675 -0.00214240881503747 
3.49359239 0.0414094715988872 
3.517521105 0.0830686406866532 
3.54144982 0.122917353361942 
3.565378535 0.161034289840737 
3.58930725 0.1974947109933 
3.613235965 0.232370606944743 
3.63716468 0.265730839217606 
3.661093395 0.297641276697086 
3.68502211 0.328164925687387 
3.708950825 0.357362054315983 
3.73287954 0.385290311531417 
3.756808255 0.41200484092961 
3.78073697 0.437558389633411 
3.804665685 0.462001412440384 
3.8285944 0.485382171444449 
3.852523115 0.507746831328094 
3.87645183 0.529139550513308 
3.900380545 0.549602568351201 
3.92430926 0.569176288522471 
3.948237975 0.587899358813388 
3.97216669 0.605808747424815 
3.996095405 0.622939815964934 
4.02002412 0.639326389269785 
4.043952835 0.655000822189508 
4.06788155 0.669994063472123 
4.091810265 0.684335716871007 
4.11573898 0.698054099596708 
4.139667695 0.711176298228526 
4.16359641 0.72372822219623 
4.187525125 0.73573465493754 
4.21145384 0.747219302832357 
4.235382555 0.758204842010378 
4.25931127 0.768712963124504 
4.283239985 0.778764414178455 
4.3071687 0.788379041493147 
4.331097415 0.797575828892723 
4.35502613 0.806372935187602 
4.378954845 0.814787730028567 
4.40288356 0.822836828202673 
4.426812275 0.830536122438701 
4.45074099 0.837900814786923 
4.474669705 0.844945446635148 
4.49859842 0.851683927420294 
4.522527135 0.858129562092209 
4.54645585 0.86429507738393 
4.570384565 0.870192646940281 
4.59431328 0.875833915354408 
4.618241995 0.881230021159714 
4.64217071 0.886391618822598 
4.666099425 0.891328899779411 
4.69002814 0.896051612559178 
4.713956855 0.900569082031801 
4.73788557 0.904890227819771 
4.761814285 0.909023581909722 
4.785743 0.912977305498608 
4.809671715 0.91675920510777 
4.83360043 0.920376747996703 
4.857529145 0.923837076906958 
4.88145786 0.927147024165297 
4.905386575 0.930313125173939 
4.92931529 0.933341631314532 
4.953244005 0.936238522291343 
4.97717272 0.939009517938026 
5.001101435 0.941660089511273 
5.02503015 0.944195470493671 
5.048958865 0.946620666927069 
5.07288758 0.948940467296875 
5.096816295 0.951159451986792 
5.12074501 0.953282002322664 
5.144673725 0.955312309223284 
5.16860244 0.957254381475254 
5.192531155 0.959112053648224 
5.21645987 0.96088899366615 
5.240388585 0.962588710049507 
5.2643173 0.964214558842775 
5.288246015 0.965769750240854 
5.31217473 0.967257354927509 
5.336103445 0.968680310138355 
5.36003216 0.970041425460346 
5.383960875 0.971343388379234 
5.40788959 0.972588769585935 
5.431818305 0.973780028052288 
5.45574702 0.974919515886231 
5.479675735 0.976009482975976 
5.50360445 0.977052081432351 
5.527533165 0.978049369838086 
5.55146188 0.97900331731243 
5.575390595 0.979915807399123 
5.59931931 0.980788641785403 
5.623248025 0.981623543859391 
5.64717674 0.982422162112873 
5.671105455 0.983186073396201 
5.69503417 0.983916786031746 
5.718962885 0.984615742792039 
5.7428916 0.985284323748482 
5.766820315 0.98592384899627 
5.79074903 0.986535581260877 
5.814677745 0.987120728391276 
5.83860646 0.987680445744805 
5.862535175 0.98821583846839 
5.88646389 0.988727963680624 
5.910392605 0.989217832559024 
5.93432132 0.98968641233657 
5.958250035 0.990134628211485 
5.98217875 0.990563365174009 
6.006107465 0.990973469753794 
6.03003618 0.991365751691348 
6.053964895 0.991740985536852 
6.07789361 0.992099912179485 
6.101822325 0.99244324031029 
6.12575104 0.992771647821466 
6.149679755 0.993085783144849 
6.17360847 0.993386266532223 
6.197537185 0.993673691279988 
6.2214659 0.993948624900611 
6.245394615 0.994211610243163 
6.26932333 0.99446316656516 
6.293252045 0.994703790557823 
6.31718076 0.994933957326781 
6.341109475 0.995154121330156 
6.36503819 0.995364717275875 
6.388966905 0.995566160979993 
6.41289562 0.99575885018771 
6.436824335 0.995943165358705 
6.46075305 0.996119470418348 
6.484681765 0.996288113476257 
6.50861048 0.996449427513633 
6.532539195 0.996603731040724 
6.55646791 0.99675132872571 
6.580396625 0.996892511996269 
6.60432534 0.997027559614986 
6.628254055 0.997156738229769 
6.65218277 0.997280302900332 
6.676111485 0.997398497601809 
6.7000402 0.997511555706471 
6.723968915 0.99761970044452 
6.74789763 0.997723145344843 
6.771826345 0.997822094656626 
6.79575506 0.997916743752636 
6.819683775 0.998007279514978 
6.84361249 0.998093880704089 
6.867541205 0.998176718311698 
6.89146992 0.998255955898444 
6.915398635 0.998331749916818 
6.93932735 0.998404250020081 
6.963256065 0.998473599357745 
6.98718478 0.998539934858219 
7.011113495 0.998603387499173 
7.03504221 0.998664082566147 
7.058970925 0.998722139899926 
7.08289964 0.998777674133159 
7.106828355 0.998830794916703 
7.13075707 0.998881607136124 
7.154685785 0.998930211118786 
7.1786145 0.998976702831953 
7.202543215 0.999021174072266 
7.22647193 0.999063712647 
7.250400645 0.999104402547429 
7.27432936 0.999143324114674 
7.298258075 0.999180554198326 
7.32218679 0.999216166308188 
7.346115505 0.999250230759417 
7.37004422 0.999282814811361 
7.393972935 0.999313982800357 
7.41790165 0.999343796266765 
7.441830365 0.999372314076475 
7.46575908 0.999399592537139 
7.489687795 0.999425685509347 
7.51361651 0.999450644512975 
7.537545225 0.999474518828906 
7.56147394 0.999497355596337 
7.585402655 0.999519199905855 
7.60933137 0.999540094888463 
7.633260085 0.999560081800746 
7.6571888 0.999579200106325 
7.681117515 0.999597487553784 
7.70504623 0.999614980251197 
7.728974945 0.999631712737428 
7.75290366 0.999647718050322 
7.776832375 0.999663027791941 
7.80076109 0.99967767219096 
7.824689805 0.999691680162352 
7.84861852 0.999705079364482 
7.872547235 0.999717896253715 
7.89647595 0.999730156136656 
7.920404665 0.999741883220116 
7.94433338 0.999753100658907 
7.968262095 0.99976383060156 
7.99219081 0.999774094234062 
8.016119525 0.999783911821679 
8.04004824 0.999793302748974 
8.063976955 0.999802285558083 
8.08790567 0.999810877985322 
8.111834385 0.999819096996208 
8.1357631 0.999826958818957 
8.159691815 0.999834478976528 
8.18362053 0.999841672317272 
8.207549245 0.999848553044246 
8.23147796 0.999855134743262 
8.255406675 0.999861430409709 
8.27933539 0.99986745247421 
8.303264105 0.999873212827171 
8.32719282 0.999878722842256 
8.351121535 0.99988399339884 
8.37505025 0.999889034903497 
8.398978965 0.999893857310542 
8.42290768 0.99989847014169 
8.446836395 0.999902882504852 
8.47076511 0.999907103112121 
8.494693825 0.999911140296972 
8.51862254 0.999915002030719 
8.542551255 0.999918695938253 
8.56647997 0.999922229313094 
8.590408685 0.999925609131796 
8.6143374 0.999928842067722 
8.638266115 0.999931934504216 
8.66219483 0.999934892547211 
8.686123545 0.999937722037284 
8.71005226 0.999940428561188 
8.733980975 0.999943017462882 
8.75790969 0.999945493854082 
8.781838405 0.999947862624356 
8.80576712 0.999950128450779 
8.829695835 0.999952295807163 
8.85362455 0.999954368972896 
8.877553265 0.999956352041388 
8.90148198 0.999958248928155 
8.925410695 0.999960063378549 
8.94933941 0.999961798975153 
8.973268125 0.999963459144857 
8.99719684 0.99996504716562 
9.021125555 0.999966566172949 
9.04505427 0.999968019166081 
9.068982985 0.999969409013913 
9.0929117 0.999970738460662 
9.116840415 0.999972010131286 
9.14076913 0.999973226536664 
9.164697845 0.999974390078555 
9.18862656 0.999975503054342 
9.212555275 0.999976567661566 
9.23648399 0.999977586002265 
9.260412705 0.999978560087126 
9.28434142 0.999979491839453 
9.308270135 0.999980383098966 
9.33219885 0.999981235625434 
9.356127565 0.999982051102147 
9.38005628 0.999982831139241 
9.403984995 0.99998357727688 
9.42791371 0.999984290988292 
9.451842425 0.999984973682681 
9.47577114 0.999985626708008 
9.499699855 0.999986251353656 
9.52362857 0.99998684885297 
9.547557285 0.999987420385696 
9.571486 0.99998796708031 
