0.01955964 -176.150852730634 
0.03911928 -170.799774057607 
0.05867892 -165.610331879823 
0.07823856 -160.57764375055 
0.0977982 -155.696974703891 
0.11735784 -150.963732799937 
0.13691748 -146.373464804468 
0.15647712 -141.921851999169 
0.17603676 -137.604706118391 
0.1955964 -133.417965408657 
0.21515604 -129.357690807193 
0.23471568 -125.420062235886 
0.25427532 -121.6013750072 
0.27383496 -117.898036338645 
0.2933946 -114.306561972535 
0.31295424 -110.823572897853 
0.33251388 -107.445792171134 
0.35207352 -104.170041833376 
0.37163316 -100.993239920084 
0.3911928 -97.9123975616267 
0.41075244 -94.9246161711817 
0.43031208 -92.0270847176218 
0.44987172 -89.2170770807786 
0.46943136 -86.4919494865925 
0.488991 -83.8491380197395 
0.50855064 -81.2861562113901 
0.52811028 -78.8005926998348 
0.54766992 -76.3901089617726 
0.56722956 -74.0524371121298 
0.5867892 -71.7853777703374 
0.60634884 -69.5867979910613 
0.62590848 -67.4546292574363 
0.64546812 -65.3868655349187 
0.66502776 -63.3815613839236 
0.6845874 -61.4368301294736 
0.70414704 -59.5508420861347 
0.72370668 -57.7218228365709 
0.74326632 -55.9480515620975 
0.76282596 -54.2278594236618 
0.7823856 -52.5596279917291 
0.80194524 -50.9417877235955 
0.82150488 -49.3728164866956 
0.84106452 -47.8512381265161 
0.86062416 -46.3756210777668 
0.8801838 -44.944577017504 
0.89974344 -43.5567595589368 
0.91930308 -42.2108629846901 
0.93886272 -40.9056210183301 
0.95842236 -39.6398056329978 
0.977982 -38.4122258960299 
0.99754164 -37.2217268484782 
1.01710128 -36.0671884184761 
1.03666092 -34.9475243674269 
1.05622056 -33.8616812680252 
1.0757802 -32.8086375131477 
1.09533984 -31.7874023546819 
1.11489948 -30.7970149713884 
1.13445912 -29.8365435649196 
1.15401876 -28.9050844831447 
1.1735784 -28.001761369955 
1.19313804 -27.1257243407516 
1.21269768 -26.2761491828375 
1.23225732 -25.4522365799637 
1.25181696 -24.6532113602988 
1.2713766 -23.8783217671141 
1.29093624 -23.1268387514995 
1.31049588 -22.3980552864431 
1.33005552 -21.6912857016307 
1.34961516 -21.0058650383376 
1.3691748 -20.3411484238078 
1.38873444 -19.6965104645302 
1.40829408 -19.0713446578421 
1.42785372 -18.4650628213054 
1.44741336 -17.8770945393203 
1.466973 -17.3068866264537 
1.48653264 -16.753902606979 
1.50609228 -16.2176222101374 
1.52565192 -15.6975408806447 
1.54521156 -15.1931693039847 
1.5647712 -14.704032946041 
1.58433084 -14.2296716066358 
1.60389048 -13.7696389865535 
1.62345012 -13.323502267644 
1.64300976 -12.8908417056088 
1.6625694 -12.4712502350879 
1.68212904 -12.0643330866754 
1.70168868 -11.6697074155038 
1.72124832 -11.2870019410476 
1.74080796 -10.9158565978064 
1.7603676 -10.5559221965403 
1.77992724 -10.206860095738 
1.79948688 -9.86834188300837 
1.81904652 -9.54004906609618 
1.83860616 -9.22167277323119 
1.8581658 -8.9129134625285 
1.87772544 -8.61348064016687 
1.89728508 -8.32309258707982 
1.91684472 -8.04147609390243 
1.93640436 -7.76836620392445 
1.955964 -7.50350596380775 
1.97552364 -7.24664618183377 
1.99508328 -6.99754519345347 
2.01464292 -6.755968633919 
2.03420256 -6.52168921778354 
2.0537622 -6.2944865250614 
2.07332184 -6.07414679384772 
2.09288148 -5.86046271920211 
2.11244112 -5.65323325810749 
2.13200076 -5.45226344032021 
2.1515604 -5.25736418493389 
2.17112004 -5.06835212248404 
2.19067968 -4.88504942242636 
2.21023932 -4.7072836258262 
2.22979896 -4.53488748310192 
2.2493586 -4.36769879666942 
2.26891824 -4.20556026833973 
2.28847788 -4.04831935132633 
2.30803752 -3.89582810672255 
2.32759716 -3.7479430643145 
2.3471568 -3.60452508759816 
2.36671644 -3.46543924287388 
2.38627608 -3.33055467229506 
2.40583572 -3.19974447075156 
2.42539536 -3.07288556647197 
2.444955 -2.9498586052325 
2.46451464 -2.83054783806351 
2.48407428 -2.71484101234791 
2.50363392 -2.60262926620921 
2.52319356 -2.49380702608966 
2.5427532 -2.38827190742213 
2.56231284 -2.28592461830242 
2.58187248 -2.18666886607124 
2.60143212 -2.09041126671797 
2.62099176 -1.99706125702108 
2.6405514 -1.90653100934235 
2.66011104 -1.81873534899498 
2.67967068 -1.73359167410762 
2.69923032 -1.65101987790902 
2.71878996 -1.57094227336019 
2.7383496 -1.49328352006318 
2.75790924 -1.41797055337762 
2.77746888 -1.34493251567841 
2.79702852 -1.27410068968988 
2.81658816 -1.20540843383368 
2.8361478 -1.13879111952955 
2.85570744 -1.07418607039 
2.87526708 -1.01153250325176 
2.89482672 -0.950771470988378 
2.91438636 -0.891845807050259 
2.933946 -0.834700071679985 
2.95350564 -0.779280499752229 
2.97306528 -0.725534950189251 
2.99262492 -0.673412856904377 
3.01218456 -0.622865181227269 
3.0317442 -0.573844365766287 
3.05130384 -0.526304289664467 
3.07086348 -0.480200225207082 
3.09042312 -0.435488795739904 
3.10998276 -0.392127934858621 
3.1295424 -0.350076846830978 
3.14910204 -0.309295968214433 
3.16866168 -0.269746930633189 
3.18822132 -0.231392524679611 
3.20778096 -0.194196664906031 
3.2273406 -0.158124355874046 
3.24690024 -0.123141659229314 
3.26645988 -0.0892156617709263 
3.28601952 -0.0563144444852692 
3.30557916 -0.0244070525152698 
3.3251388 0.00653653396324771 
3.34469844 0.036545427985478 
3.36425808 0.0656478631884115 
3.38381772 0.093871220374237 
3.40337736 0.121242053271353 
3.422937 0.147786113517246 
3.44249664 0.173528374886711 
3.46205628 0.198493056788247 
3.48161592 0.222703647050691 
3.50117556 0.246182924021565 
3.5207352 0.268952977997911 
3.54029484 0.291035232009772 
3.55985448 0.31245046197589 
3.57941412 0.333218816250566 
3.59897376 0.353359834580085 
3.6185334 0.372892466486537 
3.63809304 0.391835089096326 
3.65765268 0.410205524430152 
3.67721232 0.42802105617072 
3.69677196 0.445298445923958 
3.7163316 0.462053948989049 
3.73589124 0.478303329652099 
3.75545088 0.494061876017851 
3.77501052 0.509344414393373 
3.79457016 0.524165323237282 
3.8141298 0.538538546687601 
3.83368944 0.552477607680996 
3.85324908 0.565995620675728 
3.87280872 0.579105303990286 
3.89236836 0.591818991769326 
3.911928 0.60414864558815 
3.93148764 0.616105865706662 
3.95104728 0.627701901983388 
3.97060692 0.638947664459816 
3.99016656 0.649853733625024 
4.0097262 0.660430370370252 
4.02928584 0.670687525642784 
4.04884548 0.680634849808219 
4.06840512 0.690281701729943 
4.08796476 0.699637157574343 
4.1075244 0.708710019350051 
4.12708404 0.717508823189243 
4.14664368 0.726041847378797 
4.16620332 0.734317120148849 
4.18576296 0.742342427226099 
4.2053226 0.750125319158947 
4.22488224 0.757673118421372 
4.24444188 0.76499292630222 
4.26400152 0.772091629586403 
4.28356116 0.778975907034274 
4.3031208 0.785652235665289 
4.32268044 0.792126896851857 
4.34224008 0.798405982229129 
4.36179972 0.804495399426256 
4.38135936 0.810400877624544 
4.400919 0.816127972947707 
4.42047864 0.821682073689305 
4.44003828 0.827068405382275 
4.45959792 0.832292035715337 
4.47915756 0.837357879300889 
4.4987172 0.842270702298881 
4.51827684 0.847035126901022 
4.53783648 0.851655635679531 
4.55739612 0.856136575804534 
4.57695576 0.86048216313406 
4.5965154 0.864696486180506 
4.61607504 0.868783509957276 
4.63563468 0.872747079709236 
4.65519432 0.876590924530485 
4.67475396 0.880318660872839 
4.6943136 0.883933795948347 
4.71387324 0.887439731029023 
4.73343288 0.890839764646907 
4.75299252 0.894137095697459 
4.77255216 0.897334826449224 
4.7921118 0.900435965462569 
4.81167144 0.903443430420267 
4.83123108 0.90636005087258 
4.85079072 0.909188570899413 
4.87035036 0.911931651692065 
4.88991 0.914591874056988 
4.90946964 0.917171740843923 
4.92902928 0.91967367930068 
4.94858892 0.922100043356802 
4.96814856 0.924453115838237 
4.9877082 0.92673511061512 
5.00726784 0.928948174684674 
5.02682748 0.931094390191199 
5.04638712 0.933175776385035 
5.06594676 0.935194291522365 
5.0855064 0.937151834707621 
5.10506604 0.939050247680243 
5.12462568 0.940891316547467 
5.14418532 0.942676773464768 
5.16374496 0.944408298265544 
5.1833046 0.94608752004158 
5.20286424 0.947716018675759 
5.22242388 0.949295326328489 
5.24198352 0.95082692887922 
5.26154316 0.952312267324425 
5.2811028 0.953752739133349 
5.30066244 0.955149699562807 
5.32022208 0.956504462932269 
5.33978172 0.957818303860423 
5.35934136 0.959092458464397 
5.378901 0.960328125522743 
5.39846064 0.961526467603304 
5.41802028 0.962688612157002 
5.43757992 0.963815652578599 
5.45713956 0.9649086492354 
5.4766992 0.965968630464899 
5.49625884 0.966996593542277 
5.51581848 0.967993505618686 
5.53537812 0.968960304631178 
5.55493776 0.969897900185166 
5.5744974 0.97080717441021 
5.59405704 0.971688982789967 
5.61361668 0.972544154967064 
5.63317632 0.973373495523664 
5.65273596 0.974177784738445 
5.6722956 0.974957779320727 
5.69185524 0.975714213122408 
5.71141488 0.97644779782841 
5.73097452 0.977159223626257 
5.75053416 0.977849159855437 
5.7700938 0.97851825563714 
5.78965344 0.979167140484984 
5.80921308 0.979796424897283 
5.82877272 0.980406700931435 
5.84833236 0.980998542760949 
5.867892 0.981572507215656 
5.88745164 0.982129134305595 
5.90701128 0.98266894772908 
5.92657092 0.983192455365417 
5.94613056 0.983700149752735 
5.9656902 0.984192508551393 
5.98524984 0.984669994993377 
6.00480948 0.98513305831813 
6.02436912 0.985582134195219 
6.04392876 0.986017645134226 
6.0634884 0.986440000882265 
6.08304804 0.986849598809494 
6.10260768 0.987246824282968 
6.12216732 0.987632051029217 
6.14172696 0.988005641485862 
6.1612866 0.988367947142608 
6.18084624 0.988719308871944 
6.20040588 0.989060057249848 
6.21996552 0.98939051286681 
6.23952516 0.989710986629454 
6.2590848 0.990021780053053 
6.27864444 0.990323185545208 
6.29820408 0.990615486680956 
6.31776372 0.990898958469571 
6.33732336 0.991173867613304 
6.356883 0.991440472758308 
6.37644264 0.991699024737981 
6.39600228 0.991949766808963 
6.41556192 0.992192934880002 
6.43512156 0.992428757733907 
6.4546812 0.992657457242794 
6.47424084 0.992879248576836 
6.49380048 0.993094340406704 
6.51336012 0.993302935099889 
6.53291976 0.993505228911104 
6.5524794 0.993701412166924 
6.57203904 0.993891669444855 
6.59159868 0.994076179746994 
6.61115832 0.994255116668437 
6.63071796 0.994428648560611 
6.6502776 0.994596938689661 
6.66983724 0.994760145390059 
6.68939688 0.994918422213573 
6.70895652 0.995071918073734 
6.72851616 0.995220777385943 
6.7480758 0.995365140203335 
6.76763544 0.995505142348559 
6.78719508 0.995640915541553 
6.80675472 0.995772587523482 
6.82631436 0.995900282176918 
6.845874 0.99602411964239 
6.86543364 0.996144216431427 
6.88499328 0.996260685536168 
6.90455292 0.996373636535674 
6.92411256 0.996483175699022 
6.9436722 0.996589406085293 
6.96323184 0.996692427640527 
6.98279148 0.996792337291762 
7.00235112 0.996889229038224 
7.02191076 0.996983194039767 
7.0414704 0.99707432070264 
7.06103004 0.997162694762663 
7.08058968 0.997248399365888 
7.10014932 0.997331515146834 
7.11970896 0.997412120304342 
7.1392686 0.997490290675155 
7.15882824 0.997566099805265 
7.17838788 0.997639619019107 
7.19794752 0.99771091748667 
7.21750716 0.997780062288567 
7.2370668 0.997847118479152 
7.25662644 0.997912149147727 
7.27618608 0.997975215477897 
7.29574572 0.998036376805131 
7.31530536 0.998095690672595 
7.334865 0.998153212885283 
7.35442464 0.998208997562528 
7.37398428 0.998263097188913 
7.39354392 0.998315562663655 
7.41310356 0.998366443348493 
7.4326632 0.998415787114127 
7.45222284 0.99846364038526 
7.47178248 0.998510048184273 
7.49134212 0.998555054173587 
7.51090176 0.998598700696741 
7.5304614 0.99864102881823 
7.55002104 0.998682078362141 
7.56958068 0.998721887949621 
7.58914032 0.998760495035216 
7.60869996 0.998797935942104 
7.6282596 0.998834245896274 
7.64781924 0.998869459059667 
7.66737888 0.998903608562317 
7.68693852 0.998936726533521 
7.70649816 0.998968844132067 
7.7260578 0.99899999157555 
7.74561744 0.999030198168804 
7.76517708 0.999059492331468 
7.78473672 0.99908790162473 
7.80429636 0.999115452777256 
7.823856 0.999142171710334 
