3.703910
3.377830
3.435156
3.413153
3.572030
4.327418
3.438822
4.388017
3.894008
3.603453
3.349056
3.674824
4.354697
3.505574
3.482089
3.802726
3.938732
3.193454
3.671122
4.006115
3.803391
3.621482
3.231003
3.678975
3.857242
3.949093
3.131819
4.418350
4.062070
3.789144
3.520678
3.423293
4.226622
3.859060
3.773130
4.863836
4.279191
3.992352
4.050701
3.530644
7.260818
2.863962
3.858015
3.945696
4.164810
3.950565
3.655071
3.485343
3.377824
7.340425
3.755043
3.506521
3.191385
4.110278
4.224852
4.205567
7.312323
3.764325
4.725570
3.970685
3.305464
3.923527
3.756177
3.813058
4.504823
4.115314
4.124104
4.263000
3.644403
7.823856
3.487864
4.469933
3.296191
3.761923
3.264896
4.269340
3.368373
3.237625
4.370504
3.450968
3.790252
4.309534
3.976701
4.071884
4.404261
3.872554
3.311264
3.918332
4.198720
3.743843
3.743580
3.909297
4.386979
3.562860
3.684864
4.235448
3.434668
4.837153
4.034426
3.407339
