files/ftv170.atsp,0.100000,3589.000000,3589.000000,0.862214
files/ftv170.atsp,0.100000,3589.000000,3826.500000,1.306145
files/ftv170.atsp,0.100000,3589.000000,3786.000000,2.424145
files/ftv170.atsp,0.100000,3589.000000,3826.000000,3.465901
files/ftv170.atsp,0.100000,3589.000000,3830.000000,4.193499
files/ftv170.atsp,0.100000,3589.000000,3876.000000,4.596021
files/ftv170.atsp,0.100000,3222.000000,3782.571429,5.725781
files/ftv170.atsp,0.100000,3222.000000,3726.500000,6.705906
files/ftv170.atsp,0.100000,3222.000000,3725.444444,7.676991
files/ftv170.atsp,0.100000,3222.000000,3713.500000,8.496137
files/ftv170.atsp,0.100000,3222.000000,3746.545455,9.107215
files/ftv170.atsp,0.100000,3222.000000,3728.750000,10.115940
files/ftv170.atsp,0.100000,3222.000000,3757.153846,10.720957
files/ftv170.atsp,0.100000,3222.000000,3799.142857,11.175214
files/ftv170.atsp,0.100000,3222.000000,3824.400000,11.619444
files/ftv170.atsp,0.100000,3222.000000,3835.562500,12.131288
files/ftv170.atsp,0.100000,3222.000000,3857.235294,12.531884
files/ftv170.atsp,0.100000,3222.000000,3870.611111,13.216404
files/ftv170.atsp,0.100000,3222.000000,3863.947368,14.315909
files/ftv170.atsp,0.100000,3222.000000,3878.850000,14.926632
files/ftv170.atsp,0.100000,3222.000000,3879.142857,15.853578
files/ftv170.atsp,0.100000,3222.000000,3877.500000,16.196441
files/ftv170.atsp,0.100000,3222.000000,3864.434783,17.050321
files/ftv170.atsp,0.100000,3222.000000,3842.750000,18.228413
files/ftv170.atsp,0.100000,3222.000000,3840.480000,18.543119
files/ftv170.atsp,0.100000,3222.000000,3843.423077,19.557126
files/ftv170.atsp,0.100000,3222.000000,3841.592593,20.414209
files/ftv170.atsp,0.100000,3222.000000,3837.857143,21.153797
files/ftv170.atsp,0.100000,3222.000000,3849.620690,21.541364
files/ftv170.atsp,0.100000,3222.000000,3854.066667,21.999215
files/ftv170.atsp,0.100000,3222.000000,3849.870968,23.088228
files/ftv170.atsp,0.100000,3222.000000,3845.656250,24.039888
files/ftv170.atsp,0.100000,3222.000000,3839.545455,24.819477
files/ftv170.atsp,0.100000,3222.000000,3846.176471,25.180362
files/ftv170.atsp,0.100000,3222.000000,3848.857143,25.972746
files/ftv170.atsp,0.100000,3222.000000,3852.277778,26.870928
files/ftv170.atsp,0.100000,3222.000000,3857.972973,27.334981
files/ftv170.atsp,0.100000,3222.000000,3848.368421,28.493829
files/ftv170.atsp,0.100000,3222.000000,3859.769231,28.963079
files/ftv170.atsp,0.100000,3222.000000,3861.125000,29.775392
files/ftv170.atsp,0.100000,3222.000000,3854.463415,31.100826
files/ftv170.atsp,0.100000,3222.000000,3862.761905,31.373204
files/ftv170.atsp,0.100000,3222.000000,3869.697674,31.987164
files/ftv170.atsp,0.100000,3222.000000,3881.545455,32.346171
files/ftv170.atsp,0.100000,3222.000000,3893.511111,32.702728
files/ftv170.atsp,0.100000,3222.000000,3887.826087,34.079420
files/ftv170.atsp,0.100000,3222.000000,3884.553191,35.052951
files/ftv170.atsp,0.100000,3222.000000,3884.062500,35.395501
files/ftv170.atsp,0.100000,3222.000000,3888.326531,36.010318
files/ftv170.atsp,0.100000,3222.000000,3896.480000,36.310437
files/ftv170.atsp,0.100000,3222.000000,3900.882353,36.837724
files/ftv170.atsp,0.100000,3222.000000,3901.615385,37.347551
files/ftv170.atsp,0.100000,3222.000000,3908.716981,37.717993
files/ftv170.atsp,0.100000,3222.000000,3904.925926,38.572090
files/ftv170.atsp,0.100000,3222.000000,3898.636364,39.575811
files/ftv170.atsp,0.100000,3222.000000,3909.732143,39.833305
files/ftv170.atsp,0.100000,3222.000000,3909.578947,40.432791
files/ftv170.atsp,0.100000,3222.000000,3901.586207,41.236963
files/ftv170.atsp,0.100000,3222.000000,3894.762712,41.750047
files/ftv170.atsp,0.100000,3222.000000,3892.683333,42.795434
files/ftv170.atsp,0.100000,3222.000000,3891.229508,43.611387
files/ftv170.atsp,0.100000,3222.000000,3894.661290,44.053940
files/ftv170.atsp,0.100000,3222.000000,3886.714286,44.925776
files/ftv170.atsp,0.100000,3222.000000,3883.890625,45.717373
files/ftv170.atsp,0.100000,3222.000000,3885.753846,46.345487
files/ftv170.atsp,0.100000,3222.000000,3889.757576,46.772872
files/ftv170.atsp,0.100000,3222.000000,3887.805970,47.753895
files/ftv170.atsp,0.100000,3222.000000,3883.088235,48.123063
files/ftv170.atsp,0.100000,3222.000000,3883.028986,48.838578
files/ftv170.atsp,0.100000,3222.000000,3875.414286,49.598774
files/ftv170.atsp,0.100000,3222.000000,3870.549296,50.613117
files/ftv170.atsp,0.100000,3222.000000,3864.111111,51.545216
files/ftv170.atsp,0.100000,3222.000000,3866.452055,52.391214
files/ftv170.atsp,0.100000,3222.000000,3866.824324,53.101513
files/ftv170.atsp,0.100000,3222.000000,3867.653333,53.805355
files/ftv170.atsp,0.100000,3222.000000,3869.697368,54.538756
files/ftv170.atsp,0.100000,3222.000000,3869.064935,55.142015
files/ftv170.atsp,0.100000,3222.000000,3874.794872,55.502972
files/ftv170.atsp,0.100000,3222.000000,3870.493671,56.277054
files/ftv170.atsp,0.100000,3222.000000,3875.962500,56.632926
files/ftv170.atsp,0.100000,3222.000000,3876.098765,57.448873
files/ftv170.atsp,0.100000,3222.000000,3878.048780,58.218432
files/ftv170.atsp,0.100000,3222.000000,3876.819277,59.080094
files/ftv170.atsp,0.100000,3222.000000,3871.809524,61.036005
files/ftv170.atsp,0.100000,3222.000000,3874.352941,61.594315
files/ftv170.atsp,0.100000,3222.000000,3875.976744,61.977687
files/ftv170.atsp,0.100000,3222.000000,3877.586207,62.519546
files/ftv170.atsp,0.100000,3222.000000,3870.795455,63.492556
files/ftv170.atsp,0.100000,3222.000000,3873.134831,63.834607
files/ftv170.atsp,0.100000,3222.000000,3872.166667,64.694007
files/ftv170.atsp,0.100000,3222.000000,3874.956044,65.322169
files/ftv170.atsp,0.100000,3222.000000,3874.804348,65.848992
files/ftv170.atsp,0.100000,3222.000000,3879.806452,66.449228
files/ftv170.atsp,0.100000,3222.000000,3880.478723,66.960843
files/ftv170.atsp,0.100000,3222.000000,3875.789474,67.519051
files/ftv170.atsp,0.100000,3222.000000,3876.333333,67.931722
files/ftv170.atsp,0.100000,3222.000000,3871.463918,69.017370
files/ftv170.atsp,0.100000,3222.000000,3870.010204,69.814315
files/ftv170.atsp,0.100000,3222.000000,3870.434343,70.261318
files/ftv170.atsp,0.100000,3222.000000,3870.650000,70.702387
files/ftv170.atsp,0.100000,3222.000000,3868.712871,71.647323
files/ftv170.atsp,0.100000,3222.000000,3867.009804,72.435200
files/ftv170.atsp,0.100000,3222.000000,3866.786408,73.214942
files/ftv170.atsp,0.100000,3222.000000,3865.971154,73.741366
files/ftv170.atsp,0.100000,3222.000000,3869.600000,74.198735
files/ftv170.atsp,0.100000,3222.000000,3869.037736,74.984649
files/ftv170.atsp,0.100000,3222.000000,3865.859813,76.072003
files/ftv170.atsp,0.100000,3222.000000,3863.814815,76.802017
files/ftv170.atsp,0.100000,3222.000000,3859.577982,78.130872
files/ftv170.atsp,0.100000,3222.000000,3857.636364,78.720918
files/ftv170.atsp,0.100000,3222.000000,3862.081081,79.105297
files/ftv170.atsp,0.100000,3222.000000,3863.660714,79.849727
files/ftv170.atsp,0.100000,3222.000000,3866.884956,80.107037
files/ftv170.atsp,0.100000,3222.000000,3866.035088,80.763286
files/ftv170.atsp,0.100000,3222.000000,3866.173913,81.220314
files/ftv170.atsp,0.100000,3222.000000,3865.775862,81.846003
files/ftv170.atsp,0.100000,3222.000000,3866.538462,82.503515
files/ftv170.atsp,0.100000,3222.000000,3864.271186,83.087639
files/ftv170.atsp,0.100000,3222.000000,3864.058824,83.718858
files/ftv170.atsp,0.100000,3222.000000,3865.066667,84.188890
files/ftv170.atsp,0.100000,3222.000000,3865.024793,84.531418
files/ftv170.atsp,0.100000,3222.000000,3866.040984,85.157343
files/ftv170.atsp,0.100000,3222.000000,3867.869919,85.942626
files/ftv170.atsp,0.100000,3222.000000,3870.064516,86.715022
files/ftv170.atsp,0.100000,3222.000000,3868.288000,87.483930
files/ftv170.atsp,0.100000,3222.000000,3868.809524,88.068527
files/ftv170.atsp,0.100000,3222.000000,3866.661417,88.912650
files/ftv170.atsp,0.100000,3222.000000,3869.367188,89.258698
files/ftv170.atsp,0.100000,3222.000000,3867.279070,90.272440
files/ftv170.atsp,0.100000,3222.000000,3865.423077,91.245389
files/ftv170.atsp,0.100000,3222.000000,3864.091603,91.976218
files/ftv170.atsp,0.100000,3222.000000,3863.371212,92.421801
files/ftv170.atsp,0.100000,3222.000000,3861.375940,93.490468
files/ftv170.atsp,0.100000,3222.000000,3865.089552,93.718813
files/ftv170.atsp,0.100000,3222.000000,3864.362963,94.588709
files/ftv170.atsp,0.100000,3222.000000,3866.698529,95.000924
files/ftv170.atsp,0.100000,3222.000000,3863.481752,96.232323
files/ftv170.atsp,0.100000,3222.000000,3865.210145,96.687905
files/ftv170.atsp,0.100000,3222.000000,3862.625899,97.430195
files/ftv170.atsp,0.100000,3222.000000,3862.485714,98.700672
files/ftv170.atsp,0.100000,3222.000000,3859.482270,99.454476
files/ftv170.atsp,0.100000,3222.000000,3860.838028,100.242104
files/ftv170.atsp,0.100000,3222.000000,3861.993007,100.812691
files/ftv170.atsp,0.100000,3222.000000,3862.868056,101.328245
files/ftv170.atsp,0.100000,3222.000000,3860.020690,102.139947
files/ftv170.atsp,0.100000,3222.000000,3860.732877,102.582865
files/ftv170.atsp,0.100000,3222.000000,3858.972789,103.291135
files/ftv170.atsp,0.100000,3222.000000,3857.716216,103.961978
files/ftv170.atsp,0.100000,3222.000000,3859.389262,104.404901
files/ftv170.atsp,0.100000,3222.000000,3857.000000,105.291108
files/ftv170.atsp,0.100000,3222.000000,3854.920530,106.439034
files/ftv170.atsp,0.100000,3222.000000,3853.322368,107.611125
files/ftv170.atsp,0.100000,3222.000000,3852.215686,108.184473
files/ftv170.atsp,0.100000,3222.000000,3850.584416,109.312077
files/ftv170.atsp,0.100000,3222.000000,3854.838710,109.764502
files/ftv170.atsp,0.100000,3222.000000,3854.551282,110.665002
files/ftv170.atsp,0.100000,3222.000000,3856.694268,111.163334
files/ftv170.atsp,0.100000,3222.000000,3856.702532,111.664478
files/ftv170.atsp,0.100000,3222.000000,3858.276730,112.164079
files/ftv170.atsp,0.100000,3222.000000,3860.793750,112.550277
files/ftv170.atsp,0.100000,3222.000000,3862.366460,113.033477
files/ftv170.atsp,0.100000,3222.000000,3863.345679,113.547984
files/ftv170.atsp,0.100000,3222.000000,3865.932515,113.848210
files/ftv170.atsp,0.100000,3222.000000,3867.414634,114.547910
files/ftv170.atsp,0.100000,3222.000000,3867.721212,115.149354
files/ftv170.atsp,0.100000,3222.000000,3867.572289,115.831420
files/ftv170.atsp,0.100000,3222.000000,3866.712575,116.841776
files/ftv170.atsp,0.100000,3222.000000,3866.726190,117.325060
files/ftv170.atsp,0.100000,3222.000000,3866.508876,117.623747
files/ftv170.atsp,0.100000,3222.000000,3868.705882,117.935144
files/ftv170.atsp,0.100000,3222.000000,3868.584795,118.833136
files/ftv170.atsp,0.100000,3222.000000,3869.906977,119.402168
files/ftv170.atsp,0.100000,3222.000000,3867.549133,120.584930
files/ftv170.atsp,0.100000,3222.000000,3866.178161,121.536155
files/ftv170.atsp,0.100000,3222.000000,3863.988571,122.875216
files/ftv170.atsp,0.100000,3222.000000,3864.318182,123.503849
files/ftv170.atsp,0.100000,3222.000000,3863.977401,124.002383
files/ftv170.atsp,0.100000,3222.000000,3862.342697,125.127047
files/ftv170.atsp,0.100000,3222.000000,3861.463687,126.180028
files/ftv170.atsp,0.100000,3222.000000,3859.466667,127.220338
files/ftv170.atsp,0.100000,3222.000000,3859.453039,127.974458
files/ftv170.atsp,0.100000,3222.000000,3857.203297,129.092035
files/ftv170.atsp,0.100000,3222.000000,3858.896175,129.494003
files/ftv170.atsp,0.100000,3222.000000,3860.222826,129.793798
files/ftv170.atsp,0.100000,3222.000000,3859.027027,130.859942
files/ftv170.atsp,0.100000,3222.000000,3859.478495,131.375361
files/ftv170.atsp,0.100000,3222.000000,3859.042781,132.173261
files/ftv170.atsp,0.100000,3222.000000,3857.340426,133.441374
files/ftv170.atsp,0.100000,3222.000000,3855.455026,134.667707
files/ftv170.atsp,0.100000,3222.000000,3854.336842,135.522382
files/ftv170.atsp,0.100000,3222.000000,3854.685864,135.990517
files/ftv170.atsp,0.100000,3222.000000,3854.328125,136.521825
files/ftv170.atsp,0.100000,3222.000000,3855.937824,136.945720
files/ftv170.atsp,0.100000,3222.000000,3854.350515,137.954392
files/ftv170.atsp,0.100000,3222.000000,3855.676923,138.354350
files/ftv170.atsp,0.100000,3222.000000,3857.586735,138.736192
files/ftv170.atsp,0.100000,3222.000000,3856.441624,139.578542
files/ftv170.atsp,0.100000,3222.000000,3856.732323,140.355016
files/ftv170.atsp,0.100000,3222.000000,3858.447236,140.796216
files/ftv170.atsp,0.100000,3222.000000,3856.880000,141.735505
files/ftv170.atsp,0.100000,3222.000000,3855.641791,142.833436
files/ftv170.atsp,0.100000,3222.000000,3855.059406,143.448846
files/ftv170.atsp,0.100000,3222.000000,3856.842365,143.889592
files/ftv170.atsp,0.100000,3222.000000,3856.651961,144.720263
files/ftv170.atsp,0.100000,3222.000000,3855.278049,145.646239
files/ftv170.atsp,0.100000,3222.000000,3856.077670,146.243302
files/ftv170.atsp,0.100000,3222.000000,3856.207729,146.829960
files/ftv170.atsp,0.100000,3222.000000,3857.206731,147.453983
files/ftv170.atsp,0.100000,3222.000000,3858.425837,148.038530
files/ftv170.atsp,0.100000,3222.000000,3856.757143,148.906140
files/ftv170.atsp,0.100000,3222.000000,3856.876777,149.519971
files/ftv170.atsp,0.100000,3222.000000,3857.301887,150.031619
files/ftv170.atsp,0.100000,3222.000000,3858.934272,150.445474
files/ftv170.atsp,0.100000,3222.000000,3857.859813,151.478999
files/ftv170.atsp,0.100000,3222.000000,3858.525581,152.403095
files/ftv170.atsp,0.100000,3222.000000,3857.384259,153.356907
files/ftv170.atsp,0.100000,3222.000000,3858.082949,153.786019
files/ftv170.atsp,0.100000,3222.000000,3857.853211,154.425684
files/ftv170.atsp,0.100000,3222.000000,3858.602740,154.809808
files/ftv170.atsp,0.100000,3222.000000,3856.913636,156.003428
files/ftv170.atsp,0.100000,3222.000000,3856.561086,156.870005
files/ftv170.atsp,0.100000,3222.000000,3858.103604,157.110568
files/ftv170.atsp,0.100000,3222.000000,3855.932735,158.239732
files/ftv170.atsp,0.100000,3222.000000,3855.696429,158.840873
files/ftv170.atsp,0.100000,3222.000000,3856.560000,159.313924
files/ftv170.atsp,0.100000,3222.000000,3856.340708,159.843324
files/ftv170.atsp,0.100000,3222.000000,3857.308370,160.069812
files/ftv170.atsp,0.100000,3222.000000,3856.789474,160.783745
files/ftv170.atsp,0.100000,3222.000000,3858.445415,161.027626
files/ftv170.atsp,0.100000,3222.000000,3859.808696,161.669223
files/ftv170.atsp,0.100000,3222.000000,3858.212121,162.792638
files/ftv170.atsp,0.100000,3222.000000,3857.262931,163.734073
files/ftv170.atsp,0.100000,3222.000000,3855.733906,164.717120
files/ftv170.atsp,0.100000,3222.000000,3856.756410,165.088874
files/ftv170.atsp,0.100000,3222.000000,3858.795745,165.332445
files/ftv170.atsp,0.100000,3222.000000,3860.144068,165.604204
files/ftv170.atsp,0.100000,3222.000000,3859.223629,166.371178
files/ftv170.atsp,0.100000,3222.000000,3859.289916,166.994751
files/ftv170.atsp,0.100000,3222.000000,3861.322176,167.281355
files/ftv170.atsp,0.100000,3222.000000,3863.054167,167.620769
files/ftv170.atsp,0.100000,3222.000000,3863.024896,168.247317
files/ftv170.atsp,0.100000,3222.000000,3863.404959,168.814019
files/ftv170.atsp,0.100000,3222.000000,3861.748971,169.709185
files/ftv170.atsp,0.100000,3222.000000,3861.725410,170.079117
files/ftv170.atsp,0.100000,3222.000000,3862.028571,170.535132
files/ftv170.atsp,0.100000,3222.000000,3863.182927,171.290720
files/ftv170.atsp,0.100000,3222.000000,3861.344130,172.430693
files/ftv170.atsp,0.100000,3222.000000,3862.669355,172.771361
files/ftv170.atsp,0.100000,3222.000000,3863.610442,173.200424
files/ftv170.atsp,0.100000,3222.000000,3862.572000,174.066789
files/ftv170.atsp,0.100000,3222.000000,3863.972112,174.479644
files/ftv170.atsp,0.100000,3222.000000,3865.452381,175.050719
files/ftv170.atsp,0.100000,3222.000000,3867.134387,175.308719
files/ftv170.atsp,0.100000,3222.000000,3865.606299,176.117388
files/ftv170.atsp,0.100000,3222.000000,3866.537255,176.389050
files/ftv170.atsp,0.100000,3222.000000,3864.628906,177.413369
files/ftv170.atsp,0.100000,3222.000000,3864.299611,178.125842
files/ftv170.atsp,0.100000,3222.000000,3866.042636,178.368737
files/ftv170.atsp,0.100000,3222.000000,3864.841699,179.390846
files/ftv170.atsp,0.100000,3222.000000,3863.180769,180.577143
files/ftv170.atsp,0.100000,3222.000000,3862.643678,181.418849
files/ftv170.atsp,0.100000,3222.000000,3864.198473,181.901741
files/ftv170.atsp,0.100000,3222.000000,3861.806084,183.021843
files/ftv170.atsp,0.100000,3222.000000,3861.238636,183.878688
files/ftv170.atsp,0.100000,3222.000000,3862.652830,184.333667
files/ftv170.atsp,0.100000,3222.000000,3862.552632,185.014637
files/ftv170.atsp,0.100000,3222.000000,3863.505618,185.613150
files/ftv170.atsp,0.100000,3222.000000,3865.320896,185.967601
files/ftv170.atsp,0.100000,3222.000000,3865.524164,186.566493
files/ftv170.atsp,0.100000,3222.000000,3864.659259,187.378043
files/ftv170.atsp,0.100000,3222.000000,3864.291513,188.551722
files/ftv170.atsp,0.100000,3222.000000,3863.856618,189.534176
files/ftv170.atsp,0.100000,3222.000000,3864.538462,190.045181
files/ftv170.atsp,0.100000,3222.000000,3864.861314,190.530444
files/ftv170.atsp,0.100000,3222.000000,3866.210909,190.871071
files/ftv170.atsp,0.100000,3222.000000,3868.061594,191.041234
files/ftv170.atsp,0.100000,3222.000000,3869.657040,191.342451
files/ftv170.atsp,0.100000,3222.000000,3868.557554,192.706598
files/ftv170.atsp,0.100000,3222.000000,3866.885305,194.202730
files/ftv170.atsp,0.100000,3222.000000,3867.610714,194.503794
files/ftv170.atsp,0.100000,3222.000000,3866.850534,195.956442
files/ftv170.atsp,0.100000,3222.000000,3867.134752,196.346668
files/ftv170.atsp,0.100000,3222.000000,3866.042403,197.315224
files/ftv170.atsp,0.100000,3222.000000,3864.971831,198.468463
files/ftv170.atsp,0.100000,3222.000000,3864.259649,199.566686
files/ftv170.atsp,0.100000,3222.000000,3864.164336,200.306681
files/ftv170.atsp,0.100000,3222.000000,3864.547038,200.730803
files/ftv170.atsp,0.100000,3222.000000,3863.371528,202.058578
files/ftv170.atsp,0.100000,3222.000000,3864.352941,202.531278
files/ftv170.atsp,0.100000,3222.000000,3864.010345,203.171399
files/ftv170.atsp,0.100000,3222.000000,3864.941581,203.572822
files/ftv170.atsp,0.100000,3222.000000,3864.386986,204.459098
files/ftv170.atsp,0.100000,3222.000000,3865.494881,204.826914
files/ftv170.atsp,0.100000,3222.000000,3866.380952,205.226601
files/ftv170.atsp,0.100000,3222.000000,3867.433898,205.609060
files/ftv170.atsp,0.100000,3222.000000,3865.834459,206.263378
files/ftv170.atsp,0.100000,3222.000000,3867.097643,206.531965
files/ftv170.atsp,0.100000,3222.000000,3866.181208,207.412765
files/ftv170.atsp,0.100000,3222.000000,3865.662207,208.008782
files/ftv170.atsp,0.100000,3222.000000,3866.190000,208.819469
files/ftv170.atsp,0.100000,3222.000000,3866.451827,209.516895
files/ftv170.atsp,0.100000,3222.000000,3867.397351,209.842432
files/ftv170.atsp,0.100000,3222.000000,3869.049505,210.084358
files/ftv170.atsp,0.100000,3222.000000,3869.365132,210.640934
files/ftv170.atsp,0.100000,3222.000000,3868.996721,211.645955
files/ftv170.atsp,0.100000,3222.000000,3869.888889,212.174043
files/ftv170.atsp,0.100000,3222.000000,3868.957655,213.583544
files/ftv170.atsp,0.100000,3222.000000,3869.246753,214.108278
files/ftv170.atsp,0.100000,3222.000000,3870.605178,214.507318
files/ftv170.atsp,0.100000,3222.000000,3870.509677,215.417885
files/ftv170.atsp,0.100000,3222.000000,3870.057878,216.180473
files/ftv170.atsp,0.100000,3222.000000,3869.955128,216.693164
files/ftv170.atsp,0.100000,3222.000000,3870.415335,217.109433
files/ftv170.atsp,0.100000,3222.000000,3870.445860,217.693517
files/ftv170.atsp,0.100000,3222.000000,3871.749206,218.009106
files/ftv170.atsp,0.100000,3222.000000,3870.556962,219.077114
files/ftv170.atsp,0.100000,3222.000000,3870.135647,219.890325
files/ftv170.atsp,0.100000,3222.000000,3870.022013,220.500055
files/ftv170.atsp,0.100000,3222.000000,3870.887147,221.109074
files/ftv170.atsp,0.100000,3222.000000,3870.146875,222.019943
files/ftv170.atsp,0.100000,3222.000000,3870.890966,222.604996
files/ftv170.atsp,0.100000,3222.000000,3872.422360,223.116546
files/ftv170.atsp,0.100000,3222.000000,3872.089783,224.181342
files/ftv170.atsp,0.100000,3222.000000,3871.067901,225.222045
files/ftv170.atsp,0.100000,3222.000000,3869.956923,226.847135
files/ftv170.atsp,0.100000,3222.000000,3868.319018,228.060636
files/ftv170.atsp,0.100000,3222.000000,3868.137615,228.873683
files/ftv170.atsp,0.100000,3222.000000,3868.393293,229.387066
files/ftv170.atsp,0.100000,3222.000000,3868.197568,229.841412
files/ftv170.atsp,0.100000,3222.000000,3867.160606,230.513368
files/ftv170.atsp,0.100000,3222.000000,3867.353474,231.381644
files/ftv170.atsp,0.100000,3222.000000,3867.304217,231.794432
files/ftv170.atsp,0.100000,3222.000000,3866.888889,232.674751
files/ftv170.atsp,0.100000,3222.000000,3867.661677,233.031245
files/ftv170.atsp,0.100000,3222.000000,3867.892537,233.662608
files/ftv170.atsp,0.100000,3222.000000,3867.732143,234.533027
files/ftv170.atsp,0.100000,3222.000000,3867.881306,235.186611
files/ftv170.atsp,0.100000,3222.000000,3868.473373,235.854072
files/ftv170.atsp,0.100000,3222.000000,3868.920354,236.494530
files/ftv170.atsp,0.100000,3222.000000,3870.620588,236.707305
files/ftv170.atsp,0.100000,3222.000000,3869.310850,238.044600
files/ftv170.atsp,0.100000,3222.000000,3869.538012,238.769199
files/ftv170.atsp,0.100000,3222.000000,3869.542274,239.329883
files/ftv170.atsp,0.100000,3222.000000,3868.828488,239.867172
files/ftv170.atsp,0.100000,3222.000000,3867.875362,240.626363
files/ftv170.atsp,0.100000,3222.000000,3867.315029,241.523337
files/ftv170.atsp,0.100000,3222.000000,3867.193084,242.135926
files/ftv170.atsp,0.100000,3222.000000,3866.442529,242.693513
files/ftv170.atsp,0.100000,3222.000000,3866.893983,243.522011
files/ftv170.atsp,0.100000,3222.000000,3867.548571,244.018909
files/ftv170.atsp,0.100000,3222.000000,3867.698006,244.439916
files/ftv170.atsp,0.100000,3222.000000,3868.732955,244.968677
files/ftv170.atsp,0.100000,3222.000000,3867.473088,245.969794
files/ftv170.atsp,0.100000,3222.000000,3867.449153,246.790886
files/ftv170.atsp,0.100000,3222.000000,3867.478873,247.217978
files/ftv170.atsp,0.100000,3222.000000,3866.912921,247.939796
files/ftv170.atsp,0.100000,3222.000000,3866.400560,249.124364
files/ftv170.atsp,0.100000,3222.000000,3867.594972,249.414343
files/ftv170.atsp,0.100000,3222.000000,3867.791086,249.812479
files/ftv170.atsp,0.100000,3222.000000,3866.783333,250.979016
files/ftv170.atsp,0.100000,3222.000000,3867.224377,251.405857
files/ftv170.atsp,0.100000,3222.000000,3866.872928,252.233677
files/ftv170.atsp,0.100000,3222.000000,3866.641873,252.957180
files/ftv170.atsp,0.100000,3222.000000,3866.434066,253.515708
files/ftv170.atsp,0.100000,3222.000000,3867.238356,254.184323
files/ftv170.atsp,0.100000,3222.000000,3866.625683,254.965937
files/ftv170.atsp,0.100000,3222.000000,3866.397820,255.237111
files/ftv170.atsp,0.100000,3222.000000,3865.948370,256.093248
files/ftv170.atsp,0.100000,3222.000000,3865.533875,256.819966
files/ftv170.atsp,0.100000,3222.000000,3865.381081,257.346505
files/ftv170.atsp,0.100000,3222.000000,3866.541779,257.602429
files/ftv170.atsp,0.100000,3222.000000,3864.938172,259.230888
files/ftv170.atsp,0.100000,3222.000000,3866.233244,259.600510
files/ftv170.atsp,0.100000,3222.000000,3865.334225,260.380171
files/ftv170.atsp,0.100000,3222.000000,3865.768000,260.836931
files/ftv170.atsp,0.100000,3222.000000,3866.515957,261.196456
files/ftv170.atsp,0.100000,3222.000000,3865.708223,262.294918
files/ftv170.atsp,0.100000,3222.000000,3865.547619,263.004754
files/ftv170.atsp,0.100000,3222.000000,3865.306069,263.773314
files/ftv170.atsp,0.100000,3222.000000,3865.505263,264.799736
files/ftv170.atsp,0.100000,3222.000000,3865.299213,265.162669
files/ftv170.atsp,0.100000,3222.000000,3865.672775,265.803021
files/ftv170.atsp,0.100000,3222.000000,3865.890339,266.259923
files/ftv170.atsp,0.100000,3222.000000,3865.867188,267.142965
files/ftv170.atsp,0.100000,3222.000000,3865.314286,267.770570
files/ftv170.atsp,0.100000,3222.000000,3865.341969,268.637606
files/ftv170.atsp,0.100000,3222.000000,3865.622739,269.105456
files/ftv170.atsp,0.100000,3222.000000,3865.992268,269.762953
files/ftv170.atsp,0.100000,3222.000000,3865.231362,270.942176
files/ftv170.atsp,0.100000,3222.000000,3865.223077,271.582162
files/ftv170.atsp,0.100000,3222.000000,3865.419437,272.312716
files/ftv170.atsp,0.100000,3222.000000,3866.354592,272.965096
files/ftv170.atsp,0.100000,3222.000000,3865.381679,274.018437
files/ftv170.atsp,0.100000,3222.000000,3863.921320,275.003870
files/ftv170.atsp,0.100000,3222.000000,3863.308861,275.944271
files/ftv170.atsp,0.100000,3222.000000,3862.818182,277.086707
files/ftv170.atsp,0.100000,3222.000000,3862.120907,277.898957
files/ftv170.atsp,0.100000,3222.000000,3862.487437,278.457139
files/ftv170.atsp,0.100000,3183.000000,3860.784461,279.867578
files/ftv170.atsp,0.100000,3183.000000,3860.617500,280.932536
files/ftv170.atsp,0.100000,3183.000000,3859.685786,282.158873
files/ftv170.atsp,0.100000,3183.000000,3859.679104,282.884846
files/ftv170.atsp,0.100000,3183.000000,3859.163772,283.708790
files/ftv170.atsp,0.100000,3183.000000,3858.200495,284.563995
files/ftv170.atsp,0.100000,3183.000000,3858.143210,285.507377
files/ftv170.atsp,0.100000,3183.000000,3858.002463,286.291325
files/ftv170.atsp,0.100000,3183.000000,3858.174447,287.174610
files/ftv170.atsp,0.100000,3183.000000,3857.058824,288.326981
files/ftv170.atsp,0.100000,3183.000000,3857.469438,288.811720
files/ftv170.atsp,0.100000,3183.000000,3857.860976,289.277598
files/ftv170.atsp,0.100000,3183.000000,3856.583942,290.606777
files/ftv170.atsp,0.100000,3183.000000,3856.679612,290.947963
files/ftv170.atsp,0.100000,3183.000000,3857.416465,291.545881
files/ftv170.atsp,0.100000,3183.000000,3858.268116,291.773995
files/ftv170.atsp,0.100000,3183.000000,3859.510843,292.114355
files/ftv170.atsp,0.100000,3183.000000,3859.262019,293.212378
files/ftv170.atsp,0.100000,3183.000000,3860.227818,293.740524
files/ftv170.atsp,0.100000,3183.000000,3860.665072,294.239641
files/ftv170.atsp,0.100000,3183.000000,3860.680191,294.849828
files/ftv170.atsp,0.100000,3183.000000,3859.485714,295.802546
files/ftv170.atsp,0.100000,3183.000000,3859.990499,296.256690
files/ftv170.atsp,0.100000,3183.000000,3861.158768,296.571068
files/ftv170.atsp,0.100000,3183.000000,3860.806147,297.379880
files/ftv170.atsp,0.100000,3183.000000,3860.820755,298.017779
files/ftv170.atsp,0.100000,3183.000000,3860.623529,298.535427
files/ftv170.atsp,0.100000,3183.000000,3859.441315,299.457741
files/ftv170.atsp,0.100000,3183.000000,3860.110070,299.726579
files/ftv170.atsp,0.100000,3183.000000,3860.565421,300.391385
files/ftv170.atsp,0.100000,3183.000000,3859.358974,301.861853
files/ftv170.atsp,0.100000,3183.000000,3858.618605,302.913550
files/ftv170.atsp,0.100000,3183.000000,3859.125290,303.570120
files/ftv170.atsp,0.100000,3183.000000,3858.076389,304.734552
files/ftv170.atsp,0.100000,3183.000000,3858.676674,305.277026
files/ftv170.atsp,0.100000,3183.000000,3858.334101,306.114602
files/ftv170.atsp,0.100000,3183.000000,3859.075862,306.485143
files/ftv170.atsp,0.100000,3183.000000,3858.555046,307.094718
files/ftv170.atsp,0.100000,3183.000000,3859.144165,307.535906
files/ftv170.atsp,0.100000,3183.000000,3858.833333,307.988188
files/ftv170.atsp,0.100000,3183.000000,3857.854214,309.401494
files/ftv170.atsp,0.100000,3183.000000,3857.418182,310.229862
files/ftv170.atsp,0.100000,3183.000000,3858.052154,310.726375
files/ftv170.atsp,0.100000,3183.000000,3857.160633,312.209007
files/ftv170.atsp,0.100000,3183.000000,3858.374718,312.607139
files/ftv170.atsp,0.100000,3183.000000,3858.522523,313.017414
files/ftv170.atsp,0.100000,3183.000000,3859.197753,313.417413
files/ftv170.atsp,0.100000,3183.000000,3859.739910,313.700186
files/ftv170.atsp,0.100000,3183.000000,3858.964206,314.906003
files/ftv170.atsp,0.100000,3183.000000,3859.000000,315.687538
files/ftv170.atsp,0.100000,3183.000000,3859.383073,316.234251
files/ftv170.atsp,0.100000,3183.000000,3859.375556,317.003176
files/ftv170.atsp,0.100000,3183.000000,3860.172949,317.528752
files/ftv170.atsp,0.100000,3183.000000,3859.143805,318.610295
files/ftv170.atsp,0.100000,3183.000000,3860.030905,318.923093
files/ftv170.atsp,0.100000,3183.000000,3860.722467,319.578042
files/ftv170.atsp,0.100000,3183.000000,3859.980220,320.448668
files/ftv170.atsp,0.100000,3183.000000,3860.201754,321.246086
files/ftv170.atsp,0.100000,3183.000000,3860.059081,321.871901
files/ftv170.atsp,0.100000,3183.000000,3859.720524,322.868882
files/ftv170.atsp,0.100000,3183.000000,3860.102397,323.597688
files/ftv170.atsp,0.100000,3183.000000,3860.678261,324.079737
files/ftv170.atsp,0.100000,3183.000000,3860.603037,324.519911
files/ftv170.atsp,0.100000,3183.000000,3859.779221,325.423437
files/ftv170.atsp,0.100000,3183.000000,3858.719222,326.603372
files/ftv170.atsp,0.100000,3183.000000,3859.334052,326.930737
files/ftv170.atsp,0.100000,3183.000000,3859.838710,327.443520
files/ftv170.atsp,0.100000,3183.000000,3859.431330,328.201929
files/ftv170.atsp,0.100000,3183.000000,3859.839400,328.658112
files/ftv170.atsp,0.100000,3183.000000,3859.429487,329.299755
files/ftv170.atsp,0.100000,3183.000000,3859.200426,330.238062
files/ftv170.atsp,0.100000,3183.000000,3859.627660,330.808575
files/ftv170.atsp,0.100000,3183.000000,3860.144374,331.281791
files/ftv170.atsp,0.100000,3183.000000,3860.790254,331.851085
files/ftv170.atsp,0.100000,3183.000000,3860.843552,332.647802
files/ftv170.atsp,0.100000,3183.000000,3861.099156,333.116208
files/ftv170.atsp,0.100000,3183.000000,3860.924211,333.983797
files/ftv170.atsp,0.100000,3183.000000,3860.920168,334.454256
files/ftv170.atsp,0.100000,3183.000000,3860.444444,335.466814
files/ftv170.atsp,0.100000,3183.000000,3860.776151,336.075770
files/ftv170.atsp,0.100000,3183.000000,3861.068894,336.360985
files/ftv170.atsp,0.100000,3183.000000,3861.872917,336.801469
files/ftv170.atsp,0.100000,3183.000000,3862.220374,337.355593
files/ftv170.atsp,0.100000,3183.000000,3862.964730,337.611965
files/ftv170.atsp,0.100000,3183.000000,3862.886128,338.323166
files/ftv170.atsp,0.100000,3183.000000,3862.274793,339.335865
files/ftv170.atsp,0.100000,3183.000000,3861.892784,340.089795
files/ftv170.atsp,0.100000,3183.000000,3862.310700,340.729531
files/ftv170.atsp,0.100000,3183.000000,3862.310062,341.197549
files/ftv170.atsp,0.100000,3183.000000,3862.588115,341.738177
files/ftv170.atsp,0.100000,3183.000000,3863.294479,342.206992
files/ftv170.atsp,0.100000,3183.000000,3863.416327,342.847255
files/ftv170.atsp,0.100000,3183.000000,3863.285132,343.895275
files/ftv170.atsp,0.100000,3183.000000,3863.926829,344.164030
files/ftv170.atsp,0.100000,3183.000000,3864.511156,344.466072
files/ftv170.atsp,0.100000,3183.000000,3864.858300,345.130584
files/ftv170.atsp,0.100000,3183.000000,3865.365657,345.642920
files/ftv170.atsp,0.100000,3183.000000,3865.594758,346.246848
files/ftv170.atsp,0.100000,3183.000000,3865.291751,347.425913
files/ftv170.atsp,0.100000,3183.000000,3864.751004,348.349569
files/ftv170.atsp,0.100000,3183.000000,3864.773547,349.014172
files/ftv170.atsp,0.100000,3183.000000,3865.104000,349.526875
files/ftv170.atsp,0.100000,3183.000000,3865.085828,350.123469
files/ftv170.atsp,0.100000,3183.000000,3865.490040,350.438732
files/ftv170.atsp,0.100000,3183.000000,3866.437376,350.806433
files/ftv170.atsp,0.100000,3183.000000,3866.412698,351.545948
files/ftv170.atsp,0.100000,3183.000000,3865.645545,352.426715
files/ftv170.atsp,0.100000,3183.000000,3865.583004,352.896401
files/ftv170.atsp,0.100000,3183.000000,3865.443787,353.724118
files/ftv170.atsp,0.100000,3183.000000,3864.988189,354.734457
files/ftv170.atsp,0.100000,3183.000000,3864.579568,355.728381
files/ftv170.atsp,0.100000,3183.000000,3864.368627,356.441073
files/ftv170.atsp,0.100000,3183.000000,3864.131115,356.897187
files/ftv170.atsp,0.100000,3183.000000,3863.378906,357.663445
files/ftv170.atsp,0.100000,3183.000000,3862.818713,358.307653
files/ftv170.atsp,0.100000,3183.000000,3863.710117,358.705502
files/ftv170.atsp,0.100000,3183.000000,3863.291262,359.520895
files/ftv170.atsp,0.100000,3183.000000,3863.684109,360.087998
files/ftv170.atsp,0.100000,3183.000000,3863.806576,360.714451
files/ftv170.atsp,0.100000,3183.000000,3864.723938,360.927084
files/ftv170.atsp,0.100000,3183.000000,3865.622351,361.110968
files/ftv170.atsp,0.100000,3183.000000,3865.090385,361.740956
files/ftv170.atsp,0.100000,3183.000000,3864.700576,362.512211
files/ftv170.atsp,0.100000,3183.000000,3864.791188,362.938132
files/ftv170.atsp,0.100000,3183.000000,3864.388145,363.791097
files/ftv170.atsp,0.100000,3183.000000,3864.576336,364.430304
files/ftv170.atsp,0.100000,3183.000000,3864.091429,365.126851
files/ftv170.atsp,0.100000,3183.000000,3865.026616,365.510655
files/ftv170.atsp,0.100000,3183.000000,3865.514231,366.092575
files/ftv170.atsp,0.100000,3183.000000,3866.746212,366.462979
files/ftv170.atsp,0.100000,3183.000000,3867.398866,366.822516
files/ftv170.atsp,0.100000,3183.000000,3866.418868,367.818430
files/ftv170.atsp,0.100000,3183.000000,3865.485876,369.146557
files/ftv170.atsp,0.100000,3183.000000,3865.665414,370.215011
files/ftv170.atsp,0.100000,3183.000000,3865.384615,371.125978
files/ftv170.atsp,0.100000,3183.000000,3865.977528,371.567636
files/ftv170.atsp,0.100000,3183.000000,3865.867290,372.205761
files/ftv170.atsp,0.100000,3183.000000,3864.848881,373.545688
files/ftv170.atsp,0.100000,3183.000000,3864.817505,374.099901
files/ftv170.atsp,0.100000,3183.000000,3865.269517,374.658431
files/ftv170.atsp,0.100000,3183.000000,3865.246753,375.315590
files/ftv170.atsp,0.100000,3183.000000,3865.796296,375.627561
files/ftv170.atsp,0.100000,3183.000000,3866.609982,375.953573
files/ftv170.atsp,0.100000,3183.000000,3866.802583,376.124699
files/ftv170.atsp,0.100000,3183.000000,3866.163904,377.063329
files/ftv170.atsp,0.100000,3183.000000,3866.022059,377.349216
files/ftv170.atsp,0.100000,3183.000000,3865.959633,378.200240
files/ftv170.atsp,0.100000,3183.000000,3865.816850,378.798198
files/ftv170.atsp,0.100000,3183.000000,3865.663620,379.653792
files/ftv170.atsp,0.100000,3183.000000,3865.735401,380.241190
files/ftv170.atsp,0.100000,3183.000000,3865.734062,380.481784
files/ftv170.atsp,0.100000,3183.000000,3865.076364,381.405971
files/ftv170.atsp,0.100000,3183.000000,3864.791289,382.273864
files/ftv170.atsp,0.100000,3183.000000,3865.204710,383.026061
files/ftv170.atsp,0.100000,3183.000000,3865.793852,383.399542
files/ftv170.atsp,0.100000,3183.000000,3866.202166,384.280715
files/ftv170.atsp,0.100000,3183.000000,3866.109910,384.963725
files/ftv170.atsp,0.100000,3183.000000,3865.390288,386.155577
files/ftv170.atsp,0.100000,3183.000000,3865.222621,387.079541
files/ftv170.atsp,0.100000,3183.000000,3865.949821,387.508068
files/ftv170.atsp,0.100000,3183.000000,3865.855098,388.504128
files/ftv170.atsp,0.100000,3183.000000,3865.835714,389.247329
files/ftv170.atsp,0.100000,3183.000000,3865.957219,389.800686
files/ftv170.atsp,0.100000,3183.000000,3865.631673,390.496534
files/ftv170.atsp,0.100000,3183.000000,3864.879218,391.181098
files/ftv170.atsp,0.100000,3183.000000,3865.771277,391.492853
files/ftv170.atsp,0.100000,3183.000000,3865.313274,392.545950
files/ftv170.atsp,0.100000,3183.000000,3865.632509,393.143471
files/ftv170.atsp,0.100000,3183.000000,3866.366843,393.527153
files/ftv170.atsp,0.100000,3062.000000,3864.950704,394.733375
files/ftv170.atsp,0.100000,3062.000000,3864.372583,396.190245
files/ftv170.atsp,0.100000,3062.000000,3864.187719,397.197892
files/ftv170.atsp,0.100000,3062.000000,3864.280210,397.750888
files/ftv170.atsp,0.100000,3062.000000,3865.223776,398.146536
files/ftv170.atsp,0.100000,3062.000000,3866.429319,398.475413
files/ftv170.atsp,0.100000,3062.000000,3866.668990,399.356056
files/ftv170.atsp,0.100000,3062.000000,3866.871304,399.596863
files/ftv170.atsp,0.100000,3062.000000,3866.567708,400.650207
files/ftv170.atsp,0.100000,3062.000000,3866.871750,401.102202
files/ftv170.atsp,0.100000,3062.000000,3867.138408,401.601336
files/ftv170.atsp,0.100000,3062.000000,3867.100173,401.941396
files/ftv170.atsp,0.100000,3062.000000,3867.179310,402.736951
files/ftv170.atsp,0.100000,3062.000000,3867.726334,403.076156
files/ftv170.atsp,0.100000,3062.000000,3868.292096,403.574690
files/ftv170.atsp,0.100000,3062.000000,3868.358491,404.016416
files/ftv170.atsp,0.100000,3062.000000,3867.950342,404.998946
files/ftv170.atsp,0.100000,3062.000000,3867.941880,405.795843
files/ftv170.atsp,0.100000,3062.000000,3868.525597,406.223256
files/ftv170.atsp,0.100000,3062.000000,3868.321976,407.375952
files/ftv170.atsp,0.100000,3062.000000,3867.528912,408.842676
files/ftv170.atsp,0.100000,3062.000000,3867.470289,409.738758
files/ftv170.atsp,0.100000,3062.000000,3867.705085,410.422934
files/ftv170.atsp,0.100000,3062.000000,3868.258883,410.763258
files/ftv170.atsp,0.100000,3062.000000,3868.341216,411.518174
files/ftv170.atsp,0.100000,3062.000000,3868.897133,411.943221
files/ftv170.atsp,0.100000,3062.000000,3868.880471,412.416596
files/ftv170.atsp,0.100000,3062.000000,3868.976471,412.844217
files/ftv170.atsp,0.100000,3062.000000,3869.258389,413.279219
files/ftv170.atsp,0.100000,3062.000000,3869.234506,413.792315
files/ftv170.atsp,0.100000,3062.000000,3869.217391,414.160321
files/ftv170.atsp,0.100000,3062.000000,3868.767947,415.224659
files/ftv170.atsp,0.100000,3062.000000,3868.845000,415.906103
files/ftv170.atsp,0.100000,3062.000000,3868.968386,416.247721
files/ftv170.atsp,0.100000,3062.000000,3868.509967,417.354822
files/ftv170.atsp,0.100000,3062.000000,3868.497512,417.837171
files/ftv170.atsp,0.100000,3062.000000,3868.513245,418.519983
files/ftv170.atsp,0.100000,3062.000000,3869.094215,418.973127
files/ftv170.atsp,0.100000,3062.000000,3869.945545,419.274048
files/ftv170.atsp,0.100000,3062.000000,3869.316310,420.287684
files/ftv170.atsp,0.100000,3062.000000,3868.965461,421.228464
files/ftv170.atsp,0.100000,3062.000000,3869.912972,421.525978
files/ftv170.atsp,0.100000,3062.000000,3870.136066,421.895816
files/ftv170.atsp,0.100000,3062.000000,3869.667758,423.148520
files/ftv170.atsp,0.100000,3062.000000,3870.245098,423.706822
files/ftv170.atsp,0.100000,3062.000000,3870.004894,424.693879
files/ftv170.atsp,0.100000,3062.000000,3871.104235,424.878596
files/ftv170.atsp,0.100000,3062.000000,3870.824390,425.649487
files/ftv170.atsp,0.100000,3062.000000,3870.847403,425.920497
files/ftv170.atsp,0.100000,3062.000000,3871.651540,426.389716
files/ftv170.atsp,0.100000,3062.000000,3871.988673,426.771749
files/ftv170.atsp,0.100000,3062.000000,3872.331179,427.380810
files/ftv170.atsp,0.100000,3062.000000,3871.641935,428.305430
files/ftv170.atsp,0.100000,3062.000000,3871.895330,428.588079
files/ftv170.atsp,0.100000,3062.000000,3872.098071,429.157036
files/ftv170.atsp,0.100000,3062.000000,3872.351525,429.725060
files/ftv170.atsp,0.100000,3062.000000,3872.701923,430.269327
files/ftv170.atsp,0.100000,3062.000000,3873.384000,430.708716
files/ftv170.atsp,0.100000,3062.000000,3873.928115,431.092094
files/ftv170.atsp,0.100000,3062.000000,3873.942584,431.605462
files/ftv170.atsp,0.100000,3062.000000,3873.643312,432.528874
files/ftv170.atsp,0.100000,3062.000000,3872.945946,433.238860
files/ftv170.atsp,0.100000,3062.000000,3873.185714,433.821376
files/ftv170.atsp,0.100000,3062.000000,3872.670365,434.929271
files/ftv170.atsp,0.100000,3062.000000,3872.066456,436.146875
files/ftv170.atsp,0.100000,3062.000000,3871.625592,436.705942
files/ftv170.atsp,0.100000,3062.000000,3872.440063,436.948446
files/ftv170.atsp,0.100000,3062.000000,3872.439370,437.746946
files/ftv170.atsp,0.100000,3062.000000,3872.605346,438.157429
files/ftv170.atsp,0.100000,3062.000000,3873.167975,438.797887
files/ftv170.atsp,0.100000,3062.000000,3872.763323,439.834232
files/ftv170.atsp,0.100000,3062.000000,3872.715180,440.567888
files/ftv170.atsp,0.100000,3062.000000,3872.662500,441.079734
files/ftv170.atsp,0.100000,3062.000000,3872.026521,442.337221
files/ftv170.atsp,0.100000,3062.000000,3872.172897,443.034370
files/ftv170.atsp,0.100000,3062.000000,3872.682737,443.479170
files/ftv170.atsp,0.100000,3062.000000,3872.066770,444.260706
files/ftv170.atsp,0.100000,3062.000000,3872.102326,444.857138
files/ftv170.atsp,0.100000,3062.000000,3872.315789,445.329813
files/ftv170.atsp,0.100000,3062.000000,3871.644513,446.296795
files/ftv170.atsp,0.100000,3062.000000,3872.495370,446.664572
files/ftv170.atsp,0.100000,3062.000000,3873.049307,447.074581
files/ftv170.atsp,0.100000,3062.000000,3873.163077,447.758047
files/ftv170.atsp,0.100000,3062.000000,3872.454685,449.459458
files/ftv170.atsp,0.100000,3062.000000,3871.964724,450.623387
files/ftv170.atsp,0.100000,3062.000000,3871.745789,451.224305
files/ftv170.atsp,0.100000,3062.000000,3871.755352,452.031309
files/ftv170.atsp,0.100000,3062.000000,3871.230534,453.344745
files/ftv170.atsp,0.100000,3062.000000,3871.955793,453.655881
files/ftv170.atsp,0.100000,3062.000000,3872.652968,454.065918
files/ftv170.atsp,0.100000,3062.000000,3871.782675,455.246275
files/ftv170.atsp,0.100000,3062.000000,3871.667678,455.759577
files/ftv170.atsp,0.100000,3062.000000,3871.018182,456.922184
files/ftv170.atsp,0.100000,3062.000000,3871.015129,457.490948
files/ftv170.atsp,0.100000,3062.000000,3870.835347,458.534688
files/ftv170.atsp,0.100000,3062.000000,3870.078431,459.515696
files/ftv170.atsp,0.100000,3062.000000,3869.740964,460.055752
files/ftv170.atsp,0.100000,3062.000000,3870.374436,460.340460
files/ftv170.atsp,0.100000,3062.000000,3870.816817,460.849758
files/ftv170.atsp,0.100000,3062.000000,3871.374813,461.277453
files/ftv170.atsp,0.100000,3062.000000,3871.215569,462.298705
files/ftv170.atsp,0.100000,3062.000000,3870.675635,463.219429
files/ftv170.atsp,0.100000,3062.000000,3870.426866,463.689130
files/ftv170.atsp,0.100000,3062.000000,3870.149031,464.694330
files/ftv170.atsp,0.100000,3062.000000,3870.351190,465.221575
files/ftv170.atsp,0.100000,3062.000000,3870.169391,465.874998
files/ftv170.atsp,0.100000,3062.000000,3870.621662,466.202323
files/ftv170.atsp,0.100000,3062.000000,3870.087407,467.371078
files/ftv170.atsp,0.100000,3062.000000,3870.097633,468.156394
files/ftv170.atsp,0.100000,3062.000000,3869.871492,468.828122
files/ftv170.atsp,0.100000,3062.000000,3870.210914,469.285499
files/ftv170.atsp,0.100000,3062.000000,3870.870398,469.626433
files/ftv170.atsp,0.100000,3062.000000,3870.802941,470.554195
files/ftv170.atsp,0.100000,3062.000000,3869.878120,471.692699
files/ftv170.atsp,0.100000,3062.000000,3869.655425,472.519908
files/ftv170.atsp,0.100000,3062.000000,3869.838946,472.877771
files/ftv170.atsp,0.100000,3062.000000,3869.530702,473.817916
files/ftv170.atsp,0.100000,3062.000000,3869.189781,474.641460
files/ftv170.atsp,0.100000,3062.000000,3869.714286,475.055197
files/ftv170.atsp,0.100000,3062.000000,3869.995633,475.667656
files/ftv170.atsp,0.100000,3062.000000,3869.421512,476.848941
files/ftv170.atsp,0.100000,3062.000000,3869.000000,477.927696
files/ftv170.atsp,0.100000,3062.000000,3868.443478,479.068295
files/ftv170.atsp,0.100000,3062.000000,3868.933430,479.455681
files/ftv170.atsp,0.100000,3062.000000,3869.268786,479.625589
files/ftv170.atsp,0.100000,3062.000000,3868.518038,480.897358
files/ftv170.atsp,0.100000,3062.000000,3868.407781,481.471546
files/ftv170.atsp,0.100000,3062.000000,3868.204317,482.036804
files/ftv170.atsp,0.100000,3062.000000,3868.211207,483.060358
files/ftv170.atsp,0.100000,3062.000000,3867.998565,483.729746
files/ftv170.atsp,0.100000,3062.000000,3868.293696,484.127102
files/ftv170.atsp,0.100000,3062.000000,3868.071531,484.852758
files/ftv170.atsp,0.100000,3062.000000,3867.708571,485.622629
files/ftv170.atsp,0.100000,3062.000000,3867.740371,486.090157
files/ftv170.atsp,0.100000,3062.000000,3868.428775,486.488619
files/ftv170.atsp,0.100000,3062.000000,3869.083926,486.841768
files/ftv170.atsp,0.100000,3062.000000,3868.819602,487.612541
files/ftv170.atsp,0.100000,3062.000000,3868.892199,488.224178
files/ftv170.atsp,0.100000,3062.000000,3868.631728,489.044632
files/ftv170.atsp,0.100000,3062.000000,3868.298444,490.043196
files/ftv170.atsp,0.100000,3062.000000,3868.144068,490.951094
files/ftv170.atsp,0.100000,3062.000000,3868.447109,491.363849
files/ftv170.atsp,0.100000,3062.000000,3868.446479,491.773470
files/ftv170.atsp,0.100000,3062.000000,3867.888889,493.054263
files/ftv170.atsp,0.100000,3062.000000,3867.969101,493.537003
files/ftv170.atsp,0.100000,3062.000000,3868.263675,494.175770
files/ftv170.atsp,0.100000,3062.000000,3868.256303,494.516177
files/ftv170.atsp,0.100000,3062.000000,3868.697902,494.855789
files/ftv170.atsp,0.100000,3062.000000,3868.391061,495.792438
files/ftv170.atsp,0.100000,3062.000000,3868.135286,496.788008
files/ftv170.atsp,0.100000,3062.000000,3868.490251,497.244181
files/ftv170.atsp,0.100000,3062.000000,3868.052851,498.507781
files/ftv170.atsp,0.100000,3062.000000,3868.191667,499.261133
files/ftv170.atsp,0.100000,3062.000000,3868.424411,499.716950
files/ftv170.atsp,0.100000,3062.000000,3867.951524,500.711349
files/ftv170.atsp,0.100000,3062.000000,3867.611342,501.768421
files/ftv170.atsp,0.100000,3062.000000,3868.085635,502.278264
files/ftv170.atsp,0.100000,3062.000000,3867.820690,502.988662
files/ftv170.atsp,0.100000,3062.000000,3867.869146,503.921928
files/ftv170.atsp,0.100000,3062.000000,3868.313618,504.504744
files/ftv170.atsp,0.100000,3062.000000,3868.413462,505.225396
files/ftv170.atsp,0.100000,3062.000000,3868.794239,505.566373
files/ftv170.atsp,0.100000,3062.000000,3869.464384,506.077514
files/ftv170.atsp,0.100000,3062.000000,3869.068399,506.641941
files/ftv170.atsp,0.100000,3062.000000,3869.284153,507.582002
files/ftv170.atsp,0.100000,3062.000000,3868.656207,508.776367
files/ftv170.atsp,0.100000,3062.000000,3869.250681,509.177695
files/ftv170.atsp,0.100000,3062.000000,3869.038095,510.131734
files/ftv170.atsp,0.100000,3062.000000,3869.288043,510.576943
files/ftv170.atsp,0.100000,3062.000000,3869.497965,511.215384
files/ftv170.atsp,0.100000,3062.000000,3868.960705,512.226425
files/ftv170.atsp,0.100000,3062.000000,3869.511502,512.625885
files/ftv170.atsp,0.100000,3062.000000,3869.782432,512.980106
files/ftv170.atsp,0.100000,3062.000000,3869.854251,513.723214
files/ftv170.atsp,0.100000,3062.000000,3869.955526,514.463701
files/ftv170.atsp,0.100000,3062.000000,3870.226110,514.959305
files/ftv170.atsp,0.100000,3062.000000,3870.072581,515.784333
files/ftv170.atsp,0.100000,3062.000000,3869.480537,516.776360
files/ftv170.atsp,0.100000,3062.000000,3869.461126,517.687639
files/ftv170.atsp,0.100000,3062.000000,3870.034806,518.170535
files/ftv170.atsp,0.100000,3062.000000,3869.439840,518.696739
files/ftv170.atsp,0.100000,3062.000000,3869.125501,519.634831
files/ftv170.atsp,0.100000,3062.000000,3868.993333,520.405718
files/ftv170.atsp,0.100000,3062.000000,3869.420772,520.901096
files/ftv170.atsp,0.100000,3062.000000,3869.759309,521.853721
files/ftv170.atsp,0.100000,3062.000000,3870.547145,522.184233
files/ftv170.atsp,0.100000,3062.000000,3870.819629,522.737221
files/ftv170.atsp,0.100000,3062.000000,3871.145695,523.063312
files/ftv170.atsp,0.100000,3062.000000,3870.834656,524.086931
files/ftv170.atsp,0.100000,3062.000000,3870.817701,524.601199
files/ftv170.atsp,0.100000,3062.000000,3871.218997,524.985831
files/ftv170.atsp,0.100000,3062.000000,3870.674572,526.264625
files/ftv170.atsp,0.100000,3062.000000,3870.013158,527.158660
files/ftv170.atsp,0.100000,3062.000000,3870.052562,527.826428
files/ftv170.atsp,0.100000,3062.000000,3870.115486,528.441290
files/ftv170.atsp,0.100000,3062.000000,3870.322412,529.342835
files/ftv170.atsp,0.100000,3062.000000,3870.623037,529.820074
files/ftv170.atsp,0.100000,3062.000000,3870.176471,530.650259
files/ftv170.atsp,0.100000,3062.000000,3870.878590,530.968414
files/ftv170.atsp,0.100000,3062.000000,3871.385919,531.287991
files/ftv170.atsp,0.100000,3062.000000,3871.407552,531.965632
files/ftv170.atsp,0.100000,3062.000000,3871.828349,532.415524
files/ftv170.atsp,0.100000,3062.000000,3871.818182,533.092764
files/ftv170.atsp,0.100000,3062.000000,3871.251621,534.369140
files/ftv170.atsp,0.100000,3062.000000,3871.119171,535.288408
files/ftv170.atsp,0.100000,3062.000000,3870.728331,536.085960
files/ftv170.atsp,0.100000,3062.000000,3870.555556,537.114946
files/ftv170.atsp,0.100000,3062.000000,3870.809032,537.671214
files/ftv170.atsp,0.100000,3062.000000,3870.274485,539.657032
files/ftv170.atsp,0.100000,3062.000000,3869.691120,540.585026
files/ftv170.atsp,0.100000,3062.000000,3869.266067,541.113448
files/ftv170.atsp,0.100000,3062.000000,3869.444159,541.840362
files/ftv170.atsp,0.100000,3062.000000,3869.629487,542.052871
files/ftv170.atsp,0.100000,3062.000000,3869.467350,542.910151
files/ftv170.atsp,0.100000,3062.000000,3869.800512,543.449344
files/ftv170.atsp,0.100000,3062.000000,3869.551724,544.415397
files/ftv170.atsp,0.100000,3062.000000,3869.006378,544.898846
files/ftv170.atsp,0.100000,3062.000000,3869.234395,545.381213
files/ftv170.atsp,0.100000,3062.000000,3869.342239,545.765070
files/ftv170.atsp,0.100000,3062.000000,3869.364676,546.520092
files/ftv170.atsp,0.100000,3062.000000,3870.105330,546.887852
files/ftv170.atsp,0.100000,3062.000000,3870.429658,547.144567
files/ftv170.atsp,0.100000,3062.000000,3870.729114,547.757096
files/ftv170.atsp,0.100000,3062.000000,3871.149178,548.111366
files/ftv170.atsp,0.100000,3062.000000,3870.873737,548.939724
files/ftv170.atsp,0.100000,3062.000000,3870.957125,549.502780
files/ftv170.atsp,0.100000,3062.000000,3870.546599,550.428593
files/ftv170.atsp,0.100000,3062.000000,3870.194969,551.136335
files/ftv170.atsp,0.100000,3062.000000,3870.672111,551.821703
files/ftv170.atsp,0.100000,3062.000000,3870.746550,552.233620
files/ftv170.atsp,0.100000,3062.000000,3870.296992,553.502771
files/ftv170.atsp,0.100000,3062.000000,3869.747184,553.899816
files/ftv170.atsp,0.100000,3062.000000,3869.630000,554.896349
files/ftv170.atsp,0.100000,3062.000000,3869.129838,556.088969
files/ftv170.atsp,0.100000,3062.000000,3869.355362,556.733207
files/ftv170.atsp,0.100000,3062.000000,3869.714819,557.468000
files/ftv170.atsp,0.100000,3061.000000,3868.708955,558.470171
files/ftv170.atsp,0.100000,3061.000000,3868.760248,559.039299
files/ftv170.atsp,0.100000,3061.000000,3868.772953,559.823192
files/ftv170.atsp,0.100000,3061.000000,3868.568773,561.145069
files/ftv170.atsp,0.100000,3061.000000,3868.243812,562.273529
files/ftv170.atsp,0.100000,3061.000000,3868.724351,562.613557
files/ftv170.atsp,0.100000,3061.000000,3868.662963,562.897090
files/ftv170.atsp,0.100000,3061.000000,3868.596794,563.594371
files/ftv170.atsp,0.100000,3061.000000,3867.974138,564.905703
files/ftv170.atsp,0.100000,3061.000000,3867.961870,565.405209
files/ftv170.atsp,0.100000,3061.000000,3868.250614,565.816472
files/ftv170.atsp,0.100000,3061.000000,3867.900613,566.947815
files/ftv170.atsp,0.100000,3061.000000,3868.388480,567.473590
files/ftv170.atsp,0.100000,3061.000000,3868.275398,568.241942
files/ftv170.atsp,0.100000,3061.000000,3868.128362,569.021350
files/ftv170.atsp,0.100000,3061.000000,3867.832723,569.616728
files/ftv170.atsp,0.100000,3061.000000,3868.015854,569.944639
files/ftv170.atsp,0.100000,3061.000000,3868.164434,570.502353
files/ftv170.atsp,0.100000,3061.000000,3867.756691,571.429911
files/ftv170.atsp,0.100000,3061.000000,3868.035237,571.841594
files/ftv170.atsp,0.100000,3061.000000,3867.969660,572.847882
files/ftv170.atsp,0.100000,3061.000000,3867.757576,573.575917
files/ftv170.atsp,0.100000,3061.000000,3867.426150,574.498688
files/ftv170.atsp,0.100000,3061.000000,3867.182588,575.102344
files/ftv170.atsp,0.100000,3061.000000,3867.667874,575.515240
files/ftv170.atsp,0.100000,3061.000000,3868.071170,576.104798
files/ftv170.atsp,0.100000,3061.000000,3868.356627,576.534874
files/ftv170.atsp,0.100000,3061.000000,3867.665463,577.795142
files/ftv170.atsp,0.100000,3061.000000,3868.016827,578.183217
files/ftv170.atsp,0.100000,3061.000000,3867.595438,579.110882
files/ftv170.atsp,0.100000,3061.000000,3867.431655,579.791020
files/ftv170.atsp,0.100000,3061.000000,3866.918563,581.094624
files/ftv170.atsp,0.100000,3061.000000,3866.344498,582.459323
files/ftv170.atsp,0.100000,3061.000000,3866.740741,583.183244
files/ftv170.atsp,0.100000,3061.000000,3866.977327,584.007611
files/ftv170.atsp,0.100000,3061.000000,3867.025030,585.037301
files/ftv170.atsp,0.100000,3061.000000,3866.508333,586.095545
files/ftv170.atsp,0.100000,3061.000000,3866.438763,586.669528
files/ftv170.atsp,0.100000,3061.000000,3866.125891,588.140627
files/ftv170.atsp,0.100000,3061.000000,3866.151839,589.092755
files/ftv170.atsp,0.100000,3061.000000,3866.162322,589.777601
files/ftv170.atsp,0.100000,3061.000000,3866.041420,590.231636
files/ftv170.atsp,0.100000,3061.000000,3865.895981,591.093419
files/ftv170.atsp,0.100000,3061.000000,3866.208973,591.551661
files/ftv170.atsp,0.100000,3061.000000,3866.824292,592.031913
files/ftv170.atsp,0.100000,3061.000000,3867.020024,592.673595
files/ftv170.atsp,0.100000,3061.000000,3866.761176,593.605244
files/ftv170.atsp,0.100000,3061.000000,3867.077556,594.031115
files/ftv170.atsp,0.100000,3061.000000,3867.524648,594.600574
files/ftv170.atsp,0.100000,3061.000000,3867.798359,595.011748
files/ftv170.atsp,0.100000,3061.000000,3867.781030,595.648037
files/ftv170.atsp,0.100000,3061.000000,3868.038596,596.289275
files/ftv170.atsp,0.100000,3061.000000,3868.102804,596.855911
files/ftv170.atsp,0.100000,3061.000000,3868.596266,597.256081
files/ftv170.atsp,0.100000,3061.000000,3868.008159,598.365260
files/ftv170.atsp,0.100000,3061.000000,3868.050058,598.937546
files/ftv170.atsp,0.100000,3061.000000,3868.216279,599.407149
files/ftv170.atsp,0.100000,3061.000000,3868.209059,600.163586
files/ftv170.atsp,0.100000,3061.000000,3868.189095,600.659662
files/ftv170.atsp,0.100000,3061.000000,3867.557358,601.881916
files/ftv170.atsp,0.100000,3061.000000,3867.530093,602.571106
files/ftv170.atsp,0.100000,3061.000000,3867.223121,603.323421
files/ftv170.atsp,0.100000,3061.000000,3867.419169,603.933828
files/ftv170.atsp,0.100000,3061.000000,3867.978085,604.175968
files/ftv170.atsp,0.100000,3061.000000,3868.283410,604.613908
files/ftv170.atsp,0.100000,3061.000000,3868.383199,605.096499
files/ftv170.atsp,0.100000,3061.000000,3868.704598,605.781825
files/ftv170.atsp,0.100000,3061.000000,3869.223881,606.052303
files/ftv170.atsp,0.100000,3061.000000,3869.176606,606.797115
files/ftv170.atsp,0.100000,3061.000000,3869.790378,607.038993
files/ftv170.atsp,0.100000,3061.000000,3869.439359,608.126810
files/ftv170.atsp,0.100000,3061.000000,3869.136000,609.455591
files/ftv170.atsp,0.100000,3061.000000,3869.219178,610.153167
files/ftv170.atsp,0.100000,3061.000000,3868.977195,611.020571
files/ftv170.atsp,0.100000,3061.000000,3869.075171,611.716560
files/ftv170.atsp,0.100000,3061.000000,3869.150171,612.340799
files/ftv170.atsp,0.100000,3061.000000,3868.740909,613.224670
files/ftv170.atsp,0.100000,3061.000000,3868.446084,614.404319
files/ftv170.atsp,0.100000,3061.000000,3868.278912,615.497176
files/ftv170.atsp,0.100000,3061.000000,3868.236693,616.280883
files/ftv170.atsp,0.100000,3061.000000,3867.854072,617.564880
files/ftv170.atsp,0.100000,3061.000000,3867.931073,618.103737
files/ftv170.atsp,0.100000,3061.000000,3868.539503,618.430971
files/ftv170.atsp,0.100000,3061.000000,3868.561443,618.786245
files/ftv170.atsp,0.100000,3061.000000,3868.490991,619.794866
files/ftv170.atsp,0.100000,3061.000000,3868.163105,621.016619
files/ftv170.atsp,0.100000,3061.000000,3868.385393,621.605236
files/ftv170.atsp,0.100000,3061.000000,3868.445567,622.238491
files/ftv170.atsp,0.100000,3061.000000,3868.651345,622.848786
files/ftv170.atsp,0.100000,3061.000000,3868.283315,623.975537
files/ftv170.atsp,0.100000,3061.000000,3868.902685,624.362374
files/ftv170.atsp,0.100000,3061.000000,3868.898324,624.901076
files/ftv170.atsp,0.100000,3061.000000,3869.383929,625.220013
files/ftv170.atsp,0.100000,3061.000000,3869.414716,625.617985
files/ftv170.atsp,0.100000,3061.000000,3869.314031,626.157361
files/ftv170.atsp,0.100000,3061.000000,3869.734149,626.641528
files/ftv170.atsp,0.100000,3061.000000,3869.407778,627.332200
files/ftv170.atsp,0.100000,3061.000000,3869.620422,628.157426
files/ftv170.atsp,0.100000,3061.000000,3869.567627,628.968107
files/ftv170.atsp,0.100000,3061.000000,3869.087486,630.340147
files/ftv170.atsp,0.100000,3061.000000,3868.711283,631.662180
files/ftv170.atsp,0.100000,3061.000000,3868.523757,632.269379
files/ftv170.atsp,0.100000,3061.000000,3868.318985,633.069616
files/ftv170.atsp,0.100000,3061.000000,3867.743109,634.311688
files/ftv170.atsp,0.100000,3061.000000,3868.310573,634.809502
files/ftv170.atsp,0.100000,3061.000000,3868.064906,635.619621
files/ftv170.atsp,0.100000,3061.000000,3868.565934,636.047670
files/ftv170.atsp,0.100000,3061.000000,3868.973655,636.463847
files/ftv170.atsp,0.100000,3061.000000,3869.143640,637.160695
files/ftv170.atsp,0.100000,3061.000000,3868.700986,637.998561
files/ftv170.atsp,0.100000,3061.000000,3868.605033,638.525264
files/ftv170.atsp,0.100000,3061.000000,3868.659016,639.100380
files/ftv170.atsp,0.100000,3061.000000,3869.435590,639.572135
files/ftv170.atsp,0.100000,3061.000000,3869.213740,640.240935
files/ftv170.atsp,0.100000,3061.000000,3868.767974,641.423894
files/ftv170.atsp,0.100000,3061.000000,3868.793254,642.192338
files/ftv170.atsp,0.100000,3061.000000,3868.860870,642.844934
files/ftv170.atsp,0.100000,3061.000000,3869.361564,643.639183
files/ftv170.atsp,0.100000,3061.000000,3869.123644,644.413282
files/ftv170.atsp,0.100000,3061.000000,3869.360780,645.023512
files/ftv170.atsp,0.100000,3061.000000,3869.523810,645.380709
files/ftv170.atsp,0.100000,3061.000000,3869.099459,646.464289
files/ftv170.atsp,0.100000,3061.000000,3869.327214,647.075379
files/ftv170.atsp,0.100000,3061.000000,3869.600863,647.533058
files/ftv170.atsp,0.100000,3061.000000,3870.118534,647.973780
files/ftv170.atsp,0.100000,3061.000000,3870.003229,649.234509
files/ftv170.atsp,0.100000,3061.000000,3869.926882,649.776740
files/ftv170.atsp,0.100000,3061.000000,3870.413534,650.061434
files/ftv170.atsp,0.100000,3061.000000,3869.966738,650.842768
files/ftv170.atsp,0.100000,3061.000000,3870.062165,651.369411
files/ftv170.atsp,0.100000,3061.000000,3869.825482,652.214912
files/ftv170.atsp,0.100000,3061.000000,3870.410695,652.629237
files/ftv170.atsp,0.100000,3061.000000,3870.325855,652.969474
files/ftv170.atsp,0.100000,3061.000000,3870.293490,654.000387
files/ftv170.atsp,0.100000,3061.000000,3870.753731,654.313630
files/ftv170.atsp,0.100000,3061.000000,3870.728435,654.938056
files/ftv170.atsp,0.100000,3061.000000,3871.015957,655.281103
files/ftv170.atsp,0.100000,3061.000000,3871.115834,656.507987
files/ftv170.atsp,0.100000,3061.000000,3871.145435,657.446184
files/ftv170.atsp,0.100000,3061.000000,3871.182397,657.870692
files/ftv170.atsp,0.100000,3061.000000,3870.779661,659.112622
files/ftv170.atsp,0.100000,3061.000000,3871.059259,659.599708
files/ftv170.atsp,0.100000,3061.000000,3871.034884,660.226886
files/ftv170.atsp,0.100000,3061.000000,3871.329461,660.656094
files/ftv170.atsp,0.100000,3061.000000,3871.271097,661.096246
files/ftv170.atsp,0.100000,3061.000000,3871.505796,661.625285
files/ftv170.atsp,0.100000,3061.000000,3871.033684,662.479629
files/ftv170.atsp,0.100000,3061.000000,3870.827550,663.617459
files/ftv170.atsp,0.100000,3061.000000,3870.653361,664.216668
files/ftv170.atsp,0.100000,3061.000000,3870.881427,664.628514
files/ftv170.atsp,0.100000,3061.000000,3871.362683,664.954389
files/ftv170.atsp,0.100000,3061.000000,3871.203141,665.724077
files/ftv170.atsp,0.100000,3061.000000,3871.174686,666.466340
files/ftv170.atsp,0.100000,3061.000000,3870.928945,667.229570
files/ftv170.atsp,0.100000,3061.000000,3871.077244,667.711025
files/ftv170.atsp,0.100000,3061.000000,3870.696559,668.765831
files/ftv170.atsp,0.100000,3061.000000,3870.371875,669.478772
files/ftv170.atsp,0.100000,3061.000000,3870.311134,670.131806
files/ftv170.atsp,0.100000,3061.000000,3870.543659,670.471618
files/ftv170.atsp,0.100000,3061.000000,3870.406023,671.110370
files/ftv170.atsp,0.100000,3061.000000,3870.108921,672.218869
files/ftv170.atsp,0.100000,3061.000000,3870.121244,672.685621
files/ftv170.atsp,0.100000,3061.000000,3870.348861,673.126260
files/ftv170.atsp,0.100000,3061.000000,3870.404343,673.809776
files/ftv170.atsp,0.100000,3061.000000,3870.520661,674.479002
files/ftv170.atsp,0.100000,3061.000000,3871.120743,674.891063
files/ftv170.atsp,0.100000,3061.000000,3870.641237,675.757114
files/ftv170.atsp,0.100000,3061.000000,3871.039135,676.013550
files/ftv170.atsp,0.100000,3061.000000,3871.237654,676.413120
files/ftv170.atsp,0.100000,3061.000000,3871.171634,677.279325
files/ftv170.atsp,0.100000,3061.000000,3870.855236,678.144310
files/ftv170.atsp,0.100000,3061.000000,3870.565128,679.141207
files/ftv170.atsp,0.100000,3061.000000,3870.281762,680.383061
files/ftv170.atsp,0.100000,3061.000000,3870.258956,680.780090
files/ftv170.atsp,0.100000,3061.000000,3870.352761,681.035053
files/ftv170.atsp,0.100000,3061.000000,3870.315628,681.491845
files/ftv170.atsp,0.100000,3061.000000,3870.423469,681.761979
files/ftv170.atsp,0.100000,3061.000000,3870.770642,682.086814
files/ftv170.atsp,0.100000,3061.000000,3870.367617,683.011127
files/ftv170.atsp,0.100000,3061.000000,3870.415056,683.723161
files/ftv170.atsp,0.100000,3061.000000,3870.053862,684.807413
files/ftv170.atsp,0.100000,3061.000000,3870.331980,685.165345
files/ftv170.atsp,0.100000,3061.000000,3870.284990,685.434485
files/ftv170.atsp,0.100000,3061.000000,3870.122594,686.174465
files/ftv170.atsp,0.100000,3061.000000,3869.688259,687.197718
files/ftv170.atsp,0.100000,3061.000000,3869.970677,687.808838
files/ftv170.atsp,0.100000,3061.000000,3870.091919,688.474082
files/ftv170.atsp,0.100000,3061.000000,3869.770938,689.586212
files/ftv170.atsp,0.100000,3061.000000,3869.349798,690.496630
files/ftv170.atsp,0.100000,3061.000000,3869.573011,690.907168
files/ftv170.atsp,0.100000,3061.000000,3869.657948,691.293510
files/ftv170.atsp,0.100000,3061.000000,3869.520603,692.046252
files/ftv170.atsp,0.100000,3061.000000,3869.337349,692.602957
files/ftv170.atsp,0.100000,3061.000000,3869.411234,693.042683
files/ftv170.atsp,0.100000,3061.000000,3869.476954,693.697608
files/ftv170.atsp,0.100000,3061.000000,3869.635636,694.166443
files/ftv170.atsp,0.100000,3061.000000,3869.921000,694.635156
files/ftv170.atsp,0.100000,3061.000000,3870.045954,695.189748
files/ftv170.atsp,0.100000,3061.000000,3870.301397,695.605167
files/ftv170.atsp,0.100000,3061.000000,3870.192423,696.074338
files/ftv170.atsp,0.100000,3061.000000,3869.989044,697.014295
files/ftv170.atsp,0.100000,3061.000000,3870.263682,697.439448
files/ftv170.atsp,0.100000,3061.000000,3869.587475,698.410402
files/ftv170.atsp,0.100000,3061.000000,3869.946375,698.763814
files/ftv170.atsp,0.100000,3061.000000,3870.032738,699.304479
files/ftv170.atsp,0.100000,3061.000000,3870.054509,700.097358
files/ftv170.atsp,0.100000,3061.000000,3870.222772,700.679936
files/ftv170.atsp,0.100000,3061.000000,3870.289812,701.192584
files/ftv170.atsp,0.100000,3061.000000,3870.716403,701.644865
files/ftv170.atsp,0.100000,3061.000000,3871.033564,702.171299
files/ftv170.atsp,0.100000,3061.000000,3871.301775,702.581643
files/ftv170.atsp,0.100000,3061.000000,3871.355665,703.320213
files/ftv170.atsp,0.100000,3061.000000,3871.439961,703.759778
files/ftv170.atsp,0.100000,3061.000000,3871.726647,704.243498
files/ftv170.atsp,0.100000,3061.000000,3871.777996,705.237789
files/ftv170.atsp,0.100000,3061.000000,3871.361138,706.103526
files/ftv170.atsp,0.100000,3061.000000,3871.510784,706.896595
files/ftv170.atsp,0.100000,3061.000000,3871.916748,707.124943
files/ftv170.atsp,0.100000,3061.000000,3871.782779,708.063295
files/ftv170.atsp,0.100000,3061.000000,3871.933529,708.519043
files/ftv170.atsp,0.100000,3061.000000,3871.916992,709.103479
files/ftv170.atsp,0.100000,3061.000000,3871.675122,709.985250
files/ftv170.atsp,0.100000,3061.000000,3871.551657,710.612364
files/ftv170.atsp,0.100000,3061.000000,3871.895813,711.038683
files/ftv170.atsp,0.100000,3061.000000,3871.393969,712.305065
files/ftv170.atsp,0.100000,3061.000000,3871.011662,713.157699
files/ftv170.atsp,0.100000,3061.000000,3870.600971,714.677249
files/ftv170.atsp,0.100000,3061.000000,3870.313288,715.772629
files/ftv170.atsp,0.100000,3061.000000,3871.083333,716.112593
files/ftv170.atsp,0.100000,3061.000000,3870.971926,716.880134
files/ftv170.atsp,0.100000,3061.000000,3870.840426,717.534834
files/ftv170.atsp,0.100000,3061.000000,3870.706280,718.161128
files/ftv170.atsp,0.100000,3061.000000,3870.848456,719.071458
files/ftv170.atsp,0.100000,3061.000000,3871.225651,719.582346
files/ftv170.atsp,0.100000,3061.000000,3871.340077,720.329774
files/ftv170.atsp,0.100000,3061.000000,3871.304139,720.897404
files/ftv170.atsp,0.100000,3061.000000,3871.450000,721.651296
files/ftv170.atsp,0.100000,3061.000000,3871.487992,722.118420
files/ftv170.atsp,0.100000,3061.000000,3871.821497,722.474687
files/ftv170.atsp,0.100000,3061.000000,3871.545542,723.642383
files/ftv170.atsp,0.100000,3061.000000,3871.196360,724.696624
files/ftv170.atsp,0.100000,3061.000000,3870.782775,725.904799
files/ftv170.atsp,0.100000,3061.000000,3870.571702,726.969973
files/ftv170.atsp,0.100000,3061.000000,3870.585482,727.581470
files/ftv170.atsp,0.100000,3061.000000,3870.753817,727.991471
files/ftv170.atsp,0.100000,3061.000000,3871.131554,728.219267
files/ftv170.atsp,0.100000,3061.000000,3870.780952,729.241774
files/ftv170.atsp,0.100000,3061.000000,3870.347288,730.465029
files/ftv170.atsp,0.100000,3061.000000,3870.404943,731.189195
files/ftv170.atsp,0.100000,3061.000000,3870.207028,732.312671
files/ftv170.atsp,0.100000,3061.000000,3870.359583,733.064696
files/ftv170.atsp,0.100000,3061.000000,3870.524171,733.516927
files/ftv170.atsp,0.100000,3061.000000,3870.811553,733.927772
files/ftv170.atsp,0.100000,3061.000000,3870.931883,734.330829
files/ftv170.atsp,0.100000,3061.000000,3870.793006,735.520285
files/ftv170.atsp,0.100000,3061.000000,3870.816808,735.945292
files/ftv170.atsp,0.100000,3061.000000,3871.083019,736.373600
files/ftv170.atsp,0.100000,3061.000000,3870.917059,736.841066
files/ftv170.atsp,0.100000,3061.000000,3871.222222,737.354464
files/ftv170.atsp,0.100000,3061.000000,3870.956726,738.249723
files/ftv170.atsp,0.100000,3061.000000,3870.901316,738.646098
files/ftv170.atsp,0.100000,3061.000000,3870.849765,739.128753
files/ftv170.atsp,0.100000,3061.000000,3870.636023,739.866485
files/ftv170.atsp,0.100000,3061.000000,3870.802249,740.265191
files/ftv170.atsp,0.100000,3061.000000,3871.211610,740.533898
files/ftv170.atsp,0.100000,3061.000000,3871.467727,740.987565
files/ftv170.atsp,0.100000,3061.000000,3871.708411,741.531652
files/ftv170.atsp,0.100000,3061.000000,3872.056956,741.956975
files/ftv170.atsp,0.100000,3061.000000,3872.056903,742.821007
files/ftv170.atsp,0.100000,3061.000000,3871.775396,744.041798
files/ftv170.atsp,0.100000,3061.000000,3871.864991,744.793619
files/ftv170.atsp,0.100000,3061.000000,3872.168372,745.203645
files/ftv170.atsp,0.100000,3061.000000,3872.413569,745.699038
files/ftv170.atsp,0.100000,3061.000000,3872.403900,746.241916
files/ftv170.atsp,0.100000,3061.000000,3872.641929,746.568705
files/ftv170.atsp,0.100000,3061.000000,3872.528267,747.266657
files/ftv170.atsp,0.100000,3061.000000,3872.704630,747.877813
files/ftv170.atsp,0.100000,3061.000000,3872.882516,748.445158
files/ftv170.atsp,0.100000,3061.000000,3873.126617,749.130599
files/ftv170.atsp,0.100000,3061.000000,3873.468144,749.559775
files/ftv170.atsp,0.100000,3061.000000,3873.607934,750.200260
files/ftv170.atsp,0.100000,3061.000000,3873.285714,751.476159
files/ftv170.atsp,0.100000,3061.000000,3873.555249,752.015148
files/ftv170.atsp,0.100000,3061.000000,3873.708372,752.454342
files/ftv170.atsp,0.100000,3061.000000,3873.483456,753.352884
files/ftv170.atsp,0.100000,3061.000000,3873.452709,754.019057
files/ftv170.atsp,0.100000,3061.000000,3873.540367,754.730560
files/ftv170.atsp,0.100000,3061.000000,3873.505958,755.738859
files/ftv170.atsp,0.100000,3061.000000,3873.333333,756.521161
files/ftv170.atsp,0.100000,3061.000000,3873.337603,757.076875
files/ftv170.atsp,0.100000,3061.000000,3873.352834,757.741522
files/ftv170.atsp,0.100000,3061.000000,3873.470320,758.426567
files/ftv170.atsp,0.100000,3061.000000,3873.745438,758.796268
files/ftv170.atsp,0.100000,3061.000000,3873.456700,759.421256
files/ftv170.atsp,0.100000,3061.000000,3873.816940,759.748167
files/ftv170.atsp,0.100000,3061.000000,3873.841674,760.232817
files/ftv170.atsp,0.100000,3061.000000,3873.600000,761.174605
files/ftv170.atsp,0.100000,3061.000000,3873.913715,761.657108
files/ftv170.atsp,0.100000,3061.000000,3873.892922,762.583884
files/ftv170.atsp,0.100000,3061.000000,3873.668178,763.264492
files/ftv170.atsp,0.100000,3061.000000,3873.723732,763.676597
files/ftv170.atsp,0.100000,3061.000000,3873.447964,764.786026
