files/ftv170.atsp,0.200000,5189.000000,5189.000000,1.500768
files/ftv170.atsp,0.200000,4353.000000,4771.000000,4.526172
files/ftv170.atsp,0.200000,4353.000000,4909.333333,5.980437
files/ftv170.atsp,0.200000,4353.000000,5035.250000,7.353541
files/ftv170.atsp,0.200000,4353.000000,4969.400000,9.232159
files/ftv170.atsp,0.200000,4353.000000,5059.666667,10.657156
files/ftv170.atsp,0.200000,4353.000000,5056.571429,12.714437
files/ftv170.atsp,0.200000,4353.000000,4979.000000,15.396520
files/ftv170.atsp,0.200000,4353.000000,5023.333333,16.833044
files/ftv170.atsp,0.200000,4353.000000,5039.500000,18.603764
files/ftv170.atsp,0.200000,4353.000000,5082.272727,20.245213
files/ftv170.atsp,0.200000,4353.000000,5062.916667,22.260040
files/ftv170.atsp,0.200000,4353.000000,5015.153846,25.269486
files/ftv170.atsp,0.200000,4353.000000,4999.857143,27.376529
files/ftv170.atsp,0.200000,4353.000000,4992.533333,29.159316
files/ftv170.atsp,0.200000,4353.000000,4963.500000,31.367420
files/ftv170.atsp,0.200000,4353.000000,4981.941176,33.367489
files/ftv170.atsp,0.200000,4353.000000,5002.666667,34.733419
files/ftv170.atsp,0.200000,4353.000000,4985.105263,37.322095
files/ftv170.atsp,0.200000,4353.000000,4977.300000,39.566254
files/ftv170.atsp,0.200000,4353.000000,4982.666667,41.347691
files/ftv170.atsp,0.200000,4353.000000,4997.727273,42.715379
files/ftv170.atsp,0.200000,4353.000000,4972.695652,45.533084
files/ftv170.atsp,0.200000,4353.000000,4950.250000,48.067350
files/ftv170.atsp,0.200000,4353.000000,4961.920000,50.308902
files/ftv170.atsp,0.200000,4353.000000,4957.923077,51.793477
files/ftv170.atsp,0.200000,4353.000000,4940.740741,54.801500
files/ftv170.atsp,0.200000,4353.000000,4962.750000,56.453081
files/ftv170.atsp,0.200000,4353.000000,4945.931034,58.774655
files/ftv170.atsp,0.200000,4353.000000,4956.333333,60.472733
files/ftv170.atsp,0.200000,4353.000000,4955.870968,62.312670
files/ftv170.atsp,0.200000,4353.000000,4960.593750,64.013565
files/ftv170.atsp,0.200000,4353.000000,4962.606061,66.365913
files/ftv170.atsp,0.200000,4353.000000,4969.676471,67.948653
files/ftv170.atsp,0.200000,4353.000000,4972.485714,70.310969
files/ftv170.atsp,0.200000,4353.000000,4975.611111,72.431625
files/ftv170.atsp,0.200000,4353.000000,4979.486486,74.197784
files/ftv170.atsp,0.200000,4353.000000,4987.973684,75.982399
files/ftv170.atsp,0.200000,4353.000000,4984.820513,78.333169
files/ftv170.atsp,0.200000,4353.000000,4975.175000,81.117603
files/ftv170.atsp,0.200000,4353.000000,4982.707317,82.902603
files/ftv170.atsp,0.200000,4353.000000,4993.619048,84.455553
files/ftv170.atsp,0.200000,4353.000000,4988.116279,86.238922
files/ftv170.atsp,0.200000,4353.000000,4990.340909,88.136079
files/ftv170.atsp,0.200000,4353.000000,4984.333333,90.403405
files/ftv170.atsp,0.200000,4353.000000,4983.934783,92.885575
files/ftv170.atsp,0.200000,4353.000000,4977.170213,95.463532
files/ftv170.atsp,0.200000,4353.000000,4988.708333,96.878030
files/ftv170.atsp,0.200000,4353.000000,4992.775510,98.373334
files/ftv170.atsp,0.200000,4353.000000,4999.140000,100.029537
files/ftv170.atsp,0.200000,4353.000000,4987.803922,101.963220
files/ftv170.atsp,0.200000,4150.000000,4971.692308,104.369463
files/ftv170.atsp,0.200000,4150.000000,4962.566038,106.930574
files/ftv170.atsp,0.200000,4150.000000,4969.296296,108.940086
files/ftv170.atsp,0.200000,4150.000000,4968.127273,110.910970
files/ftv170.atsp,0.200000,4150.000000,4971.535714,112.909976
files/ftv170.atsp,0.200000,4150.000000,4975.175439,114.850183
files/ftv170.atsp,0.200000,4150.000000,4976.672414,116.462194
files/ftv170.atsp,0.200000,4150.000000,4983.474576,117.784208
files/ftv170.atsp,0.200000,4150.000000,4985.483333,120.139412
files/ftv170.atsp,0.200000,4150.000000,4974.311475,122.794684
files/ftv170.atsp,0.200000,4150.000000,4969.016129,125.182196
files/ftv170.atsp,0.200000,4150.000000,4976.396825,126.651680
files/ftv170.atsp,0.200000,4150.000000,4977.734375,128.349180
files/ftv170.atsp,0.200000,4150.000000,4975.415385,130.678357
files/ftv170.atsp,0.200000,4150.000000,4972.863636,132.501014
files/ftv170.atsp,0.200000,4150.000000,4973.970149,134.503822
files/ftv170.atsp,0.200000,4150.000000,4971.308824,136.365581
files/ftv170.atsp,0.200000,4150.000000,4977.260870,137.960240
files/ftv170.atsp,0.200000,4150.000000,4975.442857,139.887545
files/ftv170.atsp,0.200000,4150.000000,4979.225352,141.419611
files/ftv170.atsp,0.200000,4150.000000,4986.222222,142.999192
files/ftv170.atsp,0.200000,4150.000000,4985.931507,145.363074
files/ftv170.atsp,0.200000,4150.000000,4988.608108,146.960617
files/ftv170.atsp,0.200000,4150.000000,4992.093333,148.946323
files/ftv170.atsp,0.200000,4150.000000,4990.342105,151.009732
files/ftv170.atsp,0.200000,4150.000000,4999.103896,152.430841
files/ftv170.atsp,0.200000,4150.000000,4991.512821,155.093429
files/ftv170.atsp,0.200000,4150.000000,4993.481013,156.976130
files/ftv170.atsp,0.200000,4150.000000,4997.275000,158.822409
files/ftv170.atsp,0.200000,4044.000000,4985.506173,161.750136
files/ftv170.atsp,0.200000,4044.000000,4991.951220,163.349573
files/ftv170.atsp,0.200000,4044.000000,4993.843373,165.066527
files/ftv170.atsp,0.200000,4044.000000,4990.821429,167.146600
files/ftv170.atsp,0.200000,4044.000000,4995.023529,168.984757
files/ftv170.atsp,0.200000,4044.000000,4994.906977,170.936487
files/ftv170.atsp,0.200000,4044.000000,4997.356322,172.774205
files/ftv170.atsp,0.200000,4044.000000,4994.431818,174.951634
files/ftv170.atsp,0.200000,4044.000000,4994.887640,176.408442
files/ftv170.atsp,0.200000,4044.000000,4994.511111,178.507654
files/ftv170.atsp,0.200000,4044.000000,5000.208791,180.046645
files/ftv170.atsp,0.200000,4044.000000,5004.728261,182.099267
files/ftv170.atsp,0.200000,4044.000000,5006.225806,183.698018
files/ftv170.atsp,0.200000,4044.000000,5001.148936,186.150865
files/ftv170.atsp,0.200000,4044.000000,5005.094737,187.778556
files/ftv170.atsp,0.200000,4044.000000,5006.739583,189.852199
files/ftv170.atsp,0.200000,4044.000000,5005.886598,191.915411
files/ftv170.atsp,0.200000,4044.000000,5004.040816,194.750325
files/ftv170.atsp,0.200000,4044.000000,4998.696970,197.673671
files/ftv170.atsp,0.200000,4044.000000,4999.840000,199.597671
files/ftv170.atsp,0.200000,4044.000000,4998.722772,201.841441
files/ftv170.atsp,0.200000,4044.000000,5000.970588,204.282360
files/ftv170.atsp,0.200000,4044.000000,5002.262136,205.882454
files/ftv170.atsp,0.200000,4044.000000,5003.471154,207.663461
files/ftv170.atsp,0.200000,4044.000000,5007.361905,209.360217
files/ftv170.atsp,0.200000,4044.000000,5001.443396,212.579491
files/ftv170.atsp,0.200000,4044.000000,5000.065421,214.656790
files/ftv170.atsp,0.200000,4044.000000,5004.250000,216.428926
files/ftv170.atsp,0.200000,4044.000000,5004.266055,218.659706
files/ftv170.atsp,0.200000,4044.000000,5009.263636,220.312215
files/ftv170.atsp,0.200000,4044.000000,5007.198198,222.425241
files/ftv170.atsp,0.200000,4044.000000,4998.696429,225.215871
files/ftv170.atsp,0.200000,4044.000000,5001.106195,227.184844
files/ftv170.atsp,0.200000,4044.000000,5006.192982,228.781763
files/ftv170.atsp,0.200000,4044.000000,5008.382609,230.804283
files/ftv170.atsp,0.200000,4044.000000,5006.215517,232.375437
files/ftv170.atsp,0.200000,4044.000000,5006.068376,234.433631
files/ftv170.atsp,0.200000,4020.000000,4997.711864,237.381319
files/ftv170.atsp,0.200000,4020.000000,4999.638655,239.305346
files/ftv170.atsp,0.200000,4020.000000,4999.991667,241.661254
files/ftv170.atsp,0.200000,4020.000000,4997.214876,243.788116
files/ftv170.atsp,0.200000,4020.000000,4997.475410,246.244301
files/ftv170.atsp,0.200000,4020.000000,4998.089431,248.301303
files/ftv170.atsp,0.200000,4020.000000,4997.395161,250.375419
files/ftv170.atsp,0.200000,4020.000000,4999.936000,252.045924
files/ftv170.atsp,0.200000,4020.000000,5001.619048,253.959309
files/ftv170.atsp,0.200000,4020.000000,5000.503937,256.027666
files/ftv170.atsp,0.200000,4020.000000,4999.265625,257.837615
files/ftv170.atsp,0.200000,4020.000000,5000.356589,259.732617
files/ftv170.atsp,0.200000,4020.000000,4996.846154,262.300481
files/ftv170.atsp,0.200000,4020.000000,4999.305344,264.925023
files/ftv170.atsp,0.200000,4020.000000,4998.757576,267.354296
files/ftv170.atsp,0.200000,4020.000000,4999.879699,269.170953
files/ftv170.atsp,0.200000,4020.000000,4999.164179,271.720497
files/ftv170.atsp,0.200000,4020.000000,5002.429630,273.498564
files/ftv170.atsp,0.200000,4020.000000,4995.448529,276.773296
files/ftv170.atsp,0.200000,4020.000000,4996.591241,278.603430
files/ftv170.atsp,0.200000,4020.000000,4995.731884,280.900018
files/ftv170.atsp,0.200000,4020.000000,4997.165468,282.643770
files/ftv170.atsp,0.200000,4020.000000,5001.464286,284.407275
files/ftv170.atsp,0.200000,4020.000000,5005.957447,285.943353
files/ftv170.atsp,0.200000,4020.000000,5007.338028,287.929694
files/ftv170.atsp,0.200000,4020.000000,5008.741259,289.686731
files/ftv170.atsp,0.200000,4020.000000,5010.611111,291.414627
files/ftv170.atsp,0.200000,4020.000000,5008.510345,293.884180
files/ftv170.atsp,0.200000,4020.000000,5009.520548,295.612299
files/ftv170.atsp,0.200000,4020.000000,5008.836735,298.398973
files/ftv170.atsp,0.200000,4020.000000,5006.486486,301.239439
files/ftv170.atsp,0.200000,4020.000000,5004.838926,303.765959
files/ftv170.atsp,0.200000,4020.000000,5007.606667,305.291953
files/ftv170.atsp,0.200000,4020.000000,5012.437086,306.490260
files/ftv170.atsp,0.200000,4020.000000,5013.039474,308.516740
files/ftv170.atsp,0.200000,4020.000000,5014.137255,310.479338
files/ftv170.atsp,0.200000,4020.000000,5014.487013,312.302987
files/ftv170.atsp,0.200000,4020.000000,5011.290323,314.853292
files/ftv170.atsp,0.200000,4020.000000,5011.128205,316.693584
files/ftv170.atsp,0.200000,4020.000000,5010.828025,318.637918
files/ftv170.atsp,0.200000,4020.000000,5010.202532,320.439400
files/ftv170.atsp,0.200000,4020.000000,5008.981132,323.183768
files/ftv170.atsp,0.200000,4020.000000,5008.131250,325.054674
files/ftv170.atsp,0.200000,4020.000000,5011.701863,326.634080
files/ftv170.atsp,0.200000,4020.000000,5013.555556,328.487205
files/ftv170.atsp,0.200000,4020.000000,5014.447853,330.309303
files/ftv170.atsp,0.200000,4020.000000,5013.091463,332.336358
files/ftv170.atsp,0.200000,4020.000000,5010.963636,334.636123
files/ftv170.atsp,0.200000,4020.000000,5011.746988,336.418482
files/ftv170.atsp,0.200000,4020.000000,5010.574850,338.833212
files/ftv170.atsp,0.200000,4020.000000,5010.482143,340.988047
files/ftv170.atsp,0.200000,4020.000000,5009.781065,343.215736
files/ftv170.atsp,0.200000,4020.000000,5006.605882,346.260462
files/ftv170.atsp,0.200000,4020.000000,5005.397661,348.661663
files/ftv170.atsp,0.200000,4020.000000,5003.203488,350.794619
files/ftv170.atsp,0.200000,4020.000000,4998.924855,353.881977
files/ftv170.atsp,0.200000,4020.000000,5000.321839,355.772729
files/ftv170.atsp,0.200000,4020.000000,4999.165714,357.797949
files/ftv170.atsp,0.200000,4020.000000,4999.585227,359.409579
files/ftv170.atsp,0.200000,4020.000000,4999.508475,361.437269
files/ftv170.atsp,0.200000,4020.000000,4998.876404,364.034017
files/ftv170.atsp,0.200000,4020.000000,4997.553073,366.075702
files/ftv170.atsp,0.200000,4020.000000,4996.227778,368.861618
files/ftv170.atsp,0.200000,4020.000000,4997.193370,370.597961
files/ftv170.atsp,0.200000,4020.000000,4997.989011,372.191875
files/ftv170.atsp,0.200000,4020.000000,5000.016393,374.020807
files/ftv170.atsp,0.200000,4020.000000,4997.934783,376.630791
files/ftv170.atsp,0.200000,4020.000000,4998.475676,378.533167
files/ftv170.atsp,0.200000,4020.000000,5000.000000,380.364872
files/ftv170.atsp,0.200000,4020.000000,4998.978610,382.911016
files/ftv170.atsp,0.200000,4020.000000,4998.696809,384.824274
files/ftv170.atsp,0.200000,4020.000000,5000.603175,386.823056
files/ftv170.atsp,0.200000,4020.000000,5000.842105,389.392400
files/ftv170.atsp,0.200000,4020.000000,5001.549738,391.456730
files/ftv170.atsp,0.200000,4020.000000,5003.328125,392.837218
files/ftv170.atsp,0.200000,4020.000000,5000.637306,395.146440
files/ftv170.atsp,0.200000,4020.000000,5002.695876,396.984078
files/ftv170.atsp,0.200000,4020.000000,4998.343590,400.257912
files/ftv170.atsp,0.200000,4020.000000,4995.877551,402.761297
files/ftv170.atsp,0.200000,4020.000000,4993.756345,405.254332
files/ftv170.atsp,0.200000,4020.000000,4992.166667,407.470177
files/ftv170.atsp,0.200000,4020.000000,4989.527638,409.862515
files/ftv170.atsp,0.200000,4020.000000,4987.645000,412.384936
files/ftv170.atsp,0.200000,4020.000000,4986.447761,414.410944
files/ftv170.atsp,0.200000,4020.000000,4987.128713,416.090754
files/ftv170.atsp,0.200000,4020.000000,4985.413793,418.251248
files/ftv170.atsp,0.200000,4020.000000,4985.392157,419.473806
files/ftv170.atsp,0.200000,4020.000000,4984.068293,421.576026
files/ftv170.atsp,0.200000,4020.000000,4985.572816,422.958181
files/ftv170.atsp,0.200000,4020.000000,4987.565217,424.624219
files/ftv170.atsp,0.200000,4020.000000,4983.802885,426.925212
files/ftv170.atsp,0.200000,4020.000000,4984.803828,428.724956
files/ftv170.atsp,0.200000,4020.000000,4987.338095,430.203427
files/ftv170.atsp,0.200000,4020.000000,4986.834123,432.663395
files/ftv170.atsp,0.200000,4020.000000,4988.273585,434.677038
files/ftv170.atsp,0.200000,4020.000000,4988.201878,436.417115
files/ftv170.atsp,0.200000,4020.000000,4989.331776,437.872469
files/ftv170.atsp,0.200000,4020.000000,4985.372093,441.417821
files/ftv170.atsp,0.200000,4020.000000,4984.666667,443.124734
files/ftv170.atsp,0.200000,4020.000000,4986.456221,444.821262
files/ftv170.atsp,0.200000,4020.000000,4987.022936,446.821098
files/ftv170.atsp,0.200000,4020.000000,4989.141553,448.232236
files/ftv170.atsp,0.200000,4020.000000,4989.481818,450.167621
files/ftv170.atsp,0.200000,4020.000000,4989.837104,452.400992
files/ftv170.atsp,0.200000,4020.000000,4989.864865,453.996033
files/ftv170.atsp,0.200000,4020.000000,4989.188341,455.958477
files/ftv170.atsp,0.200000,3856.000000,4984.129464,459.399433
files/ftv170.atsp,0.200000,3856.000000,4983.422222,461.312406
files/ftv170.atsp,0.200000,3856.000000,4984.190265,462.766269
files/ftv170.atsp,0.200000,3856.000000,4983.325991,465.395150
files/ftv170.atsp,0.200000,3856.000000,4983.807018,467.405176
files/ftv170.atsp,0.200000,3856.000000,4985.100437,469.475459
files/ftv170.atsp,0.200000,3856.000000,4981.169565,472.471875
files/ftv170.atsp,0.200000,3856.000000,4982.329004,474.183319
files/ftv170.atsp,0.200000,3856.000000,4981.857759,476.400203
files/ftv170.atsp,0.200000,3856.000000,4982.678112,478.189717
files/ftv170.atsp,0.200000,3856.000000,4983.012821,480.262513
files/ftv170.atsp,0.200000,3856.000000,4979.757447,482.649587
files/ftv170.atsp,0.200000,3856.000000,4979.338983,485.070239
files/ftv170.atsp,0.200000,3856.000000,4982.350211,486.307796
files/ftv170.atsp,0.200000,3856.000000,4981.352941,488.275334
files/ftv170.atsp,0.200000,3856.000000,4982.380753,490.389570
files/ftv170.atsp,0.200000,3856.000000,4979.554167,493.020108
files/ftv170.atsp,0.200000,3856.000000,4976.846473,496.170255
files/ftv170.atsp,0.200000,3856.000000,4974.425620,499.140078
files/ftv170.atsp,0.200000,3856.000000,4972.320988,501.239485
files/ftv170.atsp,0.200000,3856.000000,4970.840164,503.263813
files/ftv170.atsp,0.200000,3856.000000,4968.987755,505.622680
files/ftv170.atsp,0.200000,3856.000000,4968.695122,507.560668
files/ftv170.atsp,0.200000,3856.000000,4967.854251,509.817250
files/ftv170.atsp,0.200000,3856.000000,4968.483871,511.537993
files/ftv170.atsp,0.200000,3856.000000,4970.614458,513.322108
files/ftv170.atsp,0.200000,3856.000000,4969.776000,515.727012
files/ftv170.atsp,0.200000,3856.000000,4971.027888,517.627080
files/ftv170.atsp,0.200000,3856.000000,4969.742063,520.083856
files/ftv170.atsp,0.200000,3856.000000,4970.233202,521.887117
files/ftv170.atsp,0.200000,3856.000000,4968.984252,524.188286
files/ftv170.atsp,0.200000,3856.000000,4969.894118,526.377095
files/ftv170.atsp,0.200000,3856.000000,4970.589844,527.985753
files/ftv170.atsp,0.200000,3856.000000,4968.494163,531.091997
files/ftv170.atsp,0.200000,3856.000000,4968.240310,533.384047
files/ftv170.atsp,0.200000,3856.000000,4967.505792,535.653294
files/ftv170.atsp,0.200000,3856.000000,4968.273077,537.316534
files/ftv170.atsp,0.200000,3856.000000,4967.375479,539.903934
files/ftv170.atsp,0.200000,3856.000000,4968.477099,541.784590
files/ftv170.atsp,0.200000,3856.000000,4969.030418,543.897897
files/ftv170.atsp,0.200000,3856.000000,4966.443182,546.839070
files/ftv170.atsp,0.200000,3856.000000,4966.505660,548.570441
files/ftv170.atsp,0.200000,3856.000000,4967.706767,550.728001
files/ftv170.atsp,0.200000,3856.000000,4969.973783,552.496945
files/ftv170.atsp,0.200000,3856.000000,4971.634328,554.007149
files/ftv170.atsp,0.200000,3856.000000,4973.628253,555.721903
files/ftv170.atsp,0.200000,3856.000000,4973.281481,558.024618
files/ftv170.atsp,0.200000,3856.000000,4970.778598,560.710973
files/ftv170.atsp,0.200000,3856.000000,4970.591912,562.497184
files/ftv170.atsp,0.200000,3856.000000,4968.670330,564.884635
files/ftv170.atsp,0.200000,3856.000000,4965.624088,567.699013
files/ftv170.atsp,0.200000,3856.000000,4964.760000,569.885733
files/ftv170.atsp,0.200000,3856.000000,4966.637681,571.308363
files/ftv170.atsp,0.200000,3856.000000,4964.714801,573.366106
files/ftv170.atsp,0.200000,3856.000000,4962.212230,576.565989
files/ftv170.atsp,0.200000,3856.000000,4962.336918,578.754276
files/ftv170.atsp,0.200000,3856.000000,4960.596429,582.049659
files/ftv170.atsp,0.200000,3856.000000,4962.750890,583.907977
files/ftv170.atsp,0.200000,3856.000000,4961.301418,586.700182
files/ftv170.atsp,0.200000,3856.000000,4962.254417,588.278331
files/ftv170.atsp,0.200000,3856.000000,4961.802817,591.171603
files/ftv170.atsp,0.200000,3856.000000,4961.992982,592.972104
files/ftv170.atsp,0.200000,3856.000000,4963.171329,595.025481
files/ftv170.atsp,0.200000,3856.000000,4962.397213,596.954782
files/ftv170.atsp,0.200000,3856.000000,4961.694444,599.381533
files/ftv170.atsp,0.200000,3856.000000,4963.065744,600.880740
files/ftv170.atsp,0.200000,3856.000000,4964.700000,602.561930
files/ftv170.atsp,0.200000,3856.000000,4965.213058,604.700959
files/ftv170.atsp,0.200000,3856.000000,4963.003425,607.548835
files/ftv170.atsp,0.200000,3856.000000,4963.508532,609.240804
files/ftv170.atsp,0.200000,3856.000000,4964.476190,610.626258
files/ftv170.atsp,0.200000,3856.000000,4964.542373,612.819756
files/ftv170.atsp,0.200000,3856.000000,4962.547297,615.867615
files/ftv170.atsp,0.200000,3856.000000,4961.101010,618.545260
files/ftv170.atsp,0.200000,3856.000000,4960.479866,620.829455
files/ftv170.atsp,0.200000,3856.000000,4960.591973,622.828780
files/ftv170.atsp,0.200000,3856.000000,4960.920000,624.724018
files/ftv170.atsp,0.200000,3856.000000,4961.760797,625.936929
files/ftv170.atsp,0.200000,3856.000000,4959.039735,628.515822
files/ftv170.atsp,0.200000,3856.000000,4959.541254,630.410646
files/ftv170.atsp,0.200000,3856.000000,4961.713816,631.708557
files/ftv170.atsp,0.200000,3856.000000,4960.390164,634.239665
files/ftv170.atsp,0.200000,3856.000000,4958.977124,636.895376
files/ftv170.atsp,0.200000,3856.000000,4958.250814,638.890865
files/ftv170.atsp,0.200000,3856.000000,4960.360390,640.714378
files/ftv170.atsp,0.200000,3856.000000,4961.326861,642.525364
files/ftv170.atsp,0.200000,3856.000000,4962.287097,644.453622
files/ftv170.atsp,0.200000,3856.000000,4962.842444,646.433882
files/ftv170.atsp,0.200000,3856.000000,4962.650641,648.113207
files/ftv170.atsp,0.200000,3856.000000,4961.523962,650.221677
files/ftv170.atsp,0.200000,3856.000000,4961.684713,652.043073
files/ftv170.atsp,0.200000,3856.000000,4961.546032,654.250997
files/ftv170.atsp,0.200000,3856.000000,4961.398734,655.692862
files/ftv170.atsp,0.200000,3856.000000,4961.526814,657.605327
files/ftv170.atsp,0.200000,3856.000000,4963.059748,659.563319
files/ftv170.atsp,0.200000,3856.000000,4964.210031,661.248365
files/ftv170.atsp,0.200000,3856.000000,4961.615625,663.936567
files/ftv170.atsp,0.200000,3856.000000,4960.386293,666.196380
files/ftv170.atsp,0.200000,3856.000000,4961.521739,667.953810
files/ftv170.atsp,0.200000,3856.000000,4961.916409,670.037988
files/ftv170.atsp,0.200000,3856.000000,4960.435185,672.249805
files/ftv170.atsp,0.200000,3856.000000,4961.193846,673.934801
files/ftv170.atsp,0.200000,3856.000000,4962.414110,675.676694
files/ftv170.atsp,0.200000,3856.000000,4963.553517,677.663995
files/ftv170.atsp,0.200000,3856.000000,4962.435976,680.336576
files/ftv170.atsp,0.200000,3856.000000,4961.455927,682.459983
files/ftv170.atsp,0.200000,3856.000000,4961.324242,684.029319
files/ftv170.atsp,0.200000,3856.000000,4961.655589,686.095505
files/ftv170.atsp,0.200000,3856.000000,4961.689759,688.274553
files/ftv170.atsp,0.200000,3856.000000,4963.036036,690.060072
files/ftv170.atsp,0.200000,3856.000000,4964.356287,691.988882
files/ftv170.atsp,0.200000,3856.000000,4965.456716,693.877693
files/ftv170.atsp,0.200000,3856.000000,4965.580357,695.874048
files/ftv170.atsp,0.200000,3856.000000,4966.094955,697.543310
files/ftv170.atsp,0.200000,3856.000000,4965.905325,699.311405
files/ftv170.atsp,0.200000,3856.000000,4964.224189,701.874974
files/ftv170.atsp,0.200000,3856.000000,4962.408824,704.619927
files/ftv170.atsp,0.200000,3856.000000,4961.501466,707.172643
files/ftv170.atsp,0.200000,3856.000000,4961.166667,709.620293
files/ftv170.atsp,0.200000,3856.000000,4961.052478,711.803587
files/ftv170.atsp,0.200000,3856.000000,4959.848837,714.117601
files/ftv170.atsp,0.200000,3856.000000,4956.771014,716.697986
files/ftv170.atsp,0.200000,3856.000000,4956.054913,719.325966
files/ftv170.atsp,0.200000,3856.000000,4955.391931,721.526271
files/ftv170.atsp,0.200000,3856.000000,4956.646552,722.950938
files/ftv170.atsp,0.200000,3856.000000,4956.312321,725.373307
files/ftv170.atsp,0.200000,3856.000000,4954.577143,728.372441
files/ftv170.atsp,0.200000,3856.000000,4956.002849,730.514613
files/ftv170.atsp,0.200000,3856.000000,4956.656250,732.413674
files/ftv170.atsp,0.200000,3856.000000,4956.611898,734.233857
files/ftv170.atsp,0.200000,3856.000000,4957.533898,736.353429
files/ftv170.atsp,0.200000,3765.000000,4954.174648,739.443774
files/ftv170.atsp,0.200000,3765.000000,4953.494382,741.737896
files/ftv170.atsp,0.200000,3765.000000,4953.030812,743.886885
files/ftv170.atsp,0.200000,3765.000000,4953.550279,745.704659
files/ftv170.atsp,0.200000,3765.000000,4952.855153,748.384303
files/ftv170.atsp,0.200000,3765.000000,4952.691667,750.917821
files/ftv170.atsp,0.200000,3765.000000,4951.770083,753.734189
files/ftv170.atsp,0.200000,3765.000000,4952.104972,755.911083
files/ftv170.atsp,0.200000,3765.000000,4951.435262,757.998516
files/ftv170.atsp,0.200000,3765.000000,4950.508242,760.614713
files/ftv170.atsp,0.200000,3765.000000,4950.531507,762.296189
files/ftv170.atsp,0.200000,3765.000000,4949.961749,764.340380
