files/ftv170.atsp,0.300000,5532.000000,5532.000000,3.222463
files/ftv170.atsp,0.300000,5079.000000,5305.500000,6.842387
files/ftv170.atsp,0.300000,5079.000000,5572.000000,9.273160
files/ftv170.atsp,0.300000,5079.000000,5642.000000,12.327489
files/ftv170.atsp,0.300000,5079.000000,5794.800000,14.825860
files/ftv170.atsp,0.300000,5079.000000,5787.500000,17.473889
files/ftv170.atsp,0.300000,5079.000000,5781.714286,20.568780
files/ftv170.atsp,0.300000,5079.000000,5828.375000,23.905611
files/ftv170.atsp,0.300000,5079.000000,5749.444444,27.968532
files/ftv170.atsp,0.300000,5079.000000,5707.800000,31.281040
files/ftv170.atsp,0.300000,5079.000000,5672.090909,36.088019
files/ftv170.atsp,0.300000,5079.000000,5695.583333,38.806990
files/ftv170.atsp,0.300000,5079.000000,5704.153846,42.302368
files/ftv170.atsp,0.300000,5079.000000,5691.000000,45.945134
files/ftv170.atsp,0.300000,5079.000000,5712.466667,49.332578
files/ftv170.atsp,0.300000,5079.000000,5707.000000,52.643812
files/ftv170.atsp,0.300000,4829.000000,5655.352941,57.398249
files/ftv170.atsp,0.300000,4829.000000,5669.888889,60.316845
files/ftv170.atsp,0.300000,4829.000000,5677.684211,63.277686
files/ftv170.atsp,0.300000,4829.000000,5672.150000,67.000584
files/ftv170.atsp,0.300000,4829.000000,5662.714286,71.998508
files/ftv170.atsp,0.300000,4829.000000,5697.772727,75.207091
files/ftv170.atsp,0.300000,4829.000000,5702.695652,79.000637
files/ftv170.atsp,0.300000,4829.000000,5678.833333,82.940156
files/ftv170.atsp,0.300000,4829.000000,5689.200000,86.003138
files/ftv170.atsp,0.300000,4829.000000,5678.230769,89.431933
files/ftv170.atsp,0.300000,4829.000000,5658.592593,92.478648
files/ftv170.atsp,0.300000,4829.000000,5645.214286,95.605798
files/ftv170.atsp,0.300000,4829.000000,5657.448276,98.265238
files/ftv170.atsp,0.300000,4829.000000,5665.933333,101.637511
files/ftv170.atsp,0.300000,4829.000000,5682.225806,104.593931
files/ftv170.atsp,0.300000,4829.000000,5689.062500,107.270125
files/ftv170.atsp,0.300000,4829.000000,5690.727273,110.537870
files/ftv170.atsp,0.300000,4829.000000,5701.058824,113.505616
files/ftv170.atsp,0.300000,4829.000000,5702.257143,116.620944
files/ftv170.atsp,0.300000,4829.000000,5716.888889,120.020037
files/ftv170.atsp,0.300000,4829.000000,5718.027027,123.370641
files/ftv170.atsp,0.300000,4829.000000,5717.078947,126.760960
files/ftv170.atsp,0.300000,4829.000000,5723.923077,129.763758
files/ftv170.atsp,0.300000,4829.000000,5732.800000,132.300228
files/ftv170.atsp,0.300000,4829.000000,5735.609756,135.243237
files/ftv170.atsp,0.300000,4829.000000,5747.976190,138.102091
files/ftv170.atsp,0.300000,4829.000000,5768.558140,140.859095
files/ftv170.atsp,0.300000,4829.000000,5761.045455,144.299316
files/ftv170.atsp,0.300000,4829.000000,5766.377778,147.460449
files/ftv170.atsp,0.300000,4829.000000,5775.217391,150.642142
files/ftv170.atsp,0.300000,4767.000000,5753.765957,154.559470
files/ftv170.atsp,0.300000,4767.000000,5748.541667,157.830129
files/ftv170.atsp,0.300000,4767.000000,5752.265306,160.697214
files/ftv170.atsp,0.300000,4767.000000,5755.900000,163.955962
files/ftv170.atsp,0.300000,4767.000000,5753.019608,167.391668
files/ftv170.atsp,0.300000,4767.000000,5744.076923,170.931967
files/ftv170.atsp,0.300000,4767.000000,5748.339623,173.984649
files/ftv170.atsp,0.300000,4767.000000,5755.629630,176.588335
files/ftv170.atsp,0.300000,4767.000000,5763.509091,179.645864
files/ftv170.atsp,0.300000,4767.000000,5768.321429,182.450141
files/ftv170.atsp,0.300000,4767.000000,5774.543860,185.227792
files/ftv170.atsp,0.300000,4767.000000,5772.672414,188.525012
files/ftv170.atsp,0.300000,4767.000000,5784.033898,191.377775
files/ftv170.atsp,0.300000,4767.000000,5785.550000,194.769382
files/ftv170.atsp,0.300000,4767.000000,5776.770492,197.723591
files/ftv170.atsp,0.300000,4767.000000,5767.645161,201.349203
files/ftv170.atsp,0.300000,4767.000000,5767.126984,204.410950
files/ftv170.atsp,0.300000,4767.000000,5765.250000,207.564328
files/ftv170.atsp,0.300000,4767.000000,5773.892308,210.443747
files/ftv170.atsp,0.300000,4767.000000,5782.333333,213.602362
files/ftv170.atsp,0.300000,4767.000000,5775.925373,217.060740
files/ftv170.atsp,0.300000,4767.000000,5773.073529,219.848352
files/ftv170.atsp,0.300000,4767.000000,5777.492754,222.984812
files/ftv170.atsp,0.300000,4767.000000,5780.085714,226.279548
files/ftv170.atsp,0.300000,4767.000000,5785.915493,228.521788
files/ftv170.atsp,0.300000,4767.000000,5784.847222,231.610763
files/ftv170.atsp,0.300000,4767.000000,5793.931507,234.387621
files/ftv170.atsp,0.300000,4767.000000,5790.108108,237.278645
files/ftv170.atsp,0.300000,4767.000000,5796.173333,240.548578
files/ftv170.atsp,0.300000,4767.000000,5799.013158,243.909940
files/ftv170.atsp,0.300000,4767.000000,5804.415584,247.056492
files/ftv170.atsp,0.300000,4767.000000,5799.371795,250.226428
files/ftv170.atsp,0.300000,4767.000000,5796.759494,254.041826
files/ftv170.atsp,0.300000,4767.000000,5798.675000,256.697070
files/ftv170.atsp,0.300000,4767.000000,5804.777778,259.226705
files/ftv170.atsp,0.300000,4767.000000,5808.853659,262.185365
files/ftv170.atsp,0.300000,4767.000000,5808.831325,265.471542
files/ftv170.atsp,0.300000,4767.000000,5816.452381,267.815909
files/ftv170.atsp,0.300000,4767.000000,5805.835294,271.701578
files/ftv170.atsp,0.300000,4767.000000,5808.709302,274.582479
files/ftv170.atsp,0.300000,4767.000000,5808.206897,278.362756
files/ftv170.atsp,0.300000,4767.000000,5808.727273,281.523261
files/ftv170.atsp,0.300000,4767.000000,5805.629213,284.404285
files/ftv170.atsp,0.300000,4767.000000,5803.600000,287.612818
files/ftv170.atsp,0.300000,4767.000000,5806.626374,290.645387
files/ftv170.atsp,0.300000,4767.000000,5809.315217,293.761395
files/ftv170.atsp,0.300000,4767.000000,5802.172043,297.314912
files/ftv170.atsp,0.300000,4767.000000,5801.255319,301.532043
files/ftv170.atsp,0.300000,4767.000000,5802.621053,304.765896
files/ftv170.atsp,0.300000,4767.000000,5800.062500,308.066134
files/ftv170.atsp,0.300000,4767.000000,5807.927835,310.751464
files/ftv170.atsp,0.300000,4767.000000,5813.040816,313.535498
files/ftv170.atsp,0.300000,4767.000000,5814.818182,316.270748
files/ftv170.atsp,0.300000,4598.000000,5802.650000,320.346442
files/ftv170.atsp,0.300000,4598.000000,5803.554455,323.203847
files/ftv170.atsp,0.300000,4598.000000,5802.813725,326.218481
files/ftv170.atsp,0.300000,4598.000000,5803.669903,329.036362
files/ftv170.atsp,0.300000,4598.000000,5802.980769,331.977056
files/ftv170.atsp,0.300000,4598.000000,5802.180952,335.404534
files/ftv170.atsp,0.300000,4598.000000,5804.179245,338.663025
files/ftv170.atsp,0.300000,4598.000000,5801.757009,342.471418
files/ftv170.atsp,0.300000,4598.000000,5800.527778,345.847815
files/ftv170.atsp,0.300000,4598.000000,5804.467890,348.781169
files/ftv170.atsp,0.300000,4598.000000,5805.436364,352.388061
files/ftv170.atsp,0.300000,4598.000000,5806.315315,355.410421
files/ftv170.atsp,0.300000,4598.000000,5802.562500,358.914616
files/ftv170.atsp,0.300000,4598.000000,5803.115044,361.699656
files/ftv170.atsp,0.300000,4598.000000,5803.263158,364.770901
files/ftv170.atsp,0.300000,4598.000000,5803.678261,368.149097
files/ftv170.atsp,0.300000,4598.000000,5801.594828,371.621118
files/ftv170.atsp,0.300000,4598.000000,5800.871795,374.808805
files/ftv170.atsp,0.300000,4598.000000,5799.254237,378.927410
files/ftv170.atsp,0.300000,4598.000000,5796.739496,381.921455
files/ftv170.atsp,0.300000,4598.000000,5797.508333,385.087104
files/ftv170.atsp,0.300000,4598.000000,5797.165289,388.077640
files/ftv170.atsp,0.300000,4598.000000,5799.942623,390.746405
files/ftv170.atsp,0.300000,4598.000000,5803.056911,393.552064
files/ftv170.atsp,0.300000,4598.000000,5801.137097,397.099429
files/ftv170.atsp,0.300000,4598.000000,5802.904000,399.732565
files/ftv170.atsp,0.300000,4598.000000,5802.777778,403.106832
files/ftv170.atsp,0.300000,4598.000000,5802.204724,406.409039
files/ftv170.atsp,0.300000,4598.000000,5801.945312,409.725384
files/ftv170.atsp,0.300000,4598.000000,5802.720930,413.635557
files/ftv170.atsp,0.300000,4598.000000,5801.846154,416.787691
files/ftv170.atsp,0.300000,4598.000000,5801.770992,419.787110
files/ftv170.atsp,0.300000,4598.000000,5802.053030,423.320944
files/ftv170.atsp,0.300000,4598.000000,5798.511278,426.678436
files/ftv170.atsp,0.300000,4598.000000,5797.955224,429.986115
files/ftv170.atsp,0.300000,4598.000000,5793.644444,433.940220
files/ftv170.atsp,0.300000,4598.000000,5794.610294,436.500511
files/ftv170.atsp,0.300000,4598.000000,5796.335766,439.434149
files/ftv170.atsp,0.300000,4598.000000,5795.253623,442.355441
files/ftv170.atsp,0.300000,4598.000000,5795.402878,445.631771
files/ftv170.atsp,0.300000,4598.000000,5796.971429,447.964122
files/ftv170.atsp,0.300000,4598.000000,5799.468085,450.987375
files/ftv170.atsp,0.300000,4598.000000,5800.485915,454.525849
files/ftv170.atsp,0.300000,4598.000000,5800.804196,457.431468
files/ftv170.atsp,0.300000,4598.000000,5802.611111,460.113892
files/ftv170.atsp,0.300000,4598.000000,5801.337931,463.888283
files/ftv170.atsp,0.300000,4598.000000,5803.472603,466.863894
files/ftv170.atsp,0.300000,4598.000000,5805.489796,470.092211
files/ftv170.atsp,0.300000,4598.000000,5803.486486,473.419147
files/ftv170.atsp,0.300000,4598.000000,5807.006711,476.677403
files/ftv170.atsp,0.300000,4598.000000,5800.266667,480.547280
files/ftv170.atsp,0.300000,4598.000000,5802.490066,483.294798
files/ftv170.atsp,0.300000,4598.000000,5801.677632,485.834628
files/ftv170.atsp,0.300000,4598.000000,5801.535948,488.832917
files/ftv170.atsp,0.300000,4598.000000,5803.642857,491.824258
files/ftv170.atsp,0.300000,4598.000000,5801.716129,495.122861
files/ftv170.atsp,0.300000,4598.000000,5802.134615,498.838638
files/ftv170.atsp,0.300000,4598.000000,5802.917197,501.875814
files/ftv170.atsp,0.300000,4598.000000,5806.449367,504.691276
files/ftv170.atsp,0.300000,4598.000000,5810.138365,507.772392
files/ftv170.atsp,0.300000,4598.000000,5809.856250,511.527030
files/ftv170.atsp,0.300000,4598.000000,5808.465839,514.833689
files/ftv170.atsp,0.300000,4598.000000,5807.654321,517.977213
files/ftv170.atsp,0.300000,4598.000000,5810.239264,521.037768
files/ftv170.atsp,0.300000,4598.000000,5807.140244,524.515414
files/ftv170.atsp,0.300000,4598.000000,5806.660606,527.166662
files/ftv170.atsp,0.300000,4598.000000,5806.662651,530.582992
files/ftv170.atsp,0.300000,4598.000000,5806.251497,533.750448
files/ftv170.atsp,0.300000,4598.000000,5805.220238,537.161319
files/ftv170.atsp,0.300000,4598.000000,5803.502959,541.172702
files/ftv170.atsp,0.300000,4598.000000,5802.547059,544.178001
files/ftv170.atsp,0.300000,4598.000000,5804.339181,547.818075
files/ftv170.atsp,0.300000,4598.000000,5807.796512,550.773220
files/ftv170.atsp,0.300000,4598.000000,5810.341040,553.583017
files/ftv170.atsp,0.300000,4598.000000,5807.206897,557.141748
files/ftv170.atsp,0.300000,4598.000000,5806.491429,559.963112
files/ftv170.atsp,0.300000,4598.000000,5807.698864,563.024078
files/ftv170.atsp,0.300000,4598.000000,5809.683616,565.778972
files/ftv170.atsp,0.300000,4598.000000,5811.000000,568.675074
files/ftv170.atsp,0.300000,4598.000000,5814.245810,571.060213
files/ftv170.atsp,0.300000,4598.000000,5814.405556,574.596074
files/ftv170.atsp,0.300000,4598.000000,5814.513812,577.534418
files/ftv170.atsp,0.300000,4598.000000,5817.873626,580.196909
files/ftv170.atsp,0.300000,4598.000000,5818.502732,583.309179
files/ftv170.atsp,0.300000,4598.000000,5814.184783,587.603444
files/ftv170.atsp,0.300000,4598.000000,5809.724324,591.891542
files/ftv170.atsp,0.300000,4598.000000,5809.940860,595.542588
files/ftv170.atsp,0.300000,4598.000000,5810.379679,599.088623
files/ftv170.atsp,0.300000,4598.000000,5809.335106,602.682818
files/ftv170.atsp,0.300000,4598.000000,5808.322751,605.873155
files/ftv170.atsp,0.300000,4598.000000,5805.826316,609.361529
files/ftv170.atsp,0.300000,4598.000000,5805.675393,612.993816
files/ftv170.atsp,0.300000,4598.000000,5807.838542,615.629144
files/ftv170.atsp,0.300000,4598.000000,5807.507772,618.994083
files/ftv170.atsp,0.300000,4598.000000,5809.948454,621.346864
files/ftv170.atsp,0.300000,4598.000000,5814.456410,624.158911
files/ftv170.atsp,0.300000,4598.000000,5814.561224,627.443132
files/ftv170.atsp,0.300000,4598.000000,5814.299492,630.718769
files/ftv170.atsp,0.300000,4598.000000,5816.186869,633.670431
files/ftv170.atsp,0.300000,4598.000000,5817.668342,637.095049
files/ftv170.atsp,0.300000,4598.000000,5818.440000,640.429311
files/ftv170.atsp,0.300000,4598.000000,5820.139303,643.592449
files/ftv170.atsp,0.300000,4598.000000,5821.232673,646.571122
files/ftv170.atsp,0.300000,4598.000000,5822.871921,649.617463
files/ftv170.atsp,0.300000,4598.000000,5821.450980,653.626458
files/ftv170.atsp,0.300000,4598.000000,5819.253659,657.024273
files/ftv170.atsp,0.300000,4598.000000,5821.606796,659.895861
files/ftv170.atsp,0.300000,4598.000000,5820.429952,663.069650
files/ftv170.atsp,0.300000,4598.000000,5821.394231,666.111040
files/ftv170.atsp,0.300000,4598.000000,5816.200957,670.309788
files/ftv170.atsp,0.300000,4598.000000,5816.547619,673.577796
files/ftv170.atsp,0.300000,4598.000000,5814.734597,677.620880
files/ftv170.atsp,0.300000,4598.000000,5813.839623,681.004215
files/ftv170.atsp,0.300000,4598.000000,5810.089202,684.948056
files/ftv170.atsp,0.300000,4598.000000,5810.308411,688.456119
files/ftv170.atsp,0.300000,4598.000000,5809.609302,691.813599
files/ftv170.atsp,0.300000,4598.000000,5811.694444,694.826499
files/ftv170.atsp,0.300000,4598.000000,5814.529954,697.194494
files/ftv170.atsp,0.300000,4598.000000,5814.188073,700.373626
files/ftv170.atsp,0.300000,4598.000000,5813.812785,703.213155
files/ftv170.atsp,0.300000,4598.000000,5812.922727,706.006138
files/ftv170.atsp,0.300000,4598.000000,5813.013575,709.539358
files/ftv170.atsp,0.300000,4598.000000,5813.590090,713.072842
files/ftv170.atsp,0.300000,4598.000000,5814.982063,715.298730
files/ftv170.atsp,0.300000,4598.000000,5809.946429,720.160953
files/ftv170.atsp,0.300000,4598.000000,5810.244444,722.619929
files/ftv170.atsp,0.300000,4598.000000,5810.230088,725.944872
files/ftv170.atsp,0.300000,4598.000000,5809.088106,729.327785
files/ftv170.atsp,0.300000,4598.000000,5809.206140,732.784796
files/ftv170.atsp,0.300000,4598.000000,5811.314410,736.347867
files/ftv170.atsp,0.300000,4598.000000,5813.191304,739.323128
files/ftv170.atsp,0.300000,4598.000000,5813.389610,742.289679
files/ftv170.atsp,0.300000,4598.000000,5813.879310,745.709205
files/ftv170.atsp,0.300000,4598.000000,5814.849785,749.041516
files/ftv170.atsp,0.300000,4598.000000,5814.824786,751.755990
files/ftv170.atsp,0.300000,4598.000000,5816.638298,754.784504
files/ftv170.atsp,0.300000,4598.000000,5814.665254,758.436985
files/ftv170.atsp,0.300000,4598.000000,5814.329114,761.612385
files/ftv170.atsp,0.300000,4598.000000,5812.911765,765.470521
