files/ftv170.atsp,0.400000,6171.000000,6171.000000,3.933354
files/ftv170.atsp,0.400000,6171.000000,6480.500000,8.022688
files/ftv170.atsp,0.400000,6171.000000,6483.333333,12.568724
files/ftv170.atsp,0.400000,6171.000000,6448.000000,17.533493
files/ftv170.atsp,0.400000,6171.000000,6439.600000,22.005913
files/ftv170.atsp,0.400000,6171.000000,6529.500000,25.877202
files/ftv170.atsp,0.400000,6171.000000,6558.714286,30.021845
files/ftv170.atsp,0.400000,6171.000000,6541.625000,34.108175
files/ftv170.atsp,0.400000,6171.000000,6538.555556,38.015574
files/ftv170.atsp,0.400000,6171.000000,6541.000000,42.697270
files/ftv170.atsp,0.400000,6171.000000,6546.090909,46.701421
files/ftv170.atsp,0.400000,6171.000000,6540.750000,50.779083
files/ftv170.atsp,0.400000,6171.000000,6514.615385,54.646827
files/ftv170.atsp,0.400000,6171.000000,6539.785714,58.384512
files/ftv170.atsp,0.400000,6171.000000,6543.000000,62.388582
files/ftv170.atsp,0.400000,6171.000000,6574.937500,67.067157
files/ftv170.atsp,0.400000,6171.000000,6582.823529,71.360104
files/ftv170.atsp,0.400000,6171.000000,6565.333333,75.349067
files/ftv170.atsp,0.400000,6049.000000,6538.157895,79.573364
files/ftv170.atsp,0.400000,6049.000000,6542.700000,84.035624
files/ftv170.atsp,0.400000,6049.000000,6530.952381,87.943206
files/ftv170.atsp,0.400000,6049.000000,6516.772727,92.239369
files/ftv170.atsp,0.400000,6049.000000,6528.304348,96.140794
files/ftv170.atsp,0.400000,6049.000000,6517.750000,100.480866
files/ftv170.atsp,0.400000,6049.000000,6536.360000,104.479606
files/ftv170.atsp,0.400000,6049.000000,6527.115385,109.267899
files/ftv170.atsp,0.400000,6049.000000,6515.407407,113.778155
files/ftv170.atsp,0.400000,6049.000000,6531.642857,118.410519
files/ftv170.atsp,0.400000,6049.000000,6527.172414,122.524191
files/ftv170.atsp,0.400000,6049.000000,6536.233333,127.488960
files/ftv170.atsp,0.400000,6049.000000,6540.322581,131.508300
files/ftv170.atsp,0.400000,6049.000000,6547.843750,135.329548
files/ftv170.atsp,0.400000,6049.000000,6542.727273,139.019532
files/ftv170.atsp,0.400000,5639.000000,6516.147059,143.881643
files/ftv170.atsp,0.400000,5639.000000,6526.200000,148.045829
files/ftv170.atsp,0.400000,5639.000000,6542.666667,151.798308
files/ftv170.atsp,0.400000,5639.000000,6554.513514,156.011929
files/ftv170.atsp,0.400000,5639.000000,6544.894737,160.915625
files/ftv170.atsp,0.400000,5639.000000,6542.974359,165.167371
files/ftv170.atsp,0.400000,5639.000000,6560.800000,169.046831
files/ftv170.atsp,0.400000,5639.000000,6553.390244,172.343543
files/ftv170.atsp,0.400000,5639.000000,6543.904762,177.382093
files/ftv170.atsp,0.400000,5639.000000,6541.255814,181.592499
files/ftv170.atsp,0.400000,5639.000000,6543.181818,186.045575
files/ftv170.atsp,0.400000,5639.000000,6535.866667,190.554398
files/ftv170.atsp,0.400000,5639.000000,6529.543478,195.289510
files/ftv170.atsp,0.400000,5639.000000,6519.659574,199.585688
files/ftv170.atsp,0.400000,5639.000000,6520.812500,203.648884
files/ftv170.atsp,0.400000,5639.000000,6523.387755,208.046029
files/ftv170.atsp,0.400000,5639.000000,6526.360000,212.072809
files/ftv170.atsp,0.400000,5639.000000,6525.509804,215.745203
files/ftv170.atsp,0.400000,5639.000000,6537.615385,219.953829
files/ftv170.atsp,0.400000,5639.000000,6531.622642,224.326092
files/ftv170.atsp,0.400000,5639.000000,6536.425926,228.344319
files/ftv170.atsp,0.400000,5639.000000,6522.854545,233.285506
files/ftv170.atsp,0.400000,5639.000000,6513.500000,238.184165
files/ftv170.atsp,0.400000,5639.000000,6498.807018,242.324389
files/ftv170.atsp,0.400000,5639.000000,6497.741379,247.198541
files/ftv170.atsp,0.400000,5639.000000,6502.576271,251.949060
files/ftv170.atsp,0.400000,5639.000000,6503.216667,256.379930
files/ftv170.atsp,0.400000,5639.000000,6500.901639,260.813377
files/ftv170.atsp,0.400000,5639.000000,6502.709677,264.821954
files/ftv170.atsp,0.400000,5639.000000,6499.825397,268.714868
files/ftv170.atsp,0.400000,5639.000000,6496.906250,273.092497
files/ftv170.atsp,0.400000,5639.000000,6501.369231,277.613208
files/ftv170.atsp,0.400000,5639.000000,6506.863636,282.191318
files/ftv170.atsp,0.400000,5639.000000,6506.447761,287.268079
files/ftv170.atsp,0.400000,5639.000000,6508.485294,292.562623
files/ftv170.atsp,0.400000,5639.000000,6508.913043,296.946734
files/ftv170.atsp,0.400000,5639.000000,6510.500000,300.818340
files/ftv170.atsp,0.400000,5639.000000,6511.000000,304.628822
files/ftv170.atsp,0.400000,5639.000000,6512.597222,308.759338
files/ftv170.atsp,0.400000,5639.000000,6511.821918,313.230841
files/ftv170.atsp,0.400000,5639.000000,6509.932432,317.799075
files/ftv170.atsp,0.400000,5639.000000,6512.213333,322.069991
files/ftv170.atsp,0.400000,5639.000000,6506.578947,326.172104
files/ftv170.atsp,0.400000,5639.000000,6499.272727,330.880642
files/ftv170.atsp,0.400000,5639.000000,6502.102564,334.828936
files/ftv170.atsp,0.400000,5639.000000,6502.012658,338.848374
files/ftv170.atsp,0.400000,5639.000000,6503.512500,343.422278
files/ftv170.atsp,0.400000,5639.000000,6504.209877,347.699135
files/ftv170.atsp,0.400000,5639.000000,6506.890244,352.036243
files/ftv170.atsp,0.400000,5639.000000,6504.759036,356.242604
files/ftv170.atsp,0.400000,5639.000000,6505.559524,361.409503
files/ftv170.atsp,0.400000,5639.000000,6506.070588,366.280890
files/ftv170.atsp,0.400000,5639.000000,6504.476744,370.601293
files/ftv170.atsp,0.400000,5639.000000,6504.425287,375.038362
files/ftv170.atsp,0.400000,5639.000000,6512.034091,378.920376
files/ftv170.atsp,0.400000,5639.000000,6509.943820,383.191021
files/ftv170.atsp,0.400000,5639.000000,6508.966667,387.242813
files/ftv170.atsp,0.400000,5639.000000,6511.780220,391.387773
files/ftv170.atsp,0.400000,5639.000000,6511.010870,395.352090
files/ftv170.atsp,0.400000,5639.000000,6509.032258,399.745230
files/ftv170.atsp,0.400000,5639.000000,6504.244681,404.337653
files/ftv170.atsp,0.400000,5639.000000,6503.094737,408.630275
files/ftv170.atsp,0.400000,5639.000000,6502.322917,413.186265
files/ftv170.atsp,0.400000,5639.000000,6508.381443,416.690546
files/ftv170.atsp,0.400000,5639.000000,6511.959184,421.538281
files/ftv170.atsp,0.400000,5639.000000,6511.979798,426.659264
files/ftv170.atsp,0.400000,5639.000000,6510.900000,431.182453
files/ftv170.atsp,0.400000,5639.000000,6509.673267,434.875816
files/ftv170.atsp,0.400000,5639.000000,6513.303922,439.358534
files/ftv170.atsp,0.400000,5639.000000,6511.834951,442.751826
files/ftv170.atsp,0.400000,5639.000000,6510.673077,448.120871
files/ftv170.atsp,0.400000,5639.000000,6509.247619,452.431532
files/ftv170.atsp,0.400000,5639.000000,6510.867925,456.742582
files/ftv170.atsp,0.400000,5639.000000,6509.803738,460.675946
files/ftv170.atsp,0.400000,5639.000000,6513.657407,465.273239
files/ftv170.atsp,0.400000,5639.000000,6513.568807,469.418112
files/ftv170.atsp,0.400000,5639.000000,6508.590909,473.735105
files/ftv170.atsp,0.400000,5639.000000,6505.990991,477.756175
files/ftv170.atsp,0.400000,5639.000000,6508.053571,481.061891
files/ftv170.atsp,0.400000,5639.000000,6507.238938,485.216775
files/ftv170.atsp,0.400000,5639.000000,6511.482456,489.371106
files/ftv170.atsp,0.400000,5639.000000,6509.765217,493.552863
files/ftv170.atsp,0.400000,5639.000000,6510.025862,498.442960
files/ftv170.atsp,0.400000,5639.000000,6509.410256,502.911798
files/ftv170.atsp,0.400000,5639.000000,6509.135593,507.385115
files/ftv170.atsp,0.400000,5639.000000,6505.949580,511.644247
files/ftv170.atsp,0.400000,5639.000000,6505.625000,515.345033
files/ftv170.atsp,0.400000,5639.000000,6508.049587,519.325531
files/ftv170.atsp,0.400000,5639.000000,6508.967213,523.093108
files/ftv170.atsp,0.400000,5639.000000,6507.707317,527.351218
files/ftv170.atsp,0.400000,5639.000000,6508.080645,531.530263
files/ftv170.atsp,0.400000,5639.000000,6507.168000,535.930675
files/ftv170.atsp,0.400000,5639.000000,6509.730159,539.807698
files/ftv170.atsp,0.400000,5639.000000,6506.803150,544.760225
files/ftv170.atsp,0.400000,5639.000000,6504.242188,548.969423
files/ftv170.atsp,0.400000,5639.000000,6504.356589,553.200652
files/ftv170.atsp,0.400000,5639.000000,6501.092308,558.706475
files/ftv170.atsp,0.400000,5639.000000,6499.007634,563.089603
files/ftv170.atsp,0.400000,5639.000000,6496.840909,567.667783
files/ftv170.atsp,0.400000,5639.000000,6498.488722,571.400056
files/ftv170.atsp,0.400000,5639.000000,6498.843284,575.624699
files/ftv170.atsp,0.400000,5639.000000,6500.014815,580.006532
files/ftv170.atsp,0.400000,5639.000000,6502.367647,584.042339
files/ftv170.atsp,0.400000,5639.000000,6502.423358,588.711284
files/ftv170.atsp,0.400000,5639.000000,6502.782609,592.809808
files/ftv170.atsp,0.400000,5639.000000,6502.064748,597.744920
files/ftv170.atsp,0.400000,5639.000000,6503.642857,601.610730
files/ftv170.atsp,0.400000,5639.000000,6504.794326,606.047560
files/ftv170.atsp,0.400000,5639.000000,6504.239437,610.093386
files/ftv170.atsp,0.400000,5639.000000,6503.811189,614.473950
files/ftv170.atsp,0.400000,5639.000000,6508.729167,618.476938
files/ftv170.atsp,0.400000,5639.000000,6505.751724,622.961010
files/ftv170.atsp,0.400000,5639.000000,6503.787671,627.541200
files/ftv170.atsp,0.400000,5639.000000,6501.013605,632.239217
files/ftv170.atsp,0.400000,5639.000000,6497.932432,636.506764
files/ftv170.atsp,0.400000,5639.000000,6498.335570,640.379366
files/ftv170.atsp,0.400000,5639.000000,6495.720000,644.510434
files/ftv170.atsp,0.400000,5639.000000,6498.211921,648.924610
files/ftv170.atsp,0.400000,5639.000000,6494.210526,653.441799
files/ftv170.atsp,0.400000,5639.000000,6493.307190,657.976803
files/ftv170.atsp,0.400000,5639.000000,6490.707792,662.912044
files/ftv170.atsp,0.400000,5639.000000,6488.690323,667.201061
files/ftv170.atsp,0.400000,5639.000000,6488.897436,672.014231
files/ftv170.atsp,0.400000,5639.000000,6486.515924,675.973535
files/ftv170.atsp,0.400000,5639.000000,6486.297468,680.667781
files/ftv170.atsp,0.400000,5639.000000,6484.918239,685.290952
files/ftv170.atsp,0.400000,5639.000000,6485.581250,689.234954
files/ftv170.atsp,0.400000,5639.000000,6484.552795,693.151360
files/ftv170.atsp,0.400000,5639.000000,6481.401235,697.560784
files/ftv170.atsp,0.400000,5639.000000,6480.883436,702.040988
files/ftv170.atsp,0.400000,5639.000000,6483.000000,705.512580
files/ftv170.atsp,0.400000,5639.000000,6485.915152,709.661577
files/ftv170.atsp,0.400000,5639.000000,6485.560241,714.667356
files/ftv170.atsp,0.400000,5639.000000,6487.616766,718.810403
files/ftv170.atsp,0.400000,5639.000000,6485.863095,722.801792
files/ftv170.atsp,0.400000,5639.000000,6488.633136,727.487452
files/ftv170.atsp,0.400000,5639.000000,6489.982353,732.404270
files/ftv170.atsp,0.400000,5639.000000,6488.380117,736.926369
files/ftv170.atsp,0.400000,5639.000000,6487.058140,741.544352
files/ftv170.atsp,0.400000,5639.000000,6486.803468,746.039274
files/ftv170.atsp,0.400000,5639.000000,6485.017241,749.869072
files/ftv170.atsp,0.400000,5639.000000,6483.994286,754.496413
files/ftv170.atsp,0.400000,5639.000000,6481.761364,759.455911
files/ftv170.atsp,0.400000,5639.000000,6483.344633,763.300943
files/ftv170.atsp,0.400000,5639.000000,6484.679775,767.715074
