files/ftv170.atsp,0.500000,6582.000000,6582.000000,5.556249
files/ftv170.atsp,0.500000,6307.000000,6444.500000,11.211882
files/ftv170.atsp,0.500000,6307.000000,6611.666667,16.275834
files/ftv170.atsp,0.500000,6307.000000,6765.500000,21.374360
files/ftv170.atsp,0.500000,6307.000000,6723.800000,27.225018
files/ftv170.atsp,0.500000,6307.000000,6749.166667,32.241252
files/ftv170.atsp,0.500000,6307.000000,6758.285714,37.284981
files/ftv170.atsp,0.500000,6307.000000,6807.875000,42.780953
files/ftv170.atsp,0.500000,6307.000000,6774.111111,48.454882
files/ftv170.atsp,0.500000,6307.000000,6812.500000,53.448978
files/ftv170.atsp,0.500000,6307.000000,6776.000000,58.884542
files/ftv170.atsp,0.500000,6307.000000,6760.666667,64.519032
files/ftv170.atsp,0.500000,6307.000000,6769.615385,69.875797
files/ftv170.atsp,0.500000,6307.000000,6760.928571,75.638892
files/ftv170.atsp,0.500000,6307.000000,6764.066667,80.858459
files/ftv170.atsp,0.500000,6307.000000,6771.062500,85.888788
files/ftv170.atsp,0.500000,6307.000000,6763.882353,91.128642
files/ftv170.atsp,0.500000,6307.000000,6786.611111,96.213381
files/ftv170.atsp,0.500000,6307.000000,6779.263158,101.222617
files/ftv170.atsp,0.500000,6307.000000,6773.350000,106.874562
files/ftv170.atsp,0.500000,6307.000000,6754.047619,112.569123
files/ftv170.atsp,0.500000,6307.000000,6751.000000,117.474506
files/ftv170.atsp,0.500000,6307.000000,6737.304348,122.658129
files/ftv170.atsp,0.500000,6107.000000,6711.041667,129.015140
files/ftv170.atsp,0.500000,6107.000000,6715.960000,134.219018
files/ftv170.atsp,0.500000,6107.000000,6735.153846,139.384611
files/ftv170.atsp,0.500000,6107.000000,6746.000000,144.604950
files/ftv170.atsp,0.500000,6107.000000,6758.214286,150.840538
files/ftv170.atsp,0.500000,6107.000000,6758.379310,156.278560
files/ftv170.atsp,0.500000,6107.000000,6756.100000,162.085138
files/ftv170.atsp,0.500000,6107.000000,6772.225806,167.066420
files/ftv170.atsp,0.500000,6107.000000,6780.312500,172.631124
files/ftv170.atsp,0.500000,6107.000000,6805.484848,177.679848
files/ftv170.atsp,0.500000,6107.000000,6802.558824,182.513656
files/ftv170.atsp,0.500000,6107.000000,6816.428571,187.695573
files/ftv170.atsp,0.500000,6107.000000,6820.916667,193.025158
files/ftv170.atsp,0.500000,6107.000000,6833.891892,197.648905
files/ftv170.atsp,0.500000,6107.000000,6841.763158,203.113332
files/ftv170.atsp,0.500000,6107.000000,6857.153846,207.826129
files/ftv170.atsp,0.500000,6107.000000,6858.775000,213.273283
files/ftv170.atsp,0.500000,6107.000000,6868.000000,218.034449
files/ftv170.atsp,0.500000,6107.000000,6866.547619,223.333187
files/ftv170.atsp,0.500000,6107.000000,6879.953488,227.775290
files/ftv170.atsp,0.500000,6107.000000,6876.659091,233.299277
files/ftv170.atsp,0.500000,6107.000000,6876.266667,239.345981
files/ftv170.atsp,0.500000,6107.000000,6874.086957,245.038608
files/ftv170.atsp,0.500000,6107.000000,6871.553191,250.753754
files/ftv170.atsp,0.500000,6107.000000,6877.208333,255.998297
files/ftv170.atsp,0.500000,6107.000000,6869.428571,260.808838
files/ftv170.atsp,0.500000,6107.000000,6872.860000,266.133900
files/ftv170.atsp,0.500000,6107.000000,6879.901961,271.427514
files/ftv170.atsp,0.500000,6107.000000,6871.173077,277.493339
files/ftv170.atsp,0.500000,6107.000000,6870.339623,283.427121
files/ftv170.atsp,0.500000,6107.000000,6874.500000,288.227115
files/ftv170.atsp,0.500000,6107.000000,6873.109091,293.672098
files/ftv170.atsp,0.500000,6107.000000,6875.500000,299.022170
files/ftv170.atsp,0.500000,6107.000000,6882.403509,304.136390
files/ftv170.atsp,0.500000,6107.000000,6885.172414,309.428555
files/ftv170.atsp,0.500000,6107.000000,6880.983051,314.936691
files/ftv170.atsp,0.500000,6107.000000,6886.066667,319.355799
files/ftv170.atsp,0.500000,6107.000000,6882.901639,324.870518
files/ftv170.atsp,0.500000,6107.000000,6877.774194,329.594055
files/ftv170.atsp,0.500000,6107.000000,6889.476190,334.846764
files/ftv170.atsp,0.500000,6107.000000,6891.234375,340.581680
files/ftv170.atsp,0.500000,6107.000000,6893.169231,345.592382
files/ftv170.atsp,0.500000,6107.000000,6892.636364,350.957343
files/ftv170.atsp,0.500000,6107.000000,6888.343284,356.809342
files/ftv170.atsp,0.500000,6107.000000,6890.250000,362.072134
files/ftv170.atsp,0.500000,6107.000000,6885.202899,367.539026
files/ftv170.atsp,0.500000,6107.000000,6882.757143,372.493783
files/ftv170.atsp,0.500000,6107.000000,6876.197183,378.465781
files/ftv170.atsp,0.500000,6107.000000,6876.097222,383.694918
files/ftv170.atsp,0.500000,6107.000000,6871.630137,389.310576
files/ftv170.atsp,0.500000,6107.000000,6870.351351,395.590477
files/ftv170.atsp,0.500000,6107.000000,6876.653333,400.920440
files/ftv170.atsp,0.500000,6107.000000,6870.855263,407.158871
files/ftv170.atsp,0.500000,5996.000000,6859.493506,413.139199
files/ftv170.atsp,0.500000,5996.000000,6864.576923,418.394851
files/ftv170.atsp,0.500000,5996.000000,6859.455696,423.627829
files/ftv170.atsp,0.500000,5996.000000,6860.025000,429.475442
files/ftv170.atsp,0.500000,5996.000000,6859.345679,433.800024
files/ftv170.atsp,0.500000,5996.000000,6866.195122,438.517347
files/ftv170.atsp,0.500000,5996.000000,6868.096386,443.775476
files/ftv170.atsp,0.500000,5996.000000,6863.523810,450.661793
files/ftv170.atsp,0.500000,5996.000000,6865.529412,456.512165
files/ftv170.atsp,0.500000,5996.000000,6866.616279,461.735434
files/ftv170.atsp,0.500000,5996.000000,6862.735632,467.194033
files/ftv170.atsp,0.500000,5996.000000,6863.352273,472.510932
files/ftv170.atsp,0.500000,5996.000000,6861.865169,478.430466
files/ftv170.atsp,0.500000,5996.000000,6855.333333,484.081883
files/ftv170.atsp,0.500000,5996.000000,6851.065934,489.295577
files/ftv170.atsp,0.500000,5996.000000,6856.902174,494.513141
files/ftv170.atsp,0.500000,5996.000000,6858.301075,500.101034
files/ftv170.atsp,0.500000,5996.000000,6855.468085,505.199969
files/ftv170.atsp,0.500000,5996.000000,6857.578947,510.723628
files/ftv170.atsp,0.500000,5996.000000,6856.208333,516.529466
files/ftv170.atsp,0.500000,5996.000000,6862.154639,521.671329
files/ftv170.atsp,0.500000,5996.000000,6863.846939,527.089747
files/ftv170.atsp,0.500000,5996.000000,6866.545455,532.038372
files/ftv170.atsp,0.500000,5996.000000,6867.350000,537.483567
files/ftv170.atsp,0.500000,5996.000000,6863.326733,543.465292
files/ftv170.atsp,0.500000,5996.000000,6864.715686,548.910494
files/ftv170.atsp,0.500000,5996.000000,6861.660194,554.947747
files/ftv170.atsp,0.500000,5996.000000,6864.365385,560.107394
files/ftv170.atsp,0.500000,5996.000000,6868.228571,565.486581
files/ftv170.atsp,0.500000,5996.000000,6867.547170,570.666482
files/ftv170.atsp,0.500000,5996.000000,6874.654206,576.217422
files/ftv170.atsp,0.500000,5996.000000,6873.981481,580.967144
files/ftv170.atsp,0.500000,5996.000000,6876.247706,585.788543
files/ftv170.atsp,0.500000,5996.000000,6878.754545,591.605725
files/ftv170.atsp,0.500000,5996.000000,6877.333333,597.322389
files/ftv170.atsp,0.500000,5996.000000,6882.946429,602.092293
files/ftv170.atsp,0.500000,5996.000000,6884.778761,606.981824
files/ftv170.atsp,0.500000,5996.000000,6883.692982,613.127850
files/ftv170.atsp,0.500000,5996.000000,6883.191304,618.692268
files/ftv170.atsp,0.500000,5996.000000,6880.517241,623.729879
files/ftv170.atsp,0.500000,5996.000000,6880.538462,629.051128
files/ftv170.atsp,0.500000,5996.000000,6879.559322,634.950990
files/ftv170.atsp,0.500000,5996.000000,6882.176471,639.585289
files/ftv170.atsp,0.500000,5996.000000,6878.925000,645.264724
files/ftv170.atsp,0.500000,5996.000000,6883.595041,651.146717
files/ftv170.atsp,0.500000,5996.000000,6887.024590,656.520839
files/ftv170.atsp,0.500000,5996.000000,6893.016260,661.042668
files/ftv170.atsp,0.500000,5996.000000,6890.846774,667.109526
files/ftv170.atsp,0.500000,5996.000000,6893.480000,672.447458
files/ftv170.atsp,0.500000,5996.000000,6894.055556,677.680093
files/ftv170.atsp,0.500000,5996.000000,6893.393701,683.450863
files/ftv170.atsp,0.500000,5996.000000,6891.632812,689.642586
files/ftv170.atsp,0.500000,5996.000000,6892.341085,694.956655
files/ftv170.atsp,0.500000,5996.000000,6892.530769,700.013345
files/ftv170.atsp,0.500000,5996.000000,6890.702290,705.799916
files/ftv170.atsp,0.500000,5996.000000,6890.166667,710.938042
files/ftv170.atsp,0.500000,5996.000000,6890.022556,716.812113
files/ftv170.atsp,0.500000,5996.000000,6888.238806,721.983256
files/ftv170.atsp,0.500000,5996.000000,6888.570370,727.636386
files/ftv170.atsp,0.500000,5996.000000,6884.051471,733.387961
files/ftv170.atsp,0.500000,5996.000000,6887.802920,738.984295
files/ftv170.atsp,0.500000,5996.000000,6884.543478,744.692796
files/ftv170.atsp,0.500000,5996.000000,6889.057554,750.062939
files/ftv170.atsp,0.500000,5996.000000,6888.592857,756.261049
files/ftv170.atsp,0.500000,5996.000000,6888.808511,761.742018
files/ftv170.atsp,0.500000,5996.000000,6886.640845,767.188056
