files/ftv170.atsp,0.600000,7597.000000,7597.000000,6.152166
files/ftv170.atsp,0.600000,7441.000000,7519.000000,13.205567
files/ftv170.atsp,0.600000,7267.000000,7435.000000,19.901509
files/ftv170.atsp,0.600000,7192.000000,7374.250000,26.584841
files/ftv170.atsp,0.600000,7138.000000,7327.000000,33.728672
files/ftv170.atsp,0.600000,6846.000000,7246.833333,40.286331
files/ftv170.atsp,0.600000,6846.000000,7223.714286,47.290235
files/ftv170.atsp,0.600000,6444.000000,7126.250000,55.113643
files/ftv170.atsp,0.600000,6444.000000,7080.888889,61.445086
files/ftv170.atsp,0.600000,6444.000000,7066.400000,69.401423
files/ftv170.atsp,0.600000,6444.000000,7035.636364,76.215691
files/ftv170.atsp,0.600000,6444.000000,7026.750000,83.016591
files/ftv170.atsp,0.600000,6397.000000,6978.307692,89.610470
files/ftv170.atsp,0.600000,6397.000000,7009.142857,96.089741
files/ftv170.atsp,0.600000,6397.000000,7000.400000,102.808064
files/ftv170.atsp,0.600000,6397.000000,7016.812500,109.194769
files/ftv170.atsp,0.600000,6397.000000,7018.058824,115.985951
files/ftv170.atsp,0.600000,6397.000000,7037.166667,122.006436
files/ftv170.atsp,0.600000,6397.000000,7029.684211,128.843665
files/ftv170.atsp,0.600000,6397.000000,7010.550000,135.774880
files/ftv170.atsp,0.600000,6397.000000,7021.333333,142.809791
files/ftv170.atsp,0.600000,6397.000000,7030.590909,149.350108
files/ftv170.atsp,0.600000,6397.000000,7047.000000,156.091613
files/ftv170.atsp,0.600000,6311.000000,7016.333333,162.474489
files/ftv170.atsp,0.600000,6311.000000,6993.720000,169.592068
files/ftv170.atsp,0.600000,6311.000000,7004.769231,176.278593
files/ftv170.atsp,0.600000,6180.000000,6974.222222,184.239930
files/ftv170.atsp,0.600000,6180.000000,6983.892857,191.597780
files/ftv170.atsp,0.600000,6180.000000,6990.896552,198.388768
files/ftv170.atsp,0.600000,6180.000000,6982.700000,204.799985
files/ftv170.atsp,0.600000,6180.000000,6967.161290,211.050071
files/ftv170.atsp,0.600000,6180.000000,6973.562500,217.668980
files/ftv170.atsp,0.600000,6180.000000,6988.727273,224.877935
files/ftv170.atsp,0.600000,6180.000000,6998.647059,230.774328
files/ftv170.atsp,0.600000,6180.000000,7012.057143,237.608082
files/ftv170.atsp,0.600000,6180.000000,6999.111111,244.308239
files/ftv170.atsp,0.600000,6180.000000,6996.162162,250.743526
files/ftv170.atsp,0.600000,6180.000000,6999.078947,257.366929
files/ftv170.atsp,0.600000,6180.000000,6994.256410,263.767487
files/ftv170.atsp,0.600000,6180.000000,6988.150000,269.742000
files/ftv170.atsp,0.600000,6180.000000,6990.902439,276.132797
files/ftv170.atsp,0.600000,6180.000000,7006.357143,282.854868
files/ftv170.atsp,0.600000,6180.000000,7015.883721,289.815251
files/ftv170.atsp,0.600000,6180.000000,7000.090909,296.732196
files/ftv170.atsp,0.600000,6180.000000,7009.644444,303.477591
files/ftv170.atsp,0.600000,6180.000000,7006.065217,310.035709
files/ftv170.atsp,0.600000,6180.000000,6995.553191,316.475836
files/ftv170.atsp,0.600000,6180.000000,6991.291667,323.741741
files/ftv170.atsp,0.600000,6180.000000,6989.469388,330.846413
files/ftv170.atsp,0.600000,6180.000000,6998.500000,336.557632
files/ftv170.atsp,0.600000,6180.000000,7016.313725,343.206379
files/ftv170.atsp,0.600000,6180.000000,7012.057692,349.606196
files/ftv170.atsp,0.600000,6180.000000,7001.698113,356.946964
files/ftv170.atsp,0.600000,6180.000000,6999.222222,364.020992
files/ftv170.atsp,0.600000,6180.000000,6995.018182,370.232309
files/ftv170.atsp,0.600000,6180.000000,6985.589286,377.357070
files/ftv170.atsp,0.600000,6180.000000,7001.771930,383.442358
files/ftv170.atsp,0.600000,6180.000000,7002.103448,390.259655
files/ftv170.atsp,0.600000,6180.000000,7014.271186,397.019909
files/ftv170.atsp,0.600000,6180.000000,7014.400000,403.544000
files/ftv170.atsp,0.600000,6180.000000,7019.475410,410.421653
files/ftv170.atsp,0.600000,6180.000000,7013.822581,417.312100
files/ftv170.atsp,0.600000,6180.000000,7018.031746,424.386151
files/ftv170.atsp,0.600000,6180.000000,7018.625000,431.013238
files/ftv170.atsp,0.600000,6180.000000,7019.723077,438.335847
files/ftv170.atsp,0.600000,6180.000000,7020.939394,445.103526
files/ftv170.atsp,0.600000,6180.000000,7013.686567,451.719131
files/ftv170.atsp,0.600000,6180.000000,7012.735294,458.901750
files/ftv170.atsp,0.600000,6180.000000,7005.304348,466.215999
files/ftv170.atsp,0.600000,6180.000000,7008.042857,472.427124
files/ftv170.atsp,0.600000,6180.000000,7013.492958,478.706327
files/ftv170.atsp,0.600000,6180.000000,7017.972222,484.699082
files/ftv170.atsp,0.600000,6180.000000,7014.547945,491.634828
files/ftv170.atsp,0.600000,6180.000000,7017.040541,498.507537
files/ftv170.atsp,0.600000,6180.000000,7029.973333,504.973912
files/ftv170.atsp,0.600000,6180.000000,7033.447368,512.859243
files/ftv170.atsp,0.600000,6180.000000,7036.389610,518.715311
files/ftv170.atsp,0.600000,6180.000000,7033.358974,525.887979
files/ftv170.atsp,0.600000,6180.000000,7024.177215,532.872292
files/ftv170.atsp,0.600000,6180.000000,7026.325000,539.524383
files/ftv170.atsp,0.600000,6180.000000,7027.135802,546.334487
files/ftv170.atsp,0.600000,6180.000000,7032.000000,552.645342
files/ftv170.atsp,0.600000,6180.000000,7033.433735,558.839254
files/ftv170.atsp,0.600000,6180.000000,7034.250000,565.439496
files/ftv170.atsp,0.600000,6180.000000,7042.682353,571.820399
files/ftv170.atsp,0.600000,6180.000000,7038.430233,578.272075
files/ftv170.atsp,0.600000,6180.000000,7035.494253,585.411470
files/ftv170.atsp,0.600000,6180.000000,7041.056818,591.368755
files/ftv170.atsp,0.600000,6180.000000,7035.707865,597.688595
files/ftv170.atsp,0.600000,6180.000000,7035.033333,604.378312
files/ftv170.atsp,0.600000,6180.000000,7039.494505,609.953623
files/ftv170.atsp,0.600000,6180.000000,7039.771739,616.388136
files/ftv170.atsp,0.600000,6180.000000,7040.086022,622.932263
files/ftv170.atsp,0.600000,6180.000000,7035.117021,629.581671
files/ftv170.atsp,0.600000,6180.000000,7031.600000,636.659703
files/ftv170.atsp,0.600000,6180.000000,7025.843750,644.829589
files/ftv170.atsp,0.600000,6180.000000,7025.082474,651.777102
files/ftv170.atsp,0.600000,6180.000000,7026.785714,658.208642
files/ftv170.atsp,0.600000,5664.000000,7013.020202,665.765384
files/ftv170.atsp,0.600000,5664.000000,7008.370000,672.557650
files/ftv170.atsp,0.600000,5664.000000,7007.524752,679.673960
files/ftv170.atsp,0.600000,5664.000000,7003.500000,687.038685
files/ftv170.atsp,0.600000,5664.000000,7002.699029,694.009061
files/ftv170.atsp,0.600000,5664.000000,6999.028846,700.927411
files/ftv170.atsp,0.600000,5664.000000,6995.761905,707.406179
files/ftv170.atsp,0.600000,5664.000000,7001.103774,713.618035
files/ftv170.atsp,0.600000,5664.000000,6999.822430,720.607925
files/ftv170.atsp,0.600000,5664.000000,6995.814815,727.031519
files/ftv170.atsp,0.600000,5664.000000,6996.146789,733.305626
files/ftv170.atsp,0.600000,5664.000000,6991.709091,740.275980
files/ftv170.atsp,0.600000,5664.000000,6990.198198,746.787167
files/ftv170.atsp,0.600000,5664.000000,6986.000000,753.629593
files/ftv170.atsp,0.600000,5664.000000,6983.053097,760.817554
files/ftv170.atsp,0.600000,5664.000000,6979.491228,768.026549
