files/ftv170.atsp,0.700000,6999.000000,6999.000000,8.390741
files/ftv170.atsp,0.700000,6840.000000,6919.500000,16.716387
files/ftv170.atsp,0.700000,6840.000000,7125.333333,24.614689
files/ftv170.atsp,0.700000,6840.000000,7075.000000,32.208765
files/ftv170.atsp,0.700000,6840.000000,7067.400000,41.357541
files/ftv170.atsp,0.700000,6791.000000,7021.333333,50.167194
files/ftv170.atsp,0.700000,6791.000000,7001.000000,59.185021
files/ftv170.atsp,0.700000,6791.000000,7064.000000,67.068968
files/ftv170.atsp,0.700000,6626.000000,7015.333333,74.654997
files/ftv170.atsp,0.700000,6626.000000,7071.500000,82.775942
files/ftv170.atsp,0.700000,6626.000000,7071.818182,91.757619
files/ftv170.atsp,0.700000,6626.000000,7036.916667,99.862189
files/ftv170.atsp,0.700000,6626.000000,7054.384615,108.289550
files/ftv170.atsp,0.700000,6626.000000,7080.500000,116.602645
files/ftv170.atsp,0.700000,6626.000000,7063.800000,124.780410
files/ftv170.atsp,0.700000,6626.000000,7051.000000,132.529927
files/ftv170.atsp,0.700000,6626.000000,7065.764706,140.241227
files/ftv170.atsp,0.700000,6626.000000,7072.555556,148.282202
files/ftv170.atsp,0.700000,6626.000000,7072.263158,155.881819
files/ftv170.atsp,0.700000,6626.000000,7072.550000,163.380640
files/ftv170.atsp,0.700000,6626.000000,7068.523810,171.614239
files/ftv170.atsp,0.700000,6626.000000,7064.590909,179.824168
files/ftv170.atsp,0.700000,6626.000000,7083.565217,187.269839
files/ftv170.atsp,0.700000,6539.000000,7060.875000,195.424954
files/ftv170.atsp,0.700000,6539.000000,7046.600000,203.480989
files/ftv170.atsp,0.700000,6539.000000,7052.000000,211.848241
files/ftv170.atsp,0.700000,6539.000000,7042.555556,220.292649
files/ftv170.atsp,0.700000,6539.000000,7056.071429,228.193884
files/ftv170.atsp,0.700000,6539.000000,7057.551724,236.059841
files/ftv170.atsp,0.700000,6539.000000,7049.433333,244.410546
files/ftv170.atsp,0.700000,6539.000000,7042.806452,252.018434
files/ftv170.atsp,0.700000,6539.000000,7056.312500,259.467240
files/ftv170.atsp,0.700000,6539.000000,7053.000000,268.117263
files/ftv170.atsp,0.700000,6539.000000,7052.411765,275.614852
files/ftv170.atsp,0.700000,6539.000000,7059.400000,283.753961
files/ftv170.atsp,0.700000,6539.000000,7046.694444,291.439465
files/ftv170.atsp,0.700000,6539.000000,7037.486486,299.156913
files/ftv170.atsp,0.700000,6539.000000,7045.736842,307.044661
files/ftv170.atsp,0.700000,6539.000000,7042.358974,314.483815
files/ftv170.atsp,0.700000,6539.000000,7043.375000,321.630679
files/ftv170.atsp,0.700000,6539.000000,7046.975610,329.720411
files/ftv170.atsp,0.700000,6539.000000,7048.857143,337.438310
files/ftv170.atsp,0.700000,6539.000000,7053.860465,345.405010
files/ftv170.atsp,0.700000,6539.000000,7055.522727,353.649507
files/ftv170.atsp,0.700000,6539.000000,7063.866667,361.833609
files/ftv170.atsp,0.700000,6539.000000,7064.478261,369.665716
files/ftv170.atsp,0.700000,6539.000000,7060.787234,378.571036
files/ftv170.atsp,0.700000,6539.000000,7060.812500,386.539285
files/ftv170.atsp,0.700000,6539.000000,7056.612245,395.556096
files/ftv170.atsp,0.700000,6539.000000,7062.160000,403.215116
files/ftv170.atsp,0.700000,6461.000000,7050.372549,411.559528
files/ftv170.atsp,0.700000,6461.000000,7046.115385,420.103006
files/ftv170.atsp,0.700000,6461.000000,7053.320755,428.032164
files/ftv170.atsp,0.700000,6461.000000,7050.092593,435.994457
files/ftv170.atsp,0.700000,6461.000000,7056.800000,443.911307
files/ftv170.atsp,0.700000,6461.000000,7057.857143,450.710377
files/ftv170.atsp,0.700000,6461.000000,7050.157895,458.550439
files/ftv170.atsp,0.700000,6461.000000,7045.000000,466.619114
files/ftv170.atsp,0.700000,6461.000000,7044.389831,473.804019
files/ftv170.atsp,0.700000,6461.000000,7046.200000,481.911358
files/ftv170.atsp,0.700000,6461.000000,7046.000000,490.274321
files/ftv170.atsp,0.700000,6424.000000,7035.967742,498.283763
files/ftv170.atsp,0.700000,6424.000000,7033.571429,507.281334
files/ftv170.atsp,0.700000,6424.000000,7046.843750,515.233633
files/ftv170.atsp,0.700000,6424.000000,7038.353846,524.982722
files/ftv170.atsp,0.700000,6424.000000,7039.651515,533.600530
files/ftv170.atsp,0.700000,6424.000000,7041.910448,542.272064
files/ftv170.atsp,0.700000,6424.000000,7039.294118,550.376489
files/ftv170.atsp,0.700000,6424.000000,7038.492754,557.150031
files/ftv170.atsp,0.700000,6424.000000,7034.400000,565.246451
files/ftv170.atsp,0.700000,6424.000000,7034.633803,574.075343
files/ftv170.atsp,0.700000,6424.000000,7035.416667,581.415254
files/ftv170.atsp,0.700000,6424.000000,7029.753425,589.006399
files/ftv170.atsp,0.700000,6424.000000,7035.554054,596.809790
files/ftv170.atsp,0.700000,6424.000000,7031.373333,606.060118
files/ftv170.atsp,0.700000,6424.000000,7027.960526,614.895113
files/ftv170.atsp,0.700000,6424.000000,7029.857143,622.946247
files/ftv170.atsp,0.700000,6424.000000,7028.666667,630.973552
files/ftv170.atsp,0.700000,6424.000000,7026.088608,638.659389
files/ftv170.atsp,0.700000,6424.000000,7034.750000,645.417364
files/ftv170.atsp,0.700000,6424.000000,7031.382716,654.097995
files/ftv170.atsp,0.700000,6424.000000,7028.597561,663.421059
files/ftv170.atsp,0.700000,6424.000000,7037.734940,671.988011
files/ftv170.atsp,0.700000,6424.000000,7042.928571,679.856364
files/ftv170.atsp,0.700000,6424.000000,7040.341176,687.292740
files/ftv170.atsp,0.700000,6424.000000,7041.883721,694.963613
files/ftv170.atsp,0.700000,6424.000000,7041.712644,703.140231
files/ftv170.atsp,0.700000,6424.000000,7040.625000,710.928157
files/ftv170.atsp,0.700000,6424.000000,7045.123596,718.958227
files/ftv170.atsp,0.700000,6424.000000,7044.822222,727.357510
files/ftv170.atsp,0.700000,6424.000000,7043.901099,735.792007
files/ftv170.atsp,0.700000,6424.000000,7047.956522,743.563503
files/ftv170.atsp,0.700000,6424.000000,7047.580645,751.147165
files/ftv170.atsp,0.700000,6424.000000,7046.308511,758.926407
files/ftv170.atsp,0.700000,6424.000000,7046.473684,766.469085
