files/ftv170.atsp,0.800000,7045.000000,7045.000000,8.867850
files/ftv170.atsp,0.800000,6911.000000,6978.000000,17.622683
files/ftv170.atsp,0.800000,6911.000000,7018.000000,26.486235
files/ftv170.atsp,0.800000,6911.000000,7088.000000,34.851626
files/ftv170.atsp,0.800000,6911.000000,7139.400000,43.825485
files/ftv170.atsp,0.800000,6911.000000,7118.166667,53.100286
files/ftv170.atsp,0.800000,6911.000000,7138.428571,62.118468
files/ftv170.atsp,0.800000,6911.000000,7129.375000,70.408445
files/ftv170.atsp,0.800000,6911.000000,7183.000000,78.989171
files/ftv170.atsp,0.800000,6911.000000,7175.600000,88.058472
files/ftv170.atsp,0.800000,6497.000000,7113.909091,97.541159
files/ftv170.atsp,0.800000,6497.000000,7103.333333,107.186833
files/ftv170.atsp,0.800000,6497.000000,7081.307692,116.413697
files/ftv170.atsp,0.800000,6497.000000,7100.000000,125.242729
files/ftv170.atsp,0.800000,6497.000000,7136.266667,134.880977
files/ftv170.atsp,0.800000,6497.000000,7104.562500,143.108527
files/ftv170.atsp,0.800000,6497.000000,7133.705882,151.718845
files/ftv170.atsp,0.800000,6497.000000,7141.944444,160.748678
files/ftv170.atsp,0.800000,6497.000000,7113.473684,170.130574
files/ftv170.atsp,0.800000,6497.000000,7083.550000,179.540826
files/ftv170.atsp,0.800000,6497.000000,7075.666667,192.006844
files/ftv170.atsp,0.800000,6497.000000,7083.636364,202.316809
files/ftv170.atsp,0.800000,6497.000000,7075.826087,212.762128
files/ftv170.atsp,0.800000,6449.000000,7049.708333,224.013773
files/ftv170.atsp,0.800000,6449.000000,7083.600000,234.338342
files/ftv170.atsp,0.800000,6449.000000,7112.653846,244.026685
files/ftv170.atsp,0.800000,6449.000000,7121.259259,254.822292
files/ftv170.atsp,0.800000,6449.000000,7115.928571,266.027226
files/ftv170.atsp,0.800000,6449.000000,7097.482759,278.506690
files/ftv170.atsp,0.800000,6449.000000,7091.633333,290.114821
files/ftv170.atsp,0.800000,6449.000000,7102.709677,300.886531
files/ftv170.atsp,0.800000,6449.000000,7095.093750,311.761829
files/ftv170.atsp,0.800000,6449.000000,7110.545455,322.004925
files/ftv170.atsp,0.800000,6449.000000,7109.029412,332.264325
files/ftv170.atsp,0.800000,6449.000000,7115.171429,341.633367
files/ftv170.atsp,0.800000,6449.000000,7112.833333,351.481635
files/ftv170.atsp,0.800000,6449.000000,7125.054054,359.931686
files/ftv170.atsp,0.800000,6449.000000,7114.342105,370.128170
files/ftv170.atsp,0.800000,6449.000000,7122.743590,379.614563
files/ftv170.atsp,0.800000,6257.000000,7101.100000,389.762876
files/ftv170.atsp,0.800000,6257.000000,7089.268293,399.809079
files/ftv170.atsp,0.800000,6257.000000,7089.714286,410.108694
files/ftv170.atsp,0.800000,6257.000000,7097.651163,419.421190
files/ftv170.atsp,0.800000,6257.000000,7094.159091,428.805661
files/ftv170.atsp,0.800000,6257.000000,7101.866667,438.964909
files/ftv170.atsp,0.800000,6257.000000,7095.413043,448.670590
files/ftv170.atsp,0.800000,6257.000000,7084.404255,458.785670
files/ftv170.atsp,0.800000,6257.000000,7086.854167,468.296901
files/ftv170.atsp,0.800000,6257.000000,7078.571429,479.179224
files/ftv170.atsp,0.800000,6257.000000,7079.720000,488.960304
files/ftv170.atsp,0.800000,6257.000000,7076.137255,497.979721
files/ftv170.atsp,0.800000,6257.000000,7064.365385,508.266456
files/ftv170.atsp,0.800000,6257.000000,7064.000000,517.286667
files/ftv170.atsp,0.800000,6257.000000,7061.444444,526.275878
files/ftv170.atsp,0.800000,6257.000000,7065.036364,534.678456
files/ftv170.atsp,0.800000,6257.000000,7066.535714,543.293605
files/ftv170.atsp,0.800000,6257.000000,7057.368421,551.956163
files/ftv170.atsp,0.800000,6257.000000,7050.206897,561.695223
files/ftv170.atsp,0.800000,6257.000000,7054.559322,569.947235
files/ftv170.atsp,0.800000,6257.000000,7050.516667,579.359920
files/ftv170.atsp,0.800000,6257.000000,7052.803279,588.148154
files/ftv170.atsp,0.800000,6257.000000,7055.241935,597.387215
files/ftv170.atsp,0.800000,6253.000000,7042.507937,607.078093
files/ftv170.atsp,0.800000,6253.000000,7041.031250,616.026872
files/ftv170.atsp,0.800000,6253.000000,7045.015385,626.109642
files/ftv170.atsp,0.800000,6253.000000,7038.893939,634.642471
files/ftv170.atsp,0.800000,6253.000000,7029.776119,644.999425
files/ftv170.atsp,0.800000,6253.000000,7029.352941,654.805400
files/ftv170.atsp,0.800000,6253.000000,7039.695652,664.563009
files/ftv170.atsp,0.800000,6253.000000,7034.371429,674.756461
files/ftv170.atsp,0.800000,6190.000000,7022.478873,684.133152
files/ftv170.atsp,0.800000,6190.000000,7024.833333,692.740092
files/ftv170.atsp,0.800000,6190.000000,7041.602740,700.927986
files/ftv170.atsp,0.800000,6190.000000,7040.216216,709.584743
files/ftv170.atsp,0.800000,6190.000000,7032.800000,718.903702
files/ftv170.atsp,0.800000,6190.000000,7027.565789,728.299604
files/ftv170.atsp,0.800000,6190.000000,7032.415584,737.117431
files/ftv170.atsp,0.800000,6190.000000,7037.051282,746.229867
files/ftv170.atsp,0.800000,6190.000000,7040.835443,754.936868
files/ftv170.atsp,0.800000,6190.000000,7050.450000,762.398048
files/ftv170.atsp,0.800000,6190.000000,7046.543210,771.286113
