files/ftv170.atsp,0.900000,6320.000000,6320.000000,10.232220
files/ftv170.atsp,0.900000,6320.000000,6822.000000,20.350771
files/ftv170.atsp,0.900000,6320.000000,7193.666667,28.409225
files/ftv170.atsp,0.900000,6320.000000,7149.500000,38.142645
files/ftv170.atsp,0.900000,6320.000000,7113.000000,48.080483
files/ftv170.atsp,0.900000,6320.000000,7010.166667,58.435681
files/ftv170.atsp,0.900000,6320.000000,7019.428571,68.102187
files/ftv170.atsp,0.900000,6320.000000,7043.250000,77.717051
files/ftv170.atsp,0.900000,6320.000000,6990.333333,88.510073
files/ftv170.atsp,0.900000,6320.000000,7002.600000,97.782000
files/ftv170.atsp,0.900000,6320.000000,7058.909091,108.070964
files/ftv170.atsp,0.900000,6320.000000,7072.333333,116.770405
files/ftv170.atsp,0.900000,6320.000000,7091.923077,126.892088
files/ftv170.atsp,0.900000,6320.000000,7101.857143,136.746672
files/ftv170.atsp,0.900000,6320.000000,7084.133333,146.595027
files/ftv170.atsp,0.900000,6320.000000,7079.187500,156.620722
files/ftv170.atsp,0.900000,6320.000000,7079.117647,167.382178
files/ftv170.atsp,0.900000,6320.000000,7083.833333,176.766794
files/ftv170.atsp,0.900000,6320.000000,7052.052632,186.240425
files/ftv170.atsp,0.900000,6320.000000,7059.200000,196.545162
files/ftv170.atsp,0.900000,6320.000000,7070.619048,206.032410
files/ftv170.atsp,0.900000,6320.000000,7072.045455,216.801375
files/ftv170.atsp,0.900000,6320.000000,7074.956522,226.754541
files/ftv170.atsp,0.900000,6320.000000,7088.250000,236.570347
files/ftv170.atsp,0.900000,6320.000000,7067.360000,246.649439
files/ftv170.atsp,0.900000,6320.000000,7076.307692,258.809279
files/ftv170.atsp,0.900000,6320.000000,7085.148148,268.173150
files/ftv170.atsp,0.900000,6320.000000,7089.785714,278.088704
files/ftv170.atsp,0.900000,6320.000000,7099.137931,289.251874
files/ftv170.atsp,0.900000,6320.000000,7119.466667,302.072453
files/ftv170.atsp,0.900000,6320.000000,7127.322581,314.849057
files/ftv170.atsp,0.900000,6320.000000,7133.750000,326.193938
files/ftv170.atsp,0.900000,6320.000000,7117.969697,336.382648
files/ftv170.atsp,0.900000,6320.000000,7127.764706,347.331882
files/ftv170.atsp,0.900000,6320.000000,7137.657143,357.875763
files/ftv170.atsp,0.900000,6320.000000,7131.027778,367.777404
files/ftv170.atsp,0.900000,6320.000000,7144.648649,378.395895
files/ftv170.atsp,0.900000,6320.000000,7130.184211,389.604219
files/ftv170.atsp,0.900000,6320.000000,7146.974359,400.679068
files/ftv170.atsp,0.900000,6320.000000,7132.250000,413.173463
files/ftv170.atsp,0.900000,6320.000000,7133.414634,425.756901
files/ftv170.atsp,0.900000,6320.000000,7122.642857,436.579339
files/ftv170.atsp,0.900000,6320.000000,7125.511628,447.524582
files/ftv170.atsp,0.900000,6320.000000,7121.363636,458.561953
files/ftv170.atsp,0.900000,6320.000000,7116.288889,468.418929
files/ftv170.atsp,0.900000,6320.000000,7114.586957,478.198317
files/ftv170.atsp,0.900000,6320.000000,7113.510638,487.958934
files/ftv170.atsp,0.900000,6320.000000,7118.854167,498.083284
files/ftv170.atsp,0.900000,6320.000000,7110.387755,508.877448
files/ftv170.atsp,0.900000,6320.000000,7111.280000,519.713103
files/ftv170.atsp,0.900000,6320.000000,7102.980392,529.542015
files/ftv170.atsp,0.900000,6320.000000,7098.807692,542.479002
files/ftv170.atsp,0.900000,6320.000000,7104.320755,553.075360
files/ftv170.atsp,0.900000,6320.000000,7098.222222,562.920204
files/ftv170.atsp,0.900000,6320.000000,7089.654545,573.740701
files/ftv170.atsp,0.900000,6320.000000,7093.839286,583.876995
files/ftv170.atsp,0.900000,6320.000000,7092.456140,594.621590
files/ftv170.atsp,0.900000,6320.000000,7099.879310,606.072382
files/ftv170.atsp,0.900000,6320.000000,7095.508475,617.054972
files/ftv170.atsp,0.900000,6320.000000,7096.833333,628.139305
files/ftv170.atsp,0.900000,6320.000000,7104.901639,639.677564
files/ftv170.atsp,0.900000,6320.000000,7113.548387,650.217567
files/ftv170.atsp,0.900000,6320.000000,7109.841270,661.819859
files/ftv170.atsp,0.900000,6320.000000,7105.640625,671.920358
files/ftv170.atsp,0.900000,6320.000000,7102.200000,682.144882
files/ftv170.atsp,0.900000,6320.000000,7106.909091,692.170682
files/ftv170.atsp,0.900000,6320.000000,7106.074627,701.568370
files/ftv170.atsp,0.900000,6320.000000,7110.132353,710.960273
files/ftv170.atsp,0.900000,6320.000000,7111.275362,719.687601
files/ftv170.atsp,0.900000,6320.000000,7110.928571,729.229401
files/ftv170.atsp,0.900000,6320.000000,7106.450704,740.460107
files/ftv170.atsp,0.900000,6320.000000,7099.388889,750.376595
files/ftv170.atsp,0.900000,6320.000000,7101.479452,759.752782
files/ftv170.atsp,0.900000,6320.000000,7105.189189,769.934598
