4.982003
72.883718
12.443669
46.188925
9.389391
45.411689
41.238859
39.879831
35.325843
16.470738
27.094521
16.192991
59.533086
31.162478
18.342315
17.632119
2.549841
2.217857
12.888599
80.439607
56.482520
14.353953
17.292851
6.139101
13.747926
1.948115
98.909825
20.045348
125.413736
42.515517
4.608108
47.283609
21.226757
77.985765
17.209051
85.218133
18.762135
47.011111
10.015410
60.700989
2.022970
17.558875
7.125360
11.132426
55.554801
16.774073
78.919844
48.817255
4.356178
1.516252
39.044157
4.761695
14.482448
18.830579
185.200839
26.020226
44.025842
110.127060
60.806482
57.661904
68.408877
19.187686
12.605710
12.847006
238.847422
12.635204
31.211722
15.187957
9.593110
62.810268
19.871949
44.755063
42.821132
7.614204
15.529241
47.458082
11.845679
137.508032
137.567718
32.712361
8.166593
17.877758
10.776174
45.401367
20.934436
43.716334
46.123552
99.143271
19.784038
128.548379
57.803717
6.141274
17.141404
10.449516
7.803695
76.969815
44.543755
9.059271
61.419483
8.689774
