14.237876
51.754396
140.402508
36.099725
157.716538
27.453554
212.794216
20.809989
330.889415
78.663746
66.707151
181.770964
70.638475
80.563743
76.929632
43.325699
3.422101
1.384065
38.977258
2.259556
2.386878
104.395795
128.646946
71.771549
11.908401
29.382587
48.067825
30.687870
12.869145
3.808869
24.157413
7.030736
9.084025
30.715683
6.870082
76.749848
12.173679
5.338632
141.891736
27.053426
1.583604
40.997945
46.970358
13.880980
45.243304
11.250350
70.647720
60.506677
33.366219
9.914382
17.002505
56.847904
27.321602
54.342073
143.117135
122.760934
73.671342
24.877531
6.412609
133.264695
1.600848
192.304771
94.151723
36.693376
9.049074
39.419749
9.545139
24.263720
21.761215
82.381933
12.792296
62.005261
76.091293
7.578274
49.421754
6.511749
65.245531
41.323597
100.036706
197.763679
75.421463
7.940169
41.906391
121.038761
126.541312
22.452720
156.038531
12.867263
39.301274
167.082932
54.556704
94.397133
22.762022
21.432887
13.036460
52.715742
43.852075
175.856987
37.511200
16.813844
