files/p43.atsp,0.100000,301.000000,301.000000,0.019164
files/p43.atsp,0.100000,235.000000,268.000000,0.034214
files/p43.atsp,0.100000,235.000000,257.333333,0.047955
files/p43.atsp,0.100000,235.000000,252.250000,0.061060
files/p43.atsp,0.100000,235.000000,259.000000,0.073501
files/p43.atsp,0.100000,235.000000,259.500000,0.092654
files/p43.atsp,0.100000,235.000000,260.000000,0.109789
files/p43.atsp,0.100000,235.000000,258.625000,0.124150
files/p43.atsp,0.100000,235.000000,259.888889,0.142315
files/p43.atsp,0.100000,235.000000,258.600000,0.153147
files/p43.atsp,0.100000,232.000000,256.181818,0.170910
files/p43.atsp,0.100000,232.000000,255.916667,0.185609
files/p43.atsp,0.100000,226.000000,253.615385,0.200618
files/p43.atsp,0.100000,226.000000,253.000000,0.218525
files/p43.atsp,0.100000,226.000000,253.866667,0.236004
files/p43.atsp,0.100000,226.000000,254.250000,0.245710
files/p43.atsp,0.100000,222.000000,252.352941,0.261637
files/p43.atsp,0.100000,219.000000,250.500000,0.277799
files/p43.atsp,0.100000,219.000000,248.947368,0.296803
files/p43.atsp,0.100000,219.000000,247.550000,0.318588
files/p43.atsp,0.100000,219.000000,247.428571,0.336602
files/p43.atsp,0.100000,219.000000,248.000000,0.352325
files/p43.atsp,0.100000,219.000000,247.782609,0.368639
files/p43.atsp,0.100000,219.000000,248.416667,0.380431
files/p43.atsp,0.100000,219.000000,248.280000,0.395772
files/p43.atsp,0.100000,219.000000,249.230769,0.411483
files/p43.atsp,0.100000,219.000000,248.185185,0.429334
files/p43.atsp,0.100000,219.000000,247.428571,0.446916
files/p43.atsp,0.100000,219.000000,247.655172,0.467928
files/p43.atsp,0.100000,219.000000,248.400000,0.481348
files/p43.atsp,0.100000,204.000000,246.967742,0.494120
files/p43.atsp,0.100000,204.000000,247.906250,0.507013
files/p43.atsp,0.100000,204.000000,249.424242,0.519739
files/p43.atsp,0.100000,204.000000,250.911765,0.534039
files/p43.atsp,0.100000,204.000000,251.000000,0.549075
files/p43.atsp,0.100000,204.000000,250.500000,0.565707
files/p43.atsp,0.100000,204.000000,251.081081,0.578298
files/p43.atsp,0.100000,204.000000,249.894737,0.595843
files/p43.atsp,0.100000,204.000000,250.897436,0.609885
files/p43.atsp,0.100000,204.000000,251.325000,0.624022
files/p43.atsp,0.100000,204.000000,251.341463,0.638285
files/p43.atsp,0.100000,204.000000,251.261905,0.656810
files/p43.atsp,0.100000,191.000000,249.860465,0.682230
files/p43.atsp,0.100000,191.000000,249.977273,0.697980
files/p43.atsp,0.100000,191.000000,250.088889,0.713523
files/p43.atsp,0.100000,191.000000,250.000000,0.729920
files/p43.atsp,0.100000,191.000000,249.659574,0.750301
files/p43.atsp,0.100000,191.000000,250.187500,0.765586
files/p43.atsp,0.100000,191.000000,249.448980,0.783581
files/p43.atsp,0.100000,191.000000,249.280000,0.797062
files/p43.atsp,0.100000,191.000000,250.098039,0.813204
files/p43.atsp,0.100000,191.000000,250.269231,0.829905
files/p43.atsp,0.100000,191.000000,250.132075,0.844715
files/p43.atsp,0.100000,191.000000,249.611111,0.855084
files/p43.atsp,0.100000,191.000000,248.800000,0.870402
files/p43.atsp,0.100000,191.000000,248.339286,0.887698
files/p43.atsp,0.100000,191.000000,248.122807,0.903319
files/p43.atsp,0.100000,191.000000,247.862069,0.917132
files/p43.atsp,0.100000,191.000000,248.762712,0.927109
files/p43.atsp,0.100000,191.000000,247.866667,0.939180
files/p43.atsp,0.100000,191.000000,247.721311,0.956528
files/p43.atsp,0.100000,191.000000,248.145161,0.972285
files/p43.atsp,0.100000,191.000000,248.650794,0.989116
files/p43.atsp,0.100000,191.000000,248.437500,1.004774
files/p43.atsp,0.100000,191.000000,248.046154,1.025919
files/p43.atsp,0.100000,191.000000,248.257576,1.038630
files/p43.atsp,0.100000,191.000000,248.223881,1.055446
files/p43.atsp,0.100000,191.000000,248.632353,1.067114
files/p43.atsp,0.100000,191.000000,248.739130,1.081144
files/p43.atsp,0.100000,191.000000,249.614286,1.101419
files/p43.atsp,0.100000,191.000000,250.422535,1.116840
files/p43.atsp,0.100000,191.000000,250.125000,1.128484
files/p43.atsp,0.100000,191.000000,250.767123,1.146157
files/p43.atsp,0.100000,191.000000,251.648649,1.160045
files/p43.atsp,0.100000,191.000000,250.840000,1.176125
files/p43.atsp,0.100000,191.000000,250.342105,1.192142
files/p43.atsp,0.100000,191.000000,250.844156,1.204326
files/p43.atsp,0.100000,191.000000,251.551282,1.217022
files/p43.atsp,0.100000,191.000000,251.746835,1.230795
files/p43.atsp,0.100000,191.000000,251.712500,1.246056
files/p43.atsp,0.100000,191.000000,251.790123,1.257633
files/p43.atsp,0.100000,191.000000,251.609756,1.273695
files/p43.atsp,0.100000,191.000000,252.072289,1.285795
files/p43.atsp,0.100000,191.000000,251.535714,1.297009
files/p43.atsp,0.100000,191.000000,251.282353,1.306099
files/p43.atsp,0.100000,191.000000,251.360465,1.325176
files/p43.atsp,0.100000,191.000000,251.816092,1.340230
files/p43.atsp,0.100000,191.000000,251.931818,1.356130
files/p43.atsp,0.100000,191.000000,252.056180,1.375673
files/p43.atsp,0.100000,191.000000,251.855556,1.389520
files/p43.atsp,0.100000,191.000000,252.087912,1.403901
files/p43.atsp,0.100000,191.000000,252.065217,1.421036
files/p43.atsp,0.100000,191.000000,252.365591,1.432587
files/p43.atsp,0.100000,191.000000,252.712766,1.449632
files/p43.atsp,0.100000,191.000000,253.463158,1.464969
files/p43.atsp,0.100000,191.000000,252.968750,1.480245
files/p43.atsp,0.100000,191.000000,253.020619,1.493950
files/p43.atsp,0.100000,191.000000,253.571429,1.504385
files/p43.atsp,0.100000,191.000000,253.828283,1.523124
files/p43.atsp,0.100000,191.000000,253.460000,1.539406
files/p43.atsp,0.100000,191.000000,253.326733,1.552242
files/p43.atsp,0.100000,191.000000,253.911765,1.583432
files/p43.atsp,0.100000,191.000000,253.446602,1.603422
files/p43.atsp,0.100000,191.000000,253.605769,1.617339
files/p43.atsp,0.100000,191.000000,253.447619,1.629157
files/p43.atsp,0.100000,191.000000,253.783019,1.647302
files/p43.atsp,0.100000,191.000000,254.046729,1.664466
files/p43.atsp,0.100000,191.000000,253.629630,1.685691
files/p43.atsp,0.100000,191.000000,254.045872,1.697817
files/p43.atsp,0.100000,191.000000,254.018182,1.712103
files/p43.atsp,0.100000,191.000000,254.027027,1.724977
files/p43.atsp,0.100000,191.000000,254.383929,1.741983
files/p43.atsp,0.100000,191.000000,254.159292,1.755180
files/p43.atsp,0.100000,191.000000,254.745614,1.771081
files/p43.atsp,0.100000,191.000000,254.956522,1.785629
files/p43.atsp,0.100000,191.000000,255.025862,1.799500
files/p43.atsp,0.100000,191.000000,255.000000,1.811192
files/p43.atsp,0.100000,191.000000,255.525424,1.827501
files/p43.atsp,0.100000,191.000000,255.285714,1.844643
files/p43.atsp,0.100000,191.000000,255.791667,1.854527
files/p43.atsp,0.100000,191.000000,256.041322,1.865337
files/p43.atsp,0.100000,191.000000,255.672131,1.878012
files/p43.atsp,0.100000,191.000000,256.113821,1.891386
files/p43.atsp,0.100000,191.000000,256.193548,1.904675
files/p43.atsp,0.100000,191.000000,256.024000,1.919492
files/p43.atsp,0.100000,191.000000,256.023810,1.928255
files/p43.atsp,0.100000,191.000000,256.133858,1.944824
files/p43.atsp,0.100000,191.000000,256.156250,1.960554
files/p43.atsp,0.100000,191.000000,256.224806,1.973665
files/p43.atsp,0.100000,191.000000,256.046154,1.985632
files/p43.atsp,0.100000,191.000000,256.267176,2.002830
files/p43.atsp,0.100000,191.000000,256.462121,2.014066
files/p43.atsp,0.100000,191.000000,256.187970,2.032308
files/p43.atsp,0.100000,191.000000,256.305970,2.046149
files/p43.atsp,0.100000,191.000000,256.074074,2.063326
files/p43.atsp,0.100000,191.000000,255.875000,2.076028
files/p43.atsp,0.100000,191.000000,256.065693,2.094901
files/p43.atsp,0.100000,191.000000,255.913043,2.116339
files/p43.atsp,0.100000,191.000000,256.223022,2.129618
files/p43.atsp,0.100000,191.000000,256.400000,2.144438
files/p43.atsp,0.100000,191.000000,256.453901,2.159477
files/p43.atsp,0.100000,191.000000,256.408451,2.177178
files/p43.atsp,0.100000,191.000000,256.629371,2.192525
files/p43.atsp,0.100000,191.000000,256.958333,2.209112
files/p43.atsp,0.100000,191.000000,257.096552,2.227754
files/p43.atsp,0.100000,191.000000,257.376712,2.245777
files/p43.atsp,0.100000,191.000000,257.238095,2.261784
files/p43.atsp,0.100000,191.000000,257.121622,2.275856
files/p43.atsp,0.100000,191.000000,257.389262,2.296985
files/p43.atsp,0.100000,191.000000,257.373333,2.311429
files/p43.atsp,0.100000,191.000000,257.430464,2.325175
files/p43.atsp,0.100000,191.000000,257.657895,2.336083
files/p43.atsp,0.100000,191.000000,257.790850,2.348907
files/p43.atsp,0.100000,191.000000,258.038961,2.364033
files/p43.atsp,0.100000,191.000000,258.148387,2.376240
files/p43.atsp,0.100000,191.000000,258.570513,2.387390
files/p43.atsp,0.100000,191.000000,258.554140,2.406763
files/p43.atsp,0.100000,191.000000,258.518987,2.420510
files/p43.atsp,0.100000,191.000000,258.798742,2.438245
files/p43.atsp,0.100000,191.000000,258.531250,2.451977
files/p43.atsp,0.100000,191.000000,258.360248,2.464886
files/p43.atsp,0.100000,191.000000,258.320988,2.475715
files/p43.atsp,0.100000,191.000000,258.472393,2.489142
files/p43.atsp,0.100000,191.000000,258.463415,2.504088
files/p43.atsp,0.100000,191.000000,258.818182,2.522526
files/p43.atsp,0.100000,191.000000,259.036145,2.533421
files/p43.atsp,0.100000,191.000000,258.982036,2.548310
files/p43.atsp,0.100000,191.000000,259.446429,2.565946
files/p43.atsp,0.100000,191.000000,259.431953,2.582140
files/p43.atsp,0.100000,191.000000,259.388235,2.594857
files/p43.atsp,0.100000,191.000000,259.122807,2.611822
files/p43.atsp,0.100000,191.000000,259.267442,2.624211
files/p43.atsp,0.100000,191.000000,259.751445,2.637787
files/p43.atsp,0.100000,191.000000,259.494253,2.651016
files/p43.atsp,0.100000,191.000000,259.302857,2.667491
files/p43.atsp,0.100000,191.000000,259.568182,2.682273
files/p43.atsp,0.100000,191.000000,259.367232,2.693010
files/p43.atsp,0.100000,191.000000,259.438202,2.708912
files/p43.atsp,0.100000,191.000000,259.659218,2.722849
files/p43.atsp,0.100000,191.000000,259.788889,2.740645
files/p43.atsp,0.100000,191.000000,259.779006,2.756176
files/p43.atsp,0.100000,191.000000,259.829670,2.771756
files/p43.atsp,0.100000,191.000000,259.939891,2.787635
files/p43.atsp,0.100000,191.000000,259.755435,2.801639
files/p43.atsp,0.100000,191.000000,259.816216,2.814456
files/p43.atsp,0.100000,191.000000,260.010753,2.826178
files/p43.atsp,0.100000,191.000000,259.850267,2.841994
files/p43.atsp,0.100000,191.000000,259.585106,2.854708
files/p43.atsp,0.100000,191.000000,259.666667,2.866418
files/p43.atsp,0.100000,191.000000,260.094737,2.879292
files/p43.atsp,0.100000,191.000000,260.062827,2.894458
files/p43.atsp,0.100000,191.000000,259.864583,2.911197
files/p43.atsp,0.100000,191.000000,260.129534,2.926356
files/p43.atsp,0.100000,191.000000,260.164948,2.939681
files/p43.atsp,0.100000,191.000000,260.046154,2.956839
files/p43.atsp,0.100000,191.000000,260.040816,2.974419
files/p43.atsp,0.100000,191.000000,259.705584,2.985956
files/p43.atsp,0.100000,191.000000,259.378788,3.004731
files/p43.atsp,0.100000,191.000000,259.316583,3.020720
files/p43.atsp,0.100000,191.000000,259.240000,3.035476
files/p43.atsp,0.100000,191.000000,259.064677,3.048655
files/p43.atsp,0.100000,191.000000,259.069307,3.069462
files/p43.atsp,0.100000,191.000000,259.266010,3.091326
files/p43.atsp,0.100000,191.000000,259.049020,3.105730
files/p43.atsp,0.100000,191.000000,259.131707,3.120848
files/p43.atsp,0.100000,191.000000,258.975728,3.131294
files/p43.atsp,0.100000,191.000000,258.797101,3.148258
files/p43.atsp,0.100000,191.000000,259.043269,3.158519
files/p43.atsp,0.100000,191.000000,259.358852,3.167209
files/p43.atsp,0.100000,191.000000,259.342857,3.180945
files/p43.atsp,0.100000,191.000000,259.464455,3.194828
files/p43.atsp,0.100000,191.000000,259.268868,3.208912
files/p43.atsp,0.100000,191.000000,259.413146,3.221035
files/p43.atsp,0.100000,191.000000,259.873832,3.234426
files/p43.atsp,0.100000,191.000000,259.888372,3.248418
files/p43.atsp,0.100000,191.000000,259.949074,3.267236
files/p43.atsp,0.100000,191.000000,259.783410,3.285643
files/p43.atsp,0.100000,191.000000,259.775229,3.299779
files/p43.atsp,0.100000,191.000000,259.894977,3.320370
files/p43.atsp,0.100000,191.000000,259.959091,3.335313
files/p43.atsp,0.100000,191.000000,259.841629,3.352332
files/p43.atsp,0.100000,191.000000,259.752252,3.367240
files/p43.atsp,0.100000,191.000000,259.753363,3.383255
files/p43.atsp,0.100000,191.000000,259.848214,3.399571
files/p43.atsp,0.100000,191.000000,259.942222,3.413068
files/p43.atsp,0.100000,191.000000,259.907080,3.427069
files/p43.atsp,0.100000,191.000000,260.132159,3.441020
files/p43.atsp,0.100000,191.000000,260.127193,3.453136
files/p43.atsp,0.100000,191.000000,260.144105,3.467316
files/p43.atsp,0.100000,191.000000,259.865217,3.485373
files/p43.atsp,0.100000,191.000000,259.714286,3.500679
files/p43.atsp,0.100000,169.000000,259.323276,3.521536
files/p43.atsp,0.100000,169.000000,259.270386,3.539233
files/p43.atsp,0.100000,169.000000,259.564103,3.554531
files/p43.atsp,0.100000,169.000000,259.434043,3.567354
files/p43.atsp,0.100000,169.000000,259.733051,3.580499
files/p43.atsp,0.100000,169.000000,259.611814,3.594784
files/p43.atsp,0.100000,169.000000,259.525210,3.606873
files/p43.atsp,0.100000,169.000000,259.338912,3.620459
files/p43.atsp,0.100000,169.000000,259.300000,3.639200
files/p43.atsp,0.100000,169.000000,259.199170,3.660398
files/p43.atsp,0.100000,169.000000,259.041322,3.672250
files/p43.atsp,0.100000,169.000000,258.950617,3.689129
files/p43.atsp,0.100000,169.000000,259.151639,3.701669
files/p43.atsp,0.100000,169.000000,259.036735,3.721339
files/p43.atsp,0.100000,169.000000,258.975610,3.736389
files/p43.atsp,0.100000,169.000000,259.036437,3.748864
files/p43.atsp,0.100000,169.000000,258.963710,3.768611
files/p43.atsp,0.100000,169.000000,258.767068,3.784617
files/p43.atsp,0.100000,169.000000,258.920000,3.798286
files/p43.atsp,0.100000,169.000000,258.745020,3.815651
files/p43.atsp,0.100000,169.000000,258.599206,3.828547
files/p43.atsp,0.100000,169.000000,258.620553,3.844068
files/p43.atsp,0.100000,169.000000,258.728346,3.857018
files/p43.atsp,0.100000,169.000000,258.654902,3.872095
files/p43.atsp,0.100000,169.000000,258.433594,3.886202
files/p43.atsp,0.100000,169.000000,258.439689,3.906133
files/p43.atsp,0.100000,169.000000,258.531008,3.919884
files/p43.atsp,0.100000,169.000000,258.528958,3.946165
files/p43.atsp,0.100000,169.000000,258.530769,3.957738
files/p43.atsp,0.100000,169.000000,258.402299,3.973383
files/p43.atsp,0.100000,169.000000,258.320611,3.990215
files/p43.atsp,0.100000,169.000000,258.197719,4.001873
files/p43.atsp,0.100000,169.000000,258.132576,4.017551
files/p43.atsp,0.100000,169.000000,258.083019,4.031455
files/p43.atsp,0.100000,169.000000,258.105263,4.046665
files/p43.atsp,0.100000,169.000000,258.071161,4.063970
files/p43.atsp,0.100000,169.000000,258.048507,4.081816
files/p43.atsp,0.100000,169.000000,257.914498,4.096029
files/p43.atsp,0.100000,169.000000,257.922222,4.112752
files/p43.atsp,0.100000,169.000000,257.955720,4.127349
files/p43.atsp,0.100000,169.000000,258.091912,4.138469
files/p43.atsp,0.100000,169.000000,258.076923,4.154361
files/p43.atsp,0.100000,169.000000,258.076642,4.168131
files/p43.atsp,0.100000,169.000000,258.189091,4.179311
files/p43.atsp,0.100000,169.000000,258.148551,4.201219
files/p43.atsp,0.100000,169.000000,258.314079,4.218890
files/p43.atsp,0.100000,169.000000,258.399281,4.235147
files/p43.atsp,0.100000,169.000000,258.401434,4.248297
files/p43.atsp,0.100000,169.000000,258.550000,4.263350
files/p43.atsp,0.100000,169.000000,258.551601,4.276694
files/p43.atsp,0.100000,169.000000,258.599291,4.289416
files/p43.atsp,0.100000,169.000000,258.628975,4.300411
files/p43.atsp,0.100000,169.000000,258.658451,4.312466
files/p43.atsp,0.100000,169.000000,258.701754,4.323092
files/p43.atsp,0.100000,169.000000,258.653846,4.339815
files/p43.atsp,0.100000,169.000000,258.547038,4.354224
files/p43.atsp,0.100000,169.000000,258.506944,4.368692
files/p43.atsp,0.100000,169.000000,258.515571,4.384423
files/p43.atsp,0.100000,169.000000,258.510345,4.404313
files/p43.atsp,0.100000,169.000000,258.350515,4.416005
files/p43.atsp,0.100000,169.000000,258.246575,4.432491
files/p43.atsp,0.100000,169.000000,258.122867,4.450201
files/p43.atsp,0.100000,169.000000,258.047619,4.466954
files/p43.atsp,0.100000,169.000000,257.983051,4.479684
files/p43.atsp,0.100000,169.000000,257.908784,4.496745
files/p43.atsp,0.100000,169.000000,257.878788,4.511252
files/p43.atsp,0.100000,169.000000,257.822148,4.525874
files/p43.atsp,0.100000,169.000000,257.812709,4.540499
files/p43.atsp,0.100000,169.000000,257.760000,4.553843
files/p43.atsp,0.100000,169.000000,257.767442,4.568121
files/p43.atsp,0.100000,169.000000,257.708609,4.582771
files/p43.atsp,0.100000,169.000000,257.679868,4.598025
files/p43.atsp,0.100000,169.000000,257.802632,4.608582
files/p43.atsp,0.100000,169.000000,257.760656,4.625424
files/p43.atsp,0.100000,169.000000,258.101307,4.638511
files/p43.atsp,0.100000,169.000000,258.133550,4.656341
files/p43.atsp,0.100000,169.000000,258.198052,4.670394
files/p43.atsp,0.100000,169.000000,258.252427,4.693414
files/p43.atsp,0.100000,169.000000,258.151613,4.709278
files/p43.atsp,0.100000,169.000000,258.176849,4.727373
files/p43.atsp,0.100000,169.000000,258.092949,4.744574
files/p43.atsp,0.100000,169.000000,258.153355,4.754577
files/p43.atsp,0.100000,169.000000,257.901274,4.770264
files/p43.atsp,0.100000,169.000000,257.850794,4.783679
files/p43.atsp,0.100000,169.000000,257.958861,4.797462
files/p43.atsp,0.100000,169.000000,258.126183,4.812064
files/p43.atsp,0.100000,169.000000,258.169811,4.827367
files/p43.atsp,0.100000,169.000000,258.288401,4.844542
files/p43.atsp,0.100000,169.000000,258.365625,4.856096
files/p43.atsp,0.100000,169.000000,258.361371,4.872611
files/p43.atsp,0.100000,169.000000,258.335404,4.885831
files/p43.atsp,0.100000,169.000000,258.352941,4.899444
files/p43.atsp,0.100000,169.000000,258.441358,4.910296
files/p43.atsp,0.100000,169.000000,258.461538,4.924287
files/p43.atsp,0.100000,169.000000,258.312883,4.941388
files/p43.atsp,0.100000,169.000000,258.220183,4.951070
files/p43.atsp,0.100000,169.000000,258.375000,4.964890
files/p43.atsp,0.100000,169.000000,258.331307,4.983488
files/p43.atsp,0.100000,169.000000,258.096970,5.002430
files/p43.atsp,0.100000,169.000000,258.208459,5.014900
files/p43.atsp,0.100000,169.000000,258.156627,5.027945
files/p43.atsp,0.100000,169.000000,258.201201,5.042590
files/p43.atsp,0.100000,169.000000,258.131737,5.061027
files/p43.atsp,0.100000,169.000000,258.202985,5.078011
files/p43.atsp,0.100000,169.000000,258.178571,5.091651
files/p43.atsp,0.100000,169.000000,258.311573,5.104793
files/p43.atsp,0.100000,169.000000,258.298817,5.118910
files/p43.atsp,0.100000,169.000000,258.377581,5.137736
files/p43.atsp,0.100000,169.000000,258.476471,5.154454
files/p43.atsp,0.100000,169.000000,258.375367,5.170066
files/p43.atsp,0.100000,169.000000,258.304094,5.181913
files/p43.atsp,0.100000,169.000000,258.341108,5.207238
files/p43.atsp,0.100000,169.000000,258.375000,5.221576
files/p43.atsp,0.100000,169.000000,258.475362,5.234227
files/p43.atsp,0.100000,169.000000,258.491329,5.245613
files/p43.atsp,0.100000,169.000000,258.423631,5.261464
files/p43.atsp,0.100000,169.000000,258.454023,5.276432
files/p43.atsp,0.100000,169.000000,258.547278,5.290258
files/p43.atsp,0.100000,169.000000,258.517143,5.302616
files/p43.atsp,0.100000,169.000000,258.680912,5.314692
files/p43.atsp,0.100000,169.000000,258.738636,5.327064
files/p43.atsp,0.100000,169.000000,258.654391,5.342066
files/p43.atsp,0.100000,169.000000,258.683616,5.356537
files/p43.atsp,0.100000,169.000000,258.543662,5.372970
files/p43.atsp,0.100000,169.000000,258.662921,5.387793
files/p43.atsp,0.100000,169.000000,258.537815,5.402401
files/p43.atsp,0.100000,169.000000,258.743017,5.420408
files/p43.atsp,0.100000,169.000000,258.763231,5.435802
files/p43.atsp,0.100000,169.000000,258.708333,5.451222
files/p43.atsp,0.100000,169.000000,258.642659,5.469295
files/p43.atsp,0.100000,169.000000,258.665746,5.486501
files/p43.atsp,0.100000,169.000000,258.666667,5.504742
files/p43.atsp,0.100000,169.000000,258.678571,5.519190
files/p43.atsp,0.100000,169.000000,258.684932,5.532235
files/p43.atsp,0.100000,169.000000,258.683060,5.546984
files/p43.atsp,0.100000,169.000000,258.795640,5.562468
files/p43.atsp,0.100000,169.000000,258.907609,5.579718
files/p43.atsp,0.100000,169.000000,258.934959,5.596348
files/p43.atsp,0.100000,169.000000,259.048649,5.615897
files/p43.atsp,0.100000,169.000000,259.061995,5.631077
files/p43.atsp,0.100000,169.000000,258.905914,5.651569
files/p43.atsp,0.100000,169.000000,258.973190,5.666638
files/p43.atsp,0.100000,169.000000,259.160428,5.680669
files/p43.atsp,0.100000,169.000000,259.008000,5.697793
files/p43.atsp,0.100000,169.000000,259.053191,5.711718
files/p43.atsp,0.100000,169.000000,259.156499,5.726677
files/p43.atsp,0.100000,169.000000,259.219577,5.742400
files/p43.atsp,0.100000,169.000000,259.160950,5.755464
files/p43.atsp,0.100000,169.000000,259.063158,5.776303
files/p43.atsp,0.100000,169.000000,259.094488,5.793149
files/p43.atsp,0.100000,169.000000,259.149215,5.806444
files/p43.atsp,0.100000,169.000000,259.203655,5.822861
files/p43.atsp,0.100000,169.000000,259.130208,5.838263
files/p43.atsp,0.100000,169.000000,259.007792,5.852561
files/p43.atsp,0.100000,169.000000,259.189119,5.864942
files/p43.atsp,0.100000,169.000000,259.142119,5.877493
files/p43.atsp,0.100000,169.000000,259.028351,5.892170
files/p43.atsp,0.100000,169.000000,258.989717,5.906029
files/p43.atsp,0.100000,169.000000,258.994872,5.923010
files/p43.atsp,0.100000,169.000000,259.017903,5.940277
files/p43.atsp,0.100000,169.000000,259.005102,5.958383
files/p43.atsp,0.100000,169.000000,258.877863,5.972925
files/p43.atsp,0.100000,169.000000,258.832487,5.989501
files/p43.atsp,0.100000,169.000000,258.744304,6.015920
files/p43.atsp,0.100000,169.000000,258.929293,6.034180
files/p43.atsp,0.100000,169.000000,258.901763,6.053346
files/p43.atsp,0.100000,169.000000,258.959799,6.068777
files/p43.atsp,0.100000,169.000000,258.817043,6.083368
files/p43.atsp,0.100000,169.000000,258.647500,6.098793
files/p43.atsp,0.100000,169.000000,258.700748,6.111605
files/p43.atsp,0.100000,169.000000,258.823383,6.127451
files/p43.atsp,0.100000,169.000000,258.893300,6.144025
files/p43.atsp,0.100000,169.000000,259.012376,6.157173
files/p43.atsp,0.100000,169.000000,258.958025,6.170835
files/p43.atsp,0.100000,169.000000,259.150246,6.183804
files/p43.atsp,0.100000,169.000000,259.157248,6.197300
files/p43.atsp,0.100000,169.000000,259.257353,6.210928
files/p43.atsp,0.100000,169.000000,259.337408,6.226209
files/p43.atsp,0.100000,169.000000,259.470732,6.240024
files/p43.atsp,0.100000,169.000000,259.510949,6.252463
files/p43.atsp,0.100000,169.000000,259.512136,6.265829
files/p43.atsp,0.100000,169.000000,259.375303,6.284096
files/p43.atsp,0.100000,169.000000,259.480676,6.297929
files/p43.atsp,0.100000,169.000000,259.460241,6.311407
files/p43.atsp,0.100000,169.000000,259.473558,6.330165
files/p43.atsp,0.100000,169.000000,259.438849,6.340441
files/p43.atsp,0.100000,169.000000,259.483254,6.359081
files/p43.atsp,0.100000,169.000000,259.374702,6.374700
files/p43.atsp,0.100000,169.000000,259.438095,6.385548
files/p43.atsp,0.100000,169.000000,259.546318,6.398873
files/p43.atsp,0.100000,169.000000,259.727488,6.411562
files/p43.atsp,0.100000,169.000000,259.588652,6.426057
files/p43.atsp,0.100000,169.000000,259.488208,6.440122
files/p43.atsp,0.100000,169.000000,259.517647,6.453110
files/p43.atsp,0.100000,169.000000,259.462441,6.467188
files/p43.atsp,0.100000,169.000000,259.426230,6.482379
files/p43.atsp,0.100000,169.000000,259.469626,6.496501
files/p43.atsp,0.100000,169.000000,259.426573,6.516656
files/p43.atsp,0.100000,169.000000,259.434884,6.527104
files/p43.atsp,0.100000,169.000000,259.419954,6.544906
files/p43.atsp,0.100000,169.000000,259.518519,6.559609
files/p43.atsp,0.100000,169.000000,259.385681,6.572011
files/p43.atsp,0.100000,169.000000,259.389401,6.585759
files/p43.atsp,0.100000,169.000000,259.491954,6.599560
files/p43.atsp,0.100000,169.000000,259.403670,6.618306
files/p43.atsp,0.100000,169.000000,259.231121,6.631904
files/p43.atsp,0.100000,169.000000,259.205479,6.647128
files/p43.atsp,0.100000,169.000000,259.161731,6.666277
files/p43.atsp,0.100000,169.000000,259.197727,6.682387
files/p43.atsp,0.100000,169.000000,259.287982,6.694930
files/p43.atsp,0.100000,169.000000,259.278281,6.709427
files/p43.atsp,0.100000,169.000000,259.343115,6.721644
files/p43.atsp,0.100000,169.000000,259.295045,6.730563
files/p43.atsp,0.100000,169.000000,259.469663,6.744734
files/p43.atsp,0.100000,169.000000,259.450673,6.760827
files/p43.atsp,0.100000,169.000000,259.557047,6.773289
files/p43.atsp,0.100000,169.000000,259.520089,6.793588
files/p43.atsp,0.100000,169.000000,259.436526,6.811419
files/p43.atsp,0.100000,169.000000,259.495556,6.825540
files/p43.atsp,0.100000,169.000000,259.516630,6.842339
files/p43.atsp,0.100000,169.000000,259.621681,6.857880
files/p43.atsp,0.100000,169.000000,259.558499,6.870672
files/p43.atsp,0.100000,169.000000,259.550661,6.890356
files/p43.atsp,0.100000,169.000000,259.586813,6.908240
files/p43.atsp,0.100000,169.000000,259.572368,6.926599
files/p43.atsp,0.100000,169.000000,259.422319,6.943507
files/p43.atsp,0.100000,169.000000,259.465066,6.959855
files/p43.atsp,0.100000,169.000000,259.596950,6.974708
files/p43.atsp,0.100000,169.000000,259.536957,6.991872
files/p43.atsp,0.100000,169.000000,259.494577,7.000719
files/p43.atsp,0.100000,169.000000,259.389610,7.011382
files/p43.atsp,0.100000,169.000000,259.365011,7.028714
files/p43.atsp,0.100000,169.000000,259.370690,7.045711
files/p43.atsp,0.100000,169.000000,259.645161,7.056548
files/p43.atsp,0.100000,169.000000,259.626609,7.069326
files/p43.atsp,0.100000,169.000000,259.565310,7.083815
files/p43.atsp,0.100000,169.000000,259.647436,7.103390
files/p43.atsp,0.100000,169.000000,259.637527,7.115030
files/p43.atsp,0.100000,169.000000,259.670213,7.126445
files/p43.atsp,0.100000,169.000000,259.656051,7.140287
files/p43.atsp,0.100000,169.000000,259.652542,7.154702
files/p43.atsp,0.100000,169.000000,259.613108,7.168421
files/p43.atsp,0.100000,169.000000,259.622363,7.185260
files/p43.atsp,0.100000,169.000000,259.551579,7.200131
files/p43.atsp,0.100000,169.000000,259.533613,7.216391
files/p43.atsp,0.100000,169.000000,259.582809,7.231378
files/p43.atsp,0.100000,169.000000,259.502092,7.247495
files/p43.atsp,0.100000,169.000000,259.609603,7.260382
files/p43.atsp,0.100000,169.000000,259.608333,7.273239
files/p43.atsp,0.100000,169.000000,259.794179,7.287974
files/p43.atsp,0.100000,169.000000,259.726141,7.302763
files/p43.atsp,0.100000,169.000000,259.720497,7.314742
files/p43.atsp,0.100000,169.000000,259.741736,7.329587
files/p43.atsp,0.100000,169.000000,259.620619,7.343338
files/p43.atsp,0.100000,169.000000,259.609053,7.358346
files/p43.atsp,0.100000,169.000000,259.644764,7.371741
files/p43.atsp,0.100000,169.000000,259.665984,7.385636
files/p43.atsp,0.100000,169.000000,259.666667,7.400234
files/p43.atsp,0.100000,169.000000,259.638776,7.413998
files/p43.atsp,0.100000,169.000000,259.879837,7.427166
files/p43.atsp,0.100000,169.000000,259.957317,7.439266
files/p43.atsp,0.100000,169.000000,260.048682,7.456357
files/p43.atsp,0.100000,169.000000,260.097166,7.469288
files/p43.atsp,0.100000,169.000000,260.004040,7.484762
files/p43.atsp,0.100000,169.000000,260.032258,7.497756
files/p43.atsp,0.100000,169.000000,259.985915,7.512903
files/p43.atsp,0.100000,169.000000,260.008032,7.527062
files/p43.atsp,0.100000,169.000000,259.959920,7.543545
files/p43.atsp,0.100000,169.000000,260.004000,7.564547
files/p43.atsp,0.100000,169.000000,260.063872,7.585510
files/p43.atsp,0.100000,169.000000,259.922311,7.599254
files/p43.atsp,0.100000,169.000000,259.888668,7.613969
files/p43.atsp,0.100000,169.000000,259.815476,7.631399
files/p43.atsp,0.100000,169.000000,259.750495,7.648439
files/p43.atsp,0.100000,169.000000,259.790514,7.671452
files/p43.atsp,0.100000,169.000000,259.739645,7.685634
files/p43.atsp,0.100000,169.000000,259.759843,7.701998
files/p43.atsp,0.100000,169.000000,259.768173,7.718295
files/p43.atsp,0.100000,169.000000,259.737255,7.729501
files/p43.atsp,0.100000,169.000000,259.704501,7.744933
files/p43.atsp,0.100000,169.000000,259.689453,7.759888
files/p43.atsp,0.100000,169.000000,259.690058,7.770036
files/p43.atsp,0.100000,169.000000,259.595331,7.780830
files/p43.atsp,0.100000,169.000000,259.582524,7.797975
files/p43.atsp,0.100000,169.000000,259.550388,7.811135
files/p43.atsp,0.100000,169.000000,259.506770,7.828766
files/p43.atsp,0.100000,169.000000,259.476834,7.842105
files/p43.atsp,0.100000,169.000000,259.491329,7.858107
files/p43.atsp,0.100000,169.000000,259.423077,7.874164
files/p43.atsp,0.100000,169.000000,259.554702,7.888542
files/p43.atsp,0.100000,169.000000,259.515326,7.903388
files/p43.atsp,0.100000,169.000000,259.648184,7.918561
files/p43.atsp,0.100000,169.000000,259.583969,7.929665
files/p43.atsp,0.100000,169.000000,259.580952,7.943797
files/p43.atsp,0.100000,169.000000,259.545627,7.961710
files/p43.atsp,0.100000,169.000000,259.491461,7.976538
files/p43.atsp,0.100000,169.000000,259.445076,7.991106
files/p43.atsp,0.100000,169.000000,259.451796,8.006706
files/p43.atsp,0.100000,169.000000,259.392453,8.021101
files/p43.atsp,0.100000,169.000000,259.316384,8.038233
files/p43.atsp,0.100000,169.000000,259.240602,8.053681
files/p43.atsp,0.100000,169.000000,259.255159,8.067040
files/p43.atsp,0.100000,169.000000,259.179775,8.086275
files/p43.atsp,0.100000,169.000000,259.250467,8.102689
files/p43.atsp,0.100000,169.000000,259.274254,8.114341
files/p43.atsp,0.100000,169.000000,259.303538,8.130777
files/p43.atsp,0.100000,169.000000,259.232342,8.144774
files/p43.atsp,0.100000,169.000000,259.231911,8.155932
files/p43.atsp,0.100000,169.000000,259.250000,8.166335
files/p43.atsp,0.100000,169.000000,259.308688,8.183250
files/p43.atsp,0.100000,169.000000,259.291513,8.195893
files/p43.atsp,0.100000,169.000000,259.298343,8.208788
files/p43.atsp,0.100000,169.000000,259.264706,8.221570
files/p43.atsp,0.100000,169.000000,259.269725,8.239351
files/p43.atsp,0.100000,169.000000,259.249084,8.255158
files/p43.atsp,0.100000,169.000000,259.277879,8.266932
files/p43.atsp,0.100000,169.000000,259.326642,8.275778
files/p43.atsp,0.100000,169.000000,259.438980,8.291139
files/p43.atsp,0.100000,169.000000,259.392727,8.304824
files/p43.atsp,0.100000,169.000000,259.375681,8.317059
files/p43.atsp,0.100000,169.000000,259.487319,8.335875
files/p43.atsp,0.100000,169.000000,259.600362,8.349718
files/p43.atsp,0.100000,169.000000,259.555957,8.365554
files/p43.atsp,0.100000,169.000000,259.553153,8.382286
files/p43.atsp,0.100000,169.000000,259.678058,8.397866
files/p43.atsp,0.100000,169.000000,259.594255,8.413218
files/p43.atsp,0.100000,169.000000,259.578853,8.431238
files/p43.atsp,0.100000,169.000000,259.644007,8.445017
files/p43.atsp,0.100000,169.000000,259.601786,8.466104
files/p43.atsp,0.100000,169.000000,259.634581,8.475898
files/p43.atsp,0.100000,169.000000,259.741993,8.490953
files/p43.atsp,0.100000,169.000000,259.788632,8.507760
files/p43.atsp,0.100000,169.000000,259.686170,8.524034
files/p43.atsp,0.100000,169.000000,259.615929,8.541664
files/p43.atsp,0.100000,169.000000,259.515901,8.557372
files/p43.atsp,0.100000,169.000000,259.587302,8.569247
files/p43.atsp,0.100000,169.000000,259.565141,8.585108
files/p43.atsp,0.100000,169.000000,259.574692,8.608616
files/p43.atsp,0.100000,169.000000,259.622807,8.621617
files/p43.atsp,0.100000,169.000000,259.746060,8.639943
files/p43.atsp,0.100000,169.000000,259.755245,8.660295
files/p43.atsp,0.100000,169.000000,259.739965,8.676575
files/p43.atsp,0.100000,169.000000,259.693380,8.690988
files/p43.atsp,0.100000,169.000000,259.681739,8.704538
files/p43.atsp,0.100000,169.000000,259.666667,8.718134
files/p43.atsp,0.100000,169.000000,259.675910,8.732277
files/p43.atsp,0.100000,169.000000,259.688581,8.744229
files/p43.atsp,0.100000,169.000000,259.639033,8.761728
files/p43.atsp,0.100000,169.000000,259.589655,8.779320
files/p43.atsp,0.100000,169.000000,259.581756,8.795071
files/p43.atsp,0.100000,169.000000,259.634021,8.813141
files/p43.atsp,0.100000,169.000000,259.687822,8.822588
files/p43.atsp,0.100000,169.000000,259.613014,8.838808
files/p43.atsp,0.100000,169.000000,259.651282,8.853245
files/p43.atsp,0.100000,169.000000,259.631399,8.873868
files/p43.atsp,0.100000,169.000000,259.683135,8.886593
files/p43.atsp,0.100000,169.000000,259.600340,8.904912
files/p43.atsp,0.100000,169.000000,259.609508,8.917558
files/p43.atsp,0.100000,169.000000,259.672881,8.931448
files/p43.atsp,0.100000,169.000000,259.727580,8.943939
files/p43.atsp,0.100000,169.000000,259.660473,8.955483
files/p43.atsp,0.100000,169.000000,259.615514,8.972815
files/p43.atsp,0.100000,169.000000,259.590909,8.984728
files/p43.atsp,0.100000,169.000000,259.623529,8.998455
files/p43.atsp,0.100000,169.000000,259.639262,9.013723
files/p43.atsp,0.100000,169.000000,259.591290,9.028159
files/p43.atsp,0.100000,169.000000,259.543478,9.041985
files/p43.atsp,0.100000,169.000000,259.514190,9.055852
files/p43.atsp,0.100000,169.000000,259.505000,9.071538
files/p43.atsp,0.100000,169.000000,259.495840,9.085578
files/p43.atsp,0.100000,169.000000,259.529900,9.096517
files/p43.atsp,0.100000,169.000000,259.568823,9.109663
files/p43.atsp,0.100000,169.000000,259.516556,9.124034
files/p43.atsp,0.100000,169.000000,259.489256,9.135101
files/p43.atsp,0.100000,169.000000,259.509901,9.155289
files/p43.atsp,0.100000,169.000000,259.438221,9.163942
files/p43.atsp,0.100000,169.000000,259.463816,9.180606
files/p43.atsp,0.100000,169.000000,259.423645,9.194898
files/p43.atsp,0.100000,169.000000,259.416393,9.211515
files/p43.atsp,0.100000,169.000000,259.360065,9.232735
files/p43.atsp,0.100000,169.000000,259.405229,9.248856
files/p43.atsp,0.100000,169.000000,259.350734,9.264075
files/p43.atsp,0.100000,169.000000,259.275244,9.286474
files/p43.atsp,0.100000,169.000000,259.203252,9.304062
files/p43.atsp,0.100000,169.000000,259.297078,9.318061
files/p43.atsp,0.100000,169.000000,259.583468,9.329705
files/p43.atsp,0.100000,169.000000,259.543689,9.345896
files/p43.atsp,0.100000,169.000000,259.550889,9.358509
files/p43.atsp,0.100000,169.000000,259.493548,9.374155
files/p43.atsp,0.100000,169.000000,259.462158,9.392934
files/p43.atsp,0.100000,169.000000,259.522508,9.412380
files/p43.atsp,0.100000,169.000000,259.478331,9.425800
files/p43.atsp,0.100000,169.000000,259.448718,9.445790
files/p43.atsp,0.100000,169.000000,259.572800,9.456299
files/p43.atsp,0.100000,169.000000,259.523962,9.470803
files/p43.atsp,0.100000,169.000000,259.500797,9.484045
files/p43.atsp,0.100000,169.000000,259.528662,9.501376
files/p43.atsp,0.100000,169.000000,259.594595,9.515973
files/p43.atsp,0.100000,169.000000,259.552381,9.535069
files/p43.atsp,0.100000,169.000000,259.515055,9.553516
files/p43.atsp,0.100000,169.000000,259.530063,9.575703
files/p43.atsp,0.100000,169.000000,259.443918,9.595270
files/p43.atsp,0.100000,169.000000,259.419558,9.610802
files/p43.atsp,0.100000,169.000000,259.418898,9.625305
files/p43.atsp,0.100000,169.000000,259.378931,9.644225
files/p43.atsp,0.100000,169.000000,259.298273,9.665339
files/p43.atsp,0.100000,169.000000,259.283699,9.679181
files/p43.atsp,0.100000,169.000000,259.273865,9.689456
files/p43.atsp,0.100000,169.000000,259.271875,9.706942
files/p43.atsp,0.100000,169.000000,259.202808,9.720321
files/p43.atsp,0.100000,169.000000,259.208723,9.733518
files/p43.atsp,0.100000,169.000000,259.205288,9.745646
files/p43.atsp,0.100000,169.000000,259.250000,9.763215
files/p43.atsp,0.100000,169.000000,259.240310,9.779904
files/p43.atsp,0.100000,169.000000,259.312693,9.789654
files/p43.atsp,0.100000,169.000000,259.293663,9.806508
files/p43.atsp,0.100000,169.000000,259.330247,9.822218
files/p43.atsp,0.100000,169.000000,259.272727,9.841195
files/p43.atsp,0.100000,169.000000,259.204615,9.857348
files/p43.atsp,0.100000,169.000000,259.231951,9.875064
files/p43.atsp,0.100000,169.000000,259.217791,9.892112
files/p43.atsp,0.100000,169.000000,259.241960,9.908200
files/p43.atsp,0.100000,169.000000,259.192661,9.922617
files/p43.atsp,0.100000,169.000000,259.193893,9.936138
files/p43.atsp,0.100000,169.000000,259.193598,9.948784
files/p43.atsp,0.100000,169.000000,259.226788,9.963185
files/p43.atsp,0.100000,169.000000,259.256839,9.978854
files/p43.atsp,0.100000,169.000000,259.270106,9.993243
files/p43.atsp,0.100000,169.000000,259.260606,10.009881
files/p43.atsp,0.100000,169.000000,259.245083,10.029191
files/p43.atsp,0.100000,169.000000,259.264350,10.045498
files/p43.atsp,0.100000,169.000000,259.304676,10.060306
files/p43.atsp,0.100000,169.000000,259.250000,10.078875
files/p43.atsp,0.100000,169.000000,259.260150,10.095267
files/p43.atsp,0.100000,169.000000,259.258258,10.112450
files/p43.atsp,0.100000,169.000000,259.292354,10.123029
files/p43.atsp,0.100000,169.000000,259.341317,10.134209
files/p43.atsp,0.100000,169.000000,259.346786,10.151555
files/p43.atsp,0.100000,169.000000,259.416418,10.168925
files/p43.atsp,0.100000,169.000000,259.459016,10.181918
files/p43.atsp,0.100000,169.000000,259.517857,10.197651
files/p43.atsp,0.100000,169.000000,259.526003,10.216652
files/p43.atsp,0.100000,169.000000,259.624629,10.228065
files/p43.atsp,0.100000,169.000000,259.571852,10.244291
files/p43.atsp,0.100000,169.000000,259.539941,10.258239
files/p43.atsp,0.100000,169.000000,259.543575,10.267252
files/p43.atsp,0.100000,169.000000,259.567847,10.284057
files/p43.atsp,0.100000,169.000000,259.555228,10.297050
files/p43.atsp,0.100000,169.000000,259.533824,10.310000
files/p43.atsp,0.100000,169.000000,259.587372,10.324695
files/p43.atsp,0.100000,169.000000,259.627566,10.336820
files/p43.atsp,0.100000,169.000000,259.663250,10.348069
files/p43.atsp,0.100000,169.000000,259.590643,10.365470
files/p43.atsp,0.100000,169.000000,259.640876,10.381557
files/p43.atsp,0.100000,169.000000,259.801749,10.392528
files/p43.atsp,0.100000,169.000000,259.818049,10.409646
files/p43.atsp,0.100000,169.000000,259.805233,10.428880
files/p43.atsp,0.100000,169.000000,259.760522,10.447126
files/p43.atsp,0.100000,169.000000,259.747826,10.462727
files/p43.atsp,0.100000,169.000000,259.761216,10.477969
files/p43.atsp,0.100000,169.000000,259.777457,10.492791
files/p43.atsp,0.100000,169.000000,259.822511,10.504642
files/p43.atsp,0.100000,169.000000,259.848703,10.523109
files/p43.atsp,0.100000,169.000000,259.848921,10.533112
files/p43.atsp,0.100000,169.000000,259.925287,10.546460
files/p43.atsp,0.100000,169.000000,259.997131,10.562830
files/p43.atsp,0.100000,169.000000,260.037249,10.575348
files/p43.atsp,0.100000,169.000000,259.985694,10.588778
files/p43.atsp,0.100000,169.000000,260.015714,10.606954
files/p43.atsp,0.100000,169.000000,259.947218,10.622847
files/p43.atsp,0.100000,169.000000,259.950142,10.635691
files/p43.atsp,0.100000,169.000000,260.054054,10.658873
files/p43.atsp,0.100000,169.000000,259.977273,10.677674
files/p43.atsp,0.100000,169.000000,259.951773,10.691373
files/p43.atsp,0.100000,169.000000,260.021246,10.706429
files/p43.atsp,0.100000,169.000000,260.042433,10.720444
files/p43.atsp,0.100000,169.000000,260.029661,10.734018
files/p43.atsp,0.100000,169.000000,260.014104,10.747240
files/p43.atsp,0.100000,169.000000,260.023944,10.759962
files/p43.atsp,0.100000,169.000000,260.033755,10.774948
files/p43.atsp,0.100000,169.000000,260.064607,10.789298
files/p43.atsp,0.100000,169.000000,260.133240,10.800034
files/p43.atsp,0.100000,169.000000,260.166667,10.814190
files/p43.atsp,0.100000,169.000000,260.153846,10.831843
files/p43.atsp,0.100000,169.000000,260.152235,10.849005
files/p43.atsp,0.100000,169.000000,260.168759,10.866653
files/p43.atsp,0.100000,169.000000,260.118384,10.878532
files/p43.atsp,0.100000,169.000000,260.079277,10.892785
files/p43.atsp,0.100000,169.000000,260.106944,10.908739
files/p43.atsp,0.100000,169.000000,260.110957,10.923683
files/p43.atsp,0.100000,169.000000,260.110803,10.939535
files/p43.atsp,0.100000,169.000000,260.070539,10.958127
files/p43.atsp,0.100000,169.000000,260.031768,10.973172
files/p43.atsp,0.100000,169.000000,260.117241,10.984145
files/p43.atsp,0.100000,169.000000,260.107438,10.997087
files/p43.atsp,0.100000,169.000000,260.092160,11.012779
files/p43.atsp,0.100000,169.000000,260.002747,11.034348
files/p43.atsp,0.100000,169.000000,260.058985,11.049246
files/p43.atsp,0.100000,169.000000,260.105479,11.063931
files/p43.atsp,0.100000,169.000000,260.072503,11.076151
files/p43.atsp,0.100000,169.000000,260.024590,11.099258
files/p43.atsp,0.100000,169.000000,259.939973,11.113668
files/p43.atsp,0.100000,169.000000,259.994550,11.127799
files/p43.atsp,0.100000,169.000000,259.944218,11.143998
files/p43.atsp,0.100000,169.000000,259.966033,11.160489
files/p43.atsp,0.100000,169.000000,260.001357,11.171955
files/p43.atsp,0.100000,169.000000,259.962060,11.186217
files/p43.atsp,0.100000,169.000000,259.976996,11.197275
files/p43.atsp,0.100000,169.000000,259.910811,11.210454
files/p43.atsp,0.100000,169.000000,259.856950,11.227349
files/p43.atsp,0.100000,169.000000,259.873315,11.241089
files/p43.atsp,0.100000,169.000000,259.853297,11.260497
files/p43.atsp,0.100000,169.000000,259.825269,11.275401
files/p43.atsp,0.100000,169.000000,259.817450,11.291433
files/p43.atsp,0.100000,169.000000,259.851206,11.306360
files/p43.atsp,0.100000,169.000000,259.895582,11.323037
files/p43.atsp,0.100000,169.000000,259.893048,11.335454
files/p43.atsp,0.100000,169.000000,260.010681,11.351130
files/p43.atsp,0.100000,169.000000,260.045333,11.359190
files/p43.atsp,0.100000,169.000000,260.089214,11.372611
files/p43.atsp,0.100000,169.000000,260.047872,11.386971
files/p43.atsp,0.100000,169.000000,260.027888,11.403197
files/p43.atsp,0.100000,169.000000,259.972149,11.421437
files/p43.atsp,0.100000,169.000000,260.086093,11.435889
files/p43.atsp,0.100000,169.000000,260.039683,11.448094
files/p43.atsp,0.100000,169.000000,260.117569,11.463749
files/p43.atsp,0.100000,169.000000,260.081794,11.475231
files/p43.atsp,0.100000,169.000000,260.100132,11.489068
files/p43.atsp,0.100000,169.000000,260.150000,11.505341
files/p43.atsp,0.100000,169.000000,260.194481,11.520668
files/p43.atsp,0.100000,169.000000,260.127297,11.537752
files/p43.atsp,0.100000,169.000000,260.040629,11.550413
files/p43.atsp,0.100000,169.000000,260.011780,11.564709
files/p43.atsp,0.100000,169.000000,260.045752,11.582221
files/p43.atsp,0.100000,169.000000,260.006527,11.592237
files/p43.atsp,0.100000,169.000000,260.044329,11.603242
files/p43.atsp,0.100000,169.000000,260.114583,11.621336
files/p43.atsp,0.100000,169.000000,260.124837,11.632342
files/p43.atsp,0.100000,169.000000,260.144156,11.642223
files/p43.atsp,0.100000,169.000000,260.095979,11.667891
files/p43.atsp,0.100000,169.000000,260.080311,11.681687
files/p43.atsp,0.100000,169.000000,260.041397,11.696379
files/p43.atsp,0.100000,169.000000,260.031008,11.707171
files/p43.atsp,0.100000,169.000000,260.121290,11.719622
files/p43.atsp,0.100000,169.000000,260.118557,11.735863
files/p43.atsp,0.100000,169.000000,260.069498,11.746720
files/p43.atsp,0.100000,169.000000,260.042416,11.763520
files/p43.atsp,0.100000,169.000000,260.051348,11.778809
files/p43.atsp,0.100000,169.000000,259.997436,11.796929
files/p43.atsp,0.100000,169.000000,259.988476,11.811944
files/p43.atsp,0.100000,169.000000,259.953964,11.829987
files/p43.atsp,0.100000,169.000000,259.939974,11.847273
files/p43.atsp,0.100000,169.000000,259.929847,11.862251
files/p43.atsp,0.100000,169.000000,259.889172,11.875279
files/p43.atsp,0.100000,169.000000,259.938931,11.891066
files/p43.atsp,0.100000,169.000000,259.983482,11.900764
files/p43.atsp,0.100000,169.000000,259.942893,11.920173
files/p43.atsp,0.100000,169.000000,259.984791,11.932584
files/p43.atsp,0.100000,169.000000,260.002532,11.948619
files/p43.atsp,0.100000,169.000000,260.016435,11.960013
files/p43.atsp,0.100000,169.000000,260.042929,11.975428
files/p43.atsp,0.100000,169.000000,260.036570,11.989894
files/p43.atsp,0.100000,169.000000,259.977330,12.004824
files/p43.atsp,0.100000,169.000000,259.971069,12.018312
files/p43.atsp,0.100000,169.000000,259.863065,12.034058
files/p43.atsp,0.100000,169.000000,259.898369,12.050420
files/p43.atsp,0.100000,169.000000,259.917293,12.066860
files/p43.atsp,0.100000,169.000000,259.873592,12.083944
files/p43.atsp,0.100000,169.000000,259.808750,12.092158
files/p43.atsp,0.100000,169.000000,259.760300,12.106443
files/p43.atsp,0.100000,169.000000,259.693267,12.125215
files/p43.atsp,0.100000,169.000000,259.663761,12.141904
files/p43.atsp,0.100000,169.000000,259.620647,12.158345
files/p43.atsp,0.100000,169.000000,259.568944,12.171849
files/p43.atsp,0.100000,169.000000,259.517370,12.191631
files/p43.atsp,0.100000,169.000000,259.504337,12.204862
files/p43.atsp,0.100000,169.000000,259.470297,12.217203
files/p43.atsp,0.100000,169.000000,259.462299,12.231623
files/p43.atsp,0.100000,169.000000,259.361728,12.244238
files/p43.atsp,0.100000,169.000000,259.411837,12.257342
files/p43.atsp,0.100000,169.000000,259.396552,12.276206
files/p43.atsp,0.100000,169.000000,259.432964,12.289698
files/p43.atsp,0.100000,169.000000,259.455774,12.306415
files/p43.atsp,0.100000,169.000000,259.450307,12.319616
files/p43.atsp,0.100000,169.000000,259.431373,12.330414
files/p43.atsp,0.100000,169.000000,259.345165,12.348002
files/p43.atsp,0.100000,169.000000,259.361858,12.359450
files/p43.atsp,0.100000,169.000000,259.448107,12.370604
files/p43.atsp,0.100000,169.000000,259.490244,12.387776
files/p43.atsp,0.100000,169.000000,259.512789,12.399958
files/p43.atsp,0.100000,169.000000,259.523114,12.411203
files/p43.atsp,0.100000,169.000000,259.495747,12.430237
files/p43.atsp,0.100000,169.000000,259.492718,12.443196
files/p43.atsp,0.100000,169.000000,259.496970,12.465307
files/p43.atsp,0.100000,169.000000,259.523002,12.479957
files/p43.atsp,0.100000,169.000000,259.480048,12.495057
files/p43.atsp,0.100000,169.000000,259.524155,12.513047
files/p43.atsp,0.100000,169.000000,259.481303,12.530275
files/p43.atsp,0.100000,169.000000,259.489157,12.543000
files/p43.atsp,0.100000,169.000000,259.478941,12.557575
files/p43.atsp,0.100000,169.000000,259.489183,12.571593
files/p43.atsp,0.100000,169.000000,259.441777,12.588019
files/p43.atsp,0.100000,169.000000,259.500000,12.603015
files/p43.atsp,0.100000,169.000000,259.462275,12.612495
files/p43.atsp,0.100000,169.000000,259.476077,12.626056
files/p43.atsp,0.100000,169.000000,259.481481,12.643187
files/p43.atsp,0.100000,169.000000,259.484487,12.662996
files/p43.atsp,0.100000,169.000000,259.493445,12.678872
files/p43.atsp,0.100000,169.000000,259.534524,12.691469
files/p43.atsp,0.100000,169.000000,259.549346,12.703970
files/p43.atsp,0.100000,169.000000,259.547506,12.716329
files/p43.atsp,0.100000,169.000000,259.493476,12.730351
files/p43.atsp,0.100000,169.000000,259.475118,12.742380
files/p43.atsp,0.100000,169.000000,259.493491,12.758078
files/p43.atsp,0.100000,169.000000,259.490544,12.773308
files/p43.atsp,0.100000,169.000000,259.455726,12.789665
files/p43.atsp,0.100000,169.000000,259.518868,12.799362
files/p43.atsp,0.100000,169.000000,259.480565,12.817518
files/p43.atsp,0.100000,169.000000,259.552941,12.829071
files/p43.atsp,0.100000,169.000000,259.576968,12.839885
files/p43.atsp,0.100000,169.000000,259.592723,12.854256
files/p43.atsp,0.100000,169.000000,259.706917,12.863925
files/p43.atsp,0.100000,169.000000,259.710773,12.880548
files/p43.atsp,0.100000,169.000000,259.753216,12.891363
files/p43.atsp,0.100000,169.000000,259.717290,12.910545
files/p43.atsp,0.100000,169.000000,259.744457,12.924969
files/p43.atsp,0.100000,169.000000,259.751748,12.939907
files/p43.atsp,0.100000,169.000000,259.817229,12.948363
files/p43.atsp,0.100000,169.000000,259.802326,12.966333
files/p43.atsp,0.100000,169.000000,259.839721,12.980132
files/p43.atsp,0.100000,169.000000,259.853828,12.999216
files/p43.atsp,0.100000,169.000000,259.915411,13.015587
files/p43.atsp,0.100000,169.000000,259.893519,13.026168
files/p43.atsp,0.100000,169.000000,259.906358,13.038083
files/p43.atsp,0.100000,169.000000,259.846420,13.056524
files/p43.atsp,0.100000,169.000000,259.892734,13.067488
files/p43.atsp,0.100000,169.000000,259.923963,13.080240
files/p43.atsp,0.100000,169.000000,259.915995,13.097137
files/p43.atsp,0.100000,169.000000,259.948276,13.113067
files/p43.atsp,0.100000,169.000000,259.920781,13.127372
files/p43.atsp,0.100000,169.000000,259.885321,13.137828
files/p43.atsp,0.100000,169.000000,260.021764,13.148809
files/p43.atsp,0.100000,169.000000,260.140732,13.162637
files/p43.atsp,0.100000,169.000000,260.073143,13.179095
files/p43.atsp,0.100000,169.000000,260.026256,13.194268
files/p43.atsp,0.100000,169.000000,260.022805,13.208994
files/p43.atsp,0.100000,169.000000,260.028474,13.227789
files/p43.atsp,0.100000,169.000000,260.054608,13.242735
files/p43.atsp,0.100000,169.000000,260.075000,13.259825
files/p43.atsp,0.100000,169.000000,260.101022,13.275762
files/p43.atsp,0.100000,169.000000,260.068027,13.290428
files/p43.atsp,0.100000,169.000000,260.000000,13.307320
files/p43.atsp,0.100000,169.000000,260.066742,13.322878
files/p43.atsp,0.100000,169.000000,260.081356,13.336801
files/p43.atsp,0.100000,169.000000,260.034989,13.347896
files/p43.atsp,0.100000,169.000000,260.045096,13.363980
files/p43.atsp,0.100000,169.000000,260.011261,13.374365
files/p43.atsp,0.100000,169.000000,260.004499,13.383888
files/p43.atsp,0.100000,169.000000,260.011236,13.395913
files/p43.atsp,0.100000,169.000000,260.006734,13.411492
files/p43.atsp,0.100000,169.000000,260.023543,13.431472
files/p43.atsp,0.100000,169.000000,260.007839,13.445459
files/p43.atsp,0.100000,169.000000,259.994407,13.466904
files/p43.atsp,0.100000,169.000000,260.003352,13.480104
files/p43.atsp,0.100000,169.000000,259.959821,13.490381
files/p43.atsp,0.100000,169.000000,259.995541,13.501826
files/p43.atsp,0.100000,169.000000,259.983296,13.517881
files/p43.atsp,0.100000,169.000000,259.991101,13.533006
files/p43.atsp,0.100000,169.000000,259.971111,13.546463
files/p43.atsp,0.100000,169.000000,259.957825,13.558931
files/p43.atsp,0.100000,169.000000,259.981153,13.571194
files/p43.atsp,0.100000,169.000000,260.012182,13.588833
files/p43.atsp,0.100000,169.000000,259.986726,13.605045
files/p43.atsp,0.100000,169.000000,259.992265,13.619990
files/p43.atsp,0.100000,169.000000,259.934879,13.638657
files/p43.atsp,0.100000,169.000000,259.945976,13.655326
files/p43.atsp,0.100000,169.000000,259.924009,13.676426
files/p43.atsp,0.100000,169.000000,259.905391,13.690853
files/p43.atsp,0.100000,169.000000,259.831868,13.711940
files/p43.atsp,0.100000,169.000000,259.963776,13.724364
files/p43.atsp,0.100000,169.000000,259.969298,13.743154
files/p43.atsp,0.100000,169.000000,259.980285,13.759739
files/p43.atsp,0.100000,169.000000,259.956236,13.771654
files/p43.atsp,0.100000,169.000000,259.900546,13.789113
files/p43.atsp,0.100000,169.000000,259.917031,13.804604
files/p43.atsp,0.100000,169.000000,259.880044,13.816218
files/p43.atsp,0.100000,169.000000,259.861656,13.831099
files/p43.atsp,0.100000,169.000000,259.929271,13.844182
files/p43.atsp,0.100000,169.000000,259.880435,13.862599
files/p43.atsp,0.100000,169.000000,259.882736,13.876307
files/p43.atsp,0.100000,169.000000,259.901302,13.888026
files/p43.atsp,0.100000,169.000000,259.869989,13.903855
files/p43.atsp,0.100000,169.000000,259.893939,13.918279
files/p43.atsp,0.100000,169.000000,259.929730,13.932911
files/p43.atsp,0.100000,169.000000,259.901728,13.943873
files/p43.atsp,0.100000,169.000000,259.927724,13.957869
files/p43.atsp,0.100000,169.000000,260.024784,13.971947
files/p43.atsp,0.100000,169.000000,260.054898,13.986680
files/p43.atsp,0.100000,169.000000,260.074194,14.006855
files/p43.atsp,0.100000,169.000000,260.120301,14.019956
files/p43.atsp,0.100000,169.000000,260.116953,14.034942
files/p43.atsp,0.100000,169.000000,260.170418,14.054932
files/p43.atsp,0.100000,169.000000,260.204497,14.069699
files/p43.atsp,0.100000,169.000000,260.271658,14.084038
files/p43.atsp,0.100000,169.000000,260.297009,14.097713
files/p43.atsp,0.100000,169.000000,260.293490,14.113295
files/p43.atsp,0.100000,169.000000,260.275053,14.126999
files/p43.atsp,0.100000,169.000000,260.259851,14.141048
files/p43.atsp,0.100000,169.000000,260.239362,14.161612
files/p43.atsp,0.100000,169.000000,260.221041,14.181107
files/p43.atsp,0.100000,169.000000,260.251592,14.190140
files/p43.atsp,0.100000,169.000000,260.244963,14.205266
files/p43.atsp,0.100000,169.000000,260.261653,14.218836
files/p43.atsp,0.100000,169.000000,260.235979,14.234224
files/p43.atsp,0.100000,169.000000,260.274841,14.251122
files/p43.atsp,0.100000,169.000000,260.246040,14.267385
files/p43.atsp,0.100000,169.000000,260.231013,14.279863
files/p43.atsp,0.100000,169.000000,260.306639,14.290227
files/p43.atsp,0.100000,169.000000,260.341053,14.304723
files/p43.atsp,0.100000,169.000000,260.490011,14.311578
files/p43.atsp,0.100000,169.000000,260.529412,14.327987
files/p43.atsp,0.100000,169.000000,260.539349,14.345203
files/p43.atsp,0.100000,169.000000,260.596436,14.361032
files/p43.atsp,0.100000,169.000000,260.619895,14.377670
files/p43.atsp,0.100000,169.000000,260.674686,14.397872
files/p43.atsp,0.100000,169.000000,260.668757,14.413808
files/p43.atsp,0.100000,169.000000,260.737996,14.426495
files/p43.atsp,0.100000,169.000000,260.760167,14.443948
files/p43.atsp,0.100000,169.000000,260.727083,14.459903
files/p43.atsp,0.100000,169.000000,260.711759,14.472078
files/p43.atsp,0.100000,169.000000,260.708940,14.487300
files/p43.atsp,0.100000,169.000000,260.696781,14.504959
files/p43.atsp,0.100000,169.000000,260.745851,14.513955
files/p43.atsp,0.100000,169.000000,260.769948,14.528086
files/p43.atsp,0.100000,169.000000,260.840580,14.544944
files/p43.atsp,0.100000,169.000000,260.802482,14.565671
files/p43.atsp,0.100000,169.000000,260.755165,14.582357
files/p43.atsp,0.100000,169.000000,260.789474,14.593586
files/p43.atsp,0.100000,169.000000,260.768041,14.606105
files/p43.atsp,0.100000,169.000000,260.770340,14.622772
files/p43.atsp,0.100000,169.000000,260.812757,14.635237
files/p43.atsp,0.100000,169.000000,260.795478,14.653889
files/p43.atsp,0.100000,169.000000,260.817248,14.673186
files/p43.atsp,0.100000,169.000000,260.845128,14.687116
files/p43.atsp,0.100000,169.000000,260.880123,14.699599
files/p43.atsp,0.100000,169.000000,260.862845,14.713431
files/p43.atsp,0.100000,169.000000,260.868098,14.730604
files/p43.atsp,0.100000,169.000000,260.858018,14.746286
files/p43.atsp,0.100000,169.000000,260.839796,14.759481
files/p43.atsp,0.100000,169.000000,260.820591,14.773624
files/p43.atsp,0.100000,169.000000,260.845214,14.792189
files/p43.atsp,0.100000,169.000000,260.878942,14.806104
files/p43.atsp,0.100000,169.000000,260.875000,14.829158
files/p43.atsp,0.100000,169.000000,260.894416,14.840183
files/p43.atsp,0.100000,169.000000,260.892495,14.854865
files/p43.atsp,0.100000,169.000000,260.944276,14.871910
files/p43.atsp,0.100000,169.000000,260.997976,14.887195
files/p43.atsp,0.100000,169.000000,260.983822,14.899230
files/p43.atsp,0.100000,169.000000,260.989899,14.915139
files/p43.atsp,0.100000,169.000000,260.981837,14.928277
files/p43.atsp,0.100000,169.000000,261.030242,14.945410
files/p43.atsp,0.100000,169.000000,260.998993,14.958406
files/p43.atsp,0.100000,169.000000,260.946680,14.969792
files/p43.atsp,0.100000,169.000000,260.973869,14.983927
files/p43.atsp,0.100000,169.000000,260.973896,15.000322
files/p43.atsp,0.100000,169.000000,260.909729,15.020641
files/p43.atsp,0.100000,169.000000,260.914830,15.038049
files/p43.atsp,0.100000,169.000000,260.913914,15.051890
files/p43.atsp,0.100000,169.000000,260.946000,15.062820
files/p43.atsp,0.100000,169.000000,260.965035,15.080024
files/p43.atsp,0.100000,169.000000,260.934132,15.098092
files/p43.atsp,0.100000,169.000000,260.943170,15.112111
files/p43.atsp,0.100000,169.000000,260.902390,15.131543
files/p43.atsp,0.100000,169.000000,260.883582,15.148069
files/p43.atsp,0.100000,169.000000,260.923459,15.164003
files/p43.atsp,0.100000,169.000000,260.961271,15.179165
files/p43.atsp,0.100000,169.000000,260.950397,15.193850
files/p43.atsp,0.100000,169.000000,260.954410,15.208432
files/p43.atsp,0.100000,169.000000,260.954455,15.221717
files/p43.atsp,0.100000,169.000000,260.970326,15.243333
files/p43.atsp,0.100000,169.000000,260.933794,15.258647
files/p43.atsp,0.100000,169.000000,260.964462,15.274023
files/p43.atsp,0.100000,169.000000,260.951677,15.288054
files/p43.atsp,0.100000,169.000000,260.893596,15.304521
files/p43.atsp,0.100000,169.000000,260.933071,15.317440
files/p43.atsp,0.100000,169.000000,260.954769,15.333815
files/p43.atsp,0.100000,169.000000,260.988212,15.351989
files/p43.atsp,0.100000,169.000000,260.969578,15.365947
files/p43.atsp,0.100000,169.000000,261.009804,15.382697
files/p43.atsp,0.100000,169.000000,260.974535,15.399443
files/p43.atsp,0.100000,169.000000,261.001957,15.409873
files/p43.atsp,0.100000,169.000000,260.984360,15.430599
files/p43.atsp,0.100000,169.000000,260.994141,15.445871
files/p43.atsp,0.100000,169.000000,260.964878,15.460230
files/p43.atsp,0.100000,169.000000,260.953216,15.475337
files/p43.atsp,0.100000,169.000000,261.009737,15.489987
files/p43.atsp,0.100000,169.000000,261.028210,15.504310
files/p43.atsp,0.100000,169.000000,261.062196,15.515429
files/p43.atsp,0.100000,169.000000,261.068932,15.532875
files/p43.atsp,0.100000,169.000000,261.020369,15.548637
files/p43.atsp,0.100000,169.000000,261.032946,15.565053
files/p43.atsp,0.100000,169.000000,261.011617,15.579432
files/p43.atsp,0.100000,169.000000,261.064797,15.594465
files/p43.atsp,0.100000,169.000000,261.106280,15.608747
files/p43.atsp,0.100000,169.000000,261.088803,15.627341
files/p43.atsp,0.100000,169.000000,261.086789,15.642227
files/p43.atsp,0.100000,169.000000,261.102119,15.655440
files/p43.atsp,0.100000,169.000000,261.057748,15.669126
files/p43.atsp,0.100000,169.000000,261.031731,15.687330
files/p43.atsp,0.100000,169.000000,261.095101,15.704359
files/p43.atsp,0.100000,169.000000,261.099808,15.725642
files/p43.atsp,0.100000,169.000000,261.106424,15.739535
files/p43.atsp,0.100000,169.000000,261.177203,15.752720
