files/p43.atsp,0.200000,371.000000,371.000000,0.023086
files/p43.atsp,0.200000,309.000000,340.000000,0.036003
files/p43.atsp,0.200000,309.000000,333.000000,0.052837
files/p43.atsp,0.200000,309.000000,334.500000,0.070934
files/p43.atsp,0.200000,309.000000,336.600000,0.082995
files/p43.atsp,0.200000,309.000000,342.000000,0.105565
files/p43.atsp,0.200000,253.000000,329.285714,0.122035
files/p43.atsp,0.200000,253.000000,323.500000,0.139449
files/p43.atsp,0.200000,253.000000,316.333333,0.153309
files/p43.atsp,0.200000,253.000000,331.900000,0.164123
files/p43.atsp,0.200000,253.000000,329.818182,0.175799
files/p43.atsp,0.200000,253.000000,335.166667,0.191153
files/p43.atsp,0.200000,253.000000,334.076923,0.208470
files/p43.atsp,0.200000,253.000000,336.857143,0.226584
files/p43.atsp,0.200000,253.000000,331.600000,0.241493
files/p43.atsp,0.200000,253.000000,329.812500,0.263184
files/p43.atsp,0.200000,253.000000,329.294118,0.275026
files/p43.atsp,0.200000,253.000000,331.166667,0.294888
files/p43.atsp,0.200000,253.000000,333.210526,0.312499
files/p43.atsp,0.200000,253.000000,333.900000,0.335846
files/p43.atsp,0.200000,253.000000,332.047619,0.349791
files/p43.atsp,0.200000,253.000000,333.272727,0.371153
files/p43.atsp,0.200000,253.000000,333.391304,0.392496
files/p43.atsp,0.200000,253.000000,331.166667,0.410368
files/p43.atsp,0.200000,253.000000,330.400000,0.428924
files/p43.atsp,0.200000,253.000000,328.884615,0.449071
files/p43.atsp,0.200000,253.000000,329.962963,0.469020
files/p43.atsp,0.200000,253.000000,332.107143,0.480016
files/p43.atsp,0.200000,253.000000,333.275862,0.499153
files/p43.atsp,0.200000,253.000000,333.600000,0.517462
files/p43.atsp,0.200000,253.000000,331.774194,0.529502
files/p43.atsp,0.200000,244.000000,329.031250,0.544701
files/p43.atsp,0.200000,244.000000,326.575758,0.557909
files/p43.atsp,0.200000,244.000000,328.529412,0.577784
files/p43.atsp,0.200000,244.000000,329.114286,0.594221
files/p43.atsp,0.200000,244.000000,327.861111,0.615690
files/p43.atsp,0.200000,244.000000,327.297297,0.631003
files/p43.atsp,0.200000,244.000000,329.578947,0.650234
files/p43.atsp,0.200000,244.000000,331.743590,0.677509
files/p43.atsp,0.200000,244.000000,331.025000,0.696091
files/p43.atsp,0.200000,244.000000,331.341463,0.715321
files/p43.atsp,0.200000,244.000000,332.714286,0.732928
files/p43.atsp,0.200000,244.000000,334.604651,0.751049
files/p43.atsp,0.200000,244.000000,336.454545,0.766171
files/p43.atsp,0.200000,244.000000,336.133333,0.784641
files/p43.atsp,0.200000,244.000000,336.826087,0.794763
files/p43.atsp,0.200000,244.000000,339.042553,0.809056
files/p43.atsp,0.200000,244.000000,340.312500,0.825118
files/p43.atsp,0.200000,244.000000,341.224490,0.837960
files/p43.atsp,0.200000,244.000000,342.280000,0.853471
files/p43.atsp,0.200000,244.000000,342.372549,0.868631
files/p43.atsp,0.200000,244.000000,342.788462,0.883664
files/p43.atsp,0.200000,244.000000,342.226415,0.903013
files/p43.atsp,0.200000,244.000000,341.925926,0.917965
files/p43.atsp,0.200000,244.000000,340.490909,0.939129
files/p43.atsp,0.200000,244.000000,340.285714,0.962739
files/p43.atsp,0.200000,244.000000,339.298246,0.981191
files/p43.atsp,0.200000,244.000000,339.689655,0.999139
files/p43.atsp,0.200000,244.000000,338.457627,1.015967
files/p43.atsp,0.200000,244.000000,337.133333,1.032924
files/p43.atsp,0.200000,244.000000,337.393443,1.044640
files/p43.atsp,0.200000,244.000000,338.500000,1.064232
files/p43.atsp,0.200000,244.000000,338.190476,1.080385
files/p43.atsp,0.200000,244.000000,337.734375,1.101813
files/p43.atsp,0.200000,244.000000,337.661538,1.115410
files/p43.atsp,0.200000,244.000000,337.439394,1.134153
files/p43.atsp,0.200000,244.000000,336.820896,1.152969
files/p43.atsp,0.200000,244.000000,336.235294,1.167544
files/p43.atsp,0.200000,244.000000,335.608696,1.189721
files/p43.atsp,0.200000,244.000000,335.985714,1.205609
files/p43.atsp,0.200000,238.000000,334.605634,1.224516
files/p43.atsp,0.200000,238.000000,334.222222,1.238825
files/p43.atsp,0.200000,238.000000,334.219178,1.255394
files/p43.atsp,0.200000,238.000000,333.000000,1.270616
files/p43.atsp,0.200000,238.000000,333.546667,1.290607
files/p43.atsp,0.200000,238.000000,334.289474,1.308124
files/p43.atsp,0.200000,238.000000,334.441558,1.320758
files/p43.atsp,0.200000,238.000000,334.871795,1.336988
files/p43.atsp,0.200000,238.000000,334.620253,1.353474
files/p43.atsp,0.200000,238.000000,333.575000,1.370644
files/p43.atsp,0.200000,238.000000,333.543210,1.393401
files/p43.atsp,0.200000,238.000000,333.804878,1.410215
files/p43.atsp,0.200000,238.000000,335.036145,1.427499
files/p43.atsp,0.200000,238.000000,334.380952,1.443530
files/p43.atsp,0.200000,238.000000,336.188235,1.461354
files/p43.atsp,0.200000,238.000000,335.302326,1.482461
files/p43.atsp,0.200000,238.000000,334.942529,1.500864
files/p43.atsp,0.200000,238.000000,334.727273,1.522401
files/p43.atsp,0.200000,238.000000,334.820225,1.540354
files/p43.atsp,0.200000,238.000000,336.033333,1.555697
files/p43.atsp,0.200000,238.000000,335.516484,1.572350
files/p43.atsp,0.200000,238.000000,335.956522,1.589537
files/p43.atsp,0.200000,238.000000,335.225806,1.610178
files/p43.atsp,0.200000,238.000000,335.031915,1.621738
files/p43.atsp,0.200000,238.000000,335.326316,1.636380
files/p43.atsp,0.200000,238.000000,334.864583,1.651908
files/p43.atsp,0.200000,238.000000,335.402062,1.670105
files/p43.atsp,0.200000,238.000000,335.091837,1.687635
files/p43.atsp,0.200000,238.000000,334.989899,1.700069
files/p43.atsp,0.200000,238.000000,334.690000,1.716185
files/p43.atsp,0.200000,238.000000,334.277228,1.732173
files/p43.atsp,0.200000,238.000000,334.450980,1.756253
files/p43.atsp,0.200000,238.000000,334.368932,1.772502
files/p43.atsp,0.200000,238.000000,334.317308,1.793596
files/p43.atsp,0.200000,238.000000,334.476190,1.811089
files/p43.atsp,0.200000,238.000000,334.320755,1.823830
files/p43.atsp,0.200000,238.000000,335.018692,1.836603
files/p43.atsp,0.200000,238.000000,334.638889,1.852547
files/p43.atsp,0.200000,238.000000,334.477064,1.869845
files/p43.atsp,0.200000,238.000000,335.736364,1.883318
files/p43.atsp,0.200000,238.000000,335.576577,1.907441
files/p43.atsp,0.200000,238.000000,335.401786,1.928085
files/p43.atsp,0.200000,238.000000,335.451327,1.945051
files/p43.atsp,0.200000,238.000000,335.973684,1.969629
files/p43.atsp,0.200000,238.000000,336.530435,1.985087
files/p43.atsp,0.200000,238.000000,336.215517,2.008193
files/p43.atsp,0.200000,238.000000,336.145299,2.026585
files/p43.atsp,0.200000,238.000000,335.805085,2.042286
files/p43.atsp,0.200000,238.000000,335.546218,2.061141
files/p43.atsp,0.200000,238.000000,335.541667,2.077308
files/p43.atsp,0.200000,238.000000,335.884298,2.098945
files/p43.atsp,0.200000,238.000000,336.500000,2.115057
files/p43.atsp,0.200000,238.000000,336.853659,2.130969
files/p43.atsp,0.200000,238.000000,336.967742,2.144956
files/p43.atsp,0.200000,238.000000,336.968000,2.167815
files/p43.atsp,0.200000,238.000000,336.746032,2.190031
files/p43.atsp,0.200000,238.000000,337.417323,2.207085
files/p43.atsp,0.200000,238.000000,337.414062,2.222872
files/p43.atsp,0.200000,238.000000,337.837209,2.244572
files/p43.atsp,0.200000,238.000000,337.776923,2.260227
files/p43.atsp,0.200000,238.000000,337.877863,2.276600
files/p43.atsp,0.200000,238.000000,338.446970,2.292676
files/p43.atsp,0.200000,238.000000,338.601504,2.312165
files/p43.atsp,0.200000,238.000000,337.902985,2.331864
files/p43.atsp,0.200000,238.000000,338.133333,2.345388
files/p43.atsp,0.200000,238.000000,337.529412,2.366699
files/p43.atsp,0.200000,238.000000,337.810219,2.385401
files/p43.atsp,0.200000,238.000000,337.528986,2.405904
files/p43.atsp,0.200000,238.000000,337.057554,2.419321
files/p43.atsp,0.200000,238.000000,337.242857,2.434934
files/p43.atsp,0.200000,238.000000,337.375887,2.457733
files/p43.atsp,0.200000,238.000000,337.950704,2.477419
files/p43.atsp,0.200000,238.000000,337.713287,2.494316
files/p43.atsp,0.200000,238.000000,337.625000,2.510587
files/p43.atsp,0.200000,238.000000,338.020690,2.527543
files/p43.atsp,0.200000,238.000000,337.876712,2.540510
files/p43.atsp,0.200000,238.000000,338.272109,2.559146
files/p43.atsp,0.200000,238.000000,338.358108,2.573019
files/p43.atsp,0.200000,238.000000,339.127517,2.588922
files/p43.atsp,0.200000,238.000000,338.860000,2.601481
files/p43.atsp,0.200000,238.000000,339.258278,2.625073
files/p43.atsp,0.200000,238.000000,338.953947,2.644646
files/p43.atsp,0.200000,238.000000,339.718954,2.665416
files/p43.atsp,0.200000,238.000000,339.298701,2.682948
files/p43.atsp,0.200000,238.000000,339.374194,2.698916
files/p43.atsp,0.200000,238.000000,339.467949,2.711652
files/p43.atsp,0.200000,238.000000,339.783439,2.730669
files/p43.atsp,0.200000,238.000000,340.088608,2.746779
files/p43.atsp,0.200000,238.000000,339.628931,2.765231
files/p43.atsp,0.200000,238.000000,339.362500,2.779809
files/p43.atsp,0.200000,238.000000,339.316770,2.797648
files/p43.atsp,0.200000,238.000000,339.290123,2.815801
files/p43.atsp,0.200000,238.000000,339.177914,2.837575
files/p43.atsp,0.200000,238.000000,339.243902,2.852947
files/p43.atsp,0.200000,238.000000,338.751515,2.867069
files/p43.atsp,0.200000,238.000000,338.644578,2.890967
files/p43.atsp,0.200000,238.000000,339.383234,2.912550
files/p43.atsp,0.200000,238.000000,339.279762,2.930395
files/p43.atsp,0.200000,238.000000,339.609467,2.950185
files/p43.atsp,0.200000,238.000000,339.558824,2.966413
files/p43.atsp,0.200000,238.000000,339.040936,2.978992
files/p43.atsp,0.200000,238.000000,339.668605,2.999120
files/p43.atsp,0.200000,238.000000,339.462428,3.024338
files/p43.atsp,0.200000,238.000000,339.741379,3.041155
files/p43.atsp,0.200000,238.000000,340.137143,3.059264
files/p43.atsp,0.200000,238.000000,340.005682,3.074622
files/p43.atsp,0.200000,238.000000,340.090395,3.091948
files/p43.atsp,0.200000,238.000000,340.297753,3.109552
files/p43.atsp,0.200000,238.000000,340.016760,3.129505
files/p43.atsp,0.200000,238.000000,339.755556,3.143871
files/p43.atsp,0.200000,238.000000,339.861878,3.158504
files/p43.atsp,0.200000,238.000000,339.928571,3.179720
files/p43.atsp,0.200000,238.000000,339.950820,3.197798
files/p43.atsp,0.200000,238.000000,340.016304,3.212795
files/p43.atsp,0.200000,238.000000,340.470270,3.232946
files/p43.atsp,0.200000,238.000000,340.618280,3.253773
files/p43.atsp,0.200000,238.000000,340.983957,3.271346
files/p43.atsp,0.200000,238.000000,341.223404,3.288876
files/p43.atsp,0.200000,238.000000,341.021164,3.306684
files/p43.atsp,0.200000,238.000000,341.042105,3.323540
files/p43.atsp,0.200000,238.000000,340.916230,3.344115
files/p43.atsp,0.200000,238.000000,341.583333,3.358186
files/p43.atsp,0.200000,238.000000,341.435233,3.374799
files/p43.atsp,0.200000,238.000000,341.087629,3.397425
files/p43.atsp,0.200000,238.000000,340.876923,3.412326
files/p43.atsp,0.200000,238.000000,340.959184,3.429864
files/p43.atsp,0.200000,238.000000,341.071066,3.451056
files/p43.atsp,0.200000,238.000000,340.823232,3.469917
files/p43.atsp,0.200000,238.000000,340.728643,3.483838
files/p43.atsp,0.200000,238.000000,341.195000,3.506317
files/p43.atsp,0.200000,238.000000,341.114428,3.519234
files/p43.atsp,0.200000,238.000000,341.549505,3.543546
files/p43.atsp,0.200000,238.000000,341.463054,3.563138
files/p43.atsp,0.200000,238.000000,341.671569,3.580685
files/p43.atsp,0.200000,238.000000,341.341463,3.593243
files/p43.atsp,0.200000,238.000000,341.194175,3.612666
files/p43.atsp,0.200000,238.000000,341.227053,3.632168
files/p43.atsp,0.200000,238.000000,341.778846,3.646210
files/p43.atsp,0.200000,238.000000,341.976077,3.663328
files/p43.atsp,0.200000,238.000000,341.495238,3.677440
files/p43.atsp,0.200000,238.000000,341.521327,3.708805
files/p43.atsp,0.200000,238.000000,342.070755,3.725397
files/p43.atsp,0.200000,238.000000,341.906103,3.735788
files/p43.atsp,0.200000,238.000000,341.780374,3.756177
files/p43.atsp,0.200000,238.000000,341.595349,3.771666
files/p43.atsp,0.200000,238.000000,341.347222,3.790161
files/p43.atsp,0.200000,238.000000,341.262673,3.807326
files/p43.atsp,0.200000,238.000000,341.339450,3.826458
files/p43.atsp,0.200000,238.000000,341.726027,3.840035
files/p43.atsp,0.200000,238.000000,341.495455,3.854913
files/p43.atsp,0.200000,238.000000,341.570136,3.872780
files/p43.atsp,0.200000,238.000000,342.067568,3.894672
files/p43.atsp,0.200000,238.000000,341.668161,3.910700
files/p43.atsp,0.200000,238.000000,341.388393,3.932461
files/p43.atsp,0.200000,238.000000,341.591111,3.951019
files/p43.atsp,0.200000,238.000000,341.814159,3.967534
files/p43.atsp,0.200000,238.000000,341.859031,3.982075
files/p43.atsp,0.200000,238.000000,341.521930,4.004171
files/p43.atsp,0.200000,238.000000,341.930131,4.021667
files/p43.atsp,0.200000,238.000000,341.734783,4.034069
files/p43.atsp,0.200000,238.000000,342.021645,4.050685
files/p43.atsp,0.200000,238.000000,342.245690,4.072452
files/p43.atsp,0.200000,238.000000,342.248927,4.088616
files/p43.atsp,0.200000,238.000000,342.260684,4.103937
files/p43.atsp,0.200000,238.000000,341.991489,4.119034
files/p43.atsp,0.200000,238.000000,341.745763,4.137254
files/p43.atsp,0.200000,238.000000,341.666667,4.160044
files/p43.atsp,0.200000,238.000000,341.634454,4.175710
files/p43.atsp,0.200000,238.000000,341.364017,4.190552
files/p43.atsp,0.200000,238.000000,341.316667,4.207242
files/p43.atsp,0.200000,238.000000,340.929461,4.225761
files/p43.atsp,0.200000,238.000000,340.789256,4.242366
files/p43.atsp,0.200000,238.000000,340.625514,4.256787
files/p43.atsp,0.200000,238.000000,340.512295,4.277939
files/p43.atsp,0.200000,238.000000,340.693878,4.292262
files/p43.atsp,0.200000,238.000000,340.459350,4.308736
files/p43.atsp,0.200000,238.000000,340.348178,4.326163
files/p43.atsp,0.200000,238.000000,340.153226,4.346568
files/p43.atsp,0.200000,238.000000,339.795181,4.359045
files/p43.atsp,0.200000,238.000000,339.828000,4.375755
files/p43.atsp,0.200000,238.000000,339.896414,4.392457
files/p43.atsp,0.200000,238.000000,339.547619,4.411310
files/p43.atsp,0.200000,238.000000,339.679842,4.431507
files/p43.atsp,0.200000,238.000000,339.661417,4.447922
files/p43.atsp,0.200000,238.000000,339.474510,4.463060
files/p43.atsp,0.200000,238.000000,339.226562,4.480729
files/p43.atsp,0.200000,238.000000,339.035019,4.496437
files/p43.atsp,0.200000,238.000000,339.344961,4.521706
files/p43.atsp,0.200000,238.000000,338.992278,4.540621
files/p43.atsp,0.200000,238.000000,339.230769,4.554660
files/p43.atsp,0.200000,238.000000,339.375479,4.572371
files/p43.atsp,0.200000,238.000000,339.293893,4.594044
files/p43.atsp,0.200000,238.000000,339.722433,4.607719
files/p43.atsp,0.200000,238.000000,340.071970,4.623962
files/p43.atsp,0.200000,238.000000,340.086792,4.643073
files/p43.atsp,0.200000,238.000000,340.285714,4.660777
files/p43.atsp,0.200000,238.000000,340.127341,4.676971
files/p43.atsp,0.200000,238.000000,339.947761,4.697140
files/p43.atsp,0.200000,238.000000,339.918216,4.711361
files/p43.atsp,0.200000,238.000000,339.814815,4.725729
files/p43.atsp,0.200000,238.000000,339.542435,4.745712
files/p43.atsp,0.200000,238.000000,339.757353,4.768967
files/p43.atsp,0.200000,238.000000,339.908425,4.789115
files/p43.atsp,0.200000,238.000000,339.985401,4.807149
files/p43.atsp,0.200000,238.000000,339.654545,4.826124
files/p43.atsp,0.200000,238.000000,339.489130,4.837380
files/p43.atsp,0.200000,238.000000,339.397112,4.866419
files/p43.atsp,0.200000,238.000000,339.478417,4.883168
files/p43.atsp,0.200000,238.000000,339.405018,4.905820
files/p43.atsp,0.200000,238.000000,339.246429,4.924576
files/p43.atsp,0.200000,238.000000,339.170819,4.941758
files/p43.atsp,0.200000,238.000000,339.173759,4.958028
files/p43.atsp,0.200000,238.000000,339.215548,4.972032
files/p43.atsp,0.200000,238.000000,338.975352,4.992709
files/p43.atsp,0.200000,238.000000,338.621053,5.006458
files/p43.atsp,0.200000,238.000000,338.632867,5.022472
files/p43.atsp,0.200000,238.000000,338.303136,5.042083
files/p43.atsp,0.200000,219.000000,337.888889,5.057362
files/p43.atsp,0.200000,219.000000,338.103806,5.073567
files/p43.atsp,0.200000,219.000000,338.303448,5.090613
files/p43.atsp,0.200000,219.000000,338.195876,5.104462
files/p43.atsp,0.200000,219.000000,338.119863,5.117798
files/p43.atsp,0.200000,219.000000,337.959044,5.130278
files/p43.atsp,0.200000,219.000000,338.010204,5.146529
files/p43.atsp,0.200000,219.000000,337.708475,5.164687
files/p43.atsp,0.200000,219.000000,337.527027,5.184952
files/p43.atsp,0.200000,219.000000,337.622896,5.205034
files/p43.atsp,0.200000,219.000000,337.312081,5.221283
files/p43.atsp,0.200000,219.000000,337.612040,5.237476
files/p43.atsp,0.200000,219.000000,337.513333,5.249036
files/p43.atsp,0.200000,219.000000,337.372093,5.268272
files/p43.atsp,0.200000,219.000000,337.000000,5.287201
files/p43.atsp,0.200000,219.000000,336.914191,5.309053
files/p43.atsp,0.200000,219.000000,336.858553,5.327517
files/p43.atsp,0.200000,219.000000,337.118033,5.345460
files/p43.atsp,0.200000,219.000000,337.366013,5.367410
files/p43.atsp,0.200000,219.000000,337.781759,5.383589
files/p43.atsp,0.200000,219.000000,337.883117,5.397589
files/p43.atsp,0.200000,219.000000,337.686084,5.419938
files/p43.atsp,0.200000,219.000000,337.764516,5.440703
files/p43.atsp,0.200000,219.000000,338.038585,5.458296
files/p43.atsp,0.200000,219.000000,338.320513,5.475099
files/p43.atsp,0.200000,219.000000,338.159744,5.492510
files/p43.atsp,0.200000,219.000000,337.984076,5.508340
files/p43.atsp,0.200000,219.000000,337.780952,5.527788
files/p43.atsp,0.200000,219.000000,338.056962,5.544045
files/p43.atsp,0.200000,219.000000,337.902208,5.562540
files/p43.atsp,0.200000,219.000000,338.150943,5.581002
files/p43.atsp,0.200000,219.000000,338.115987,5.599575
files/p43.atsp,0.200000,219.000000,338.290625,5.620178
files/p43.atsp,0.200000,219.000000,338.127726,5.638690
files/p43.atsp,0.200000,219.000000,338.015528,5.654797
files/p43.atsp,0.200000,219.000000,337.956656,5.676447
files/p43.atsp,0.200000,219.000000,338.024691,5.697014
files/p43.atsp,0.200000,219.000000,338.043077,5.709836
files/p43.atsp,0.200000,219.000000,338.220859,5.728567
files/p43.atsp,0.200000,219.000000,338.470948,5.747253
files/p43.atsp,0.200000,219.000000,338.820122,5.770132
files/p43.atsp,0.200000,219.000000,338.732523,5.793863
files/p43.atsp,0.200000,219.000000,338.624242,5.813871
files/p43.atsp,0.200000,219.000000,338.882175,5.834130
files/p43.atsp,0.200000,219.000000,339.015060,5.844739
files/p43.atsp,0.200000,219.000000,338.822823,5.858057
files/p43.atsp,0.200000,219.000000,338.529940,5.875092
files/p43.atsp,0.200000,219.000000,338.292537,5.891719
files/p43.atsp,0.200000,219.000000,338.431548,5.910711
files/p43.atsp,0.200000,219.000000,338.189911,5.930398
files/p43.atsp,0.200000,219.000000,338.281065,5.947081
files/p43.atsp,0.200000,219.000000,338.253687,5.964798
files/p43.atsp,0.200000,219.000000,337.982353,5.979824
files/p43.atsp,0.200000,219.000000,338.029326,5.995264
files/p43.atsp,0.200000,219.000000,338.032164,6.010049
files/p43.atsp,0.200000,219.000000,337.778426,6.032042
files/p43.atsp,0.200000,219.000000,337.572674,6.050491
files/p43.atsp,0.200000,219.000000,337.982609,6.065859
files/p43.atsp,0.200000,219.000000,337.736994,6.077986
files/p43.atsp,0.200000,219.000000,337.567723,6.093633
files/p43.atsp,0.200000,219.000000,337.393678,6.112064
files/p43.atsp,0.200000,219.000000,337.487106,6.128656
files/p43.atsp,0.200000,219.000000,337.388571,6.148665
files/p43.atsp,0.200000,219.000000,337.156695,6.166709
files/p43.atsp,0.200000,219.000000,337.247159,6.190529
files/p43.atsp,0.200000,219.000000,337.039660,6.205969
files/p43.atsp,0.200000,219.000000,337.107345,6.219624
files/p43.atsp,0.200000,219.000000,337.126761,6.238298
files/p43.atsp,0.200000,219.000000,337.109551,6.255544
files/p43.atsp,0.200000,219.000000,336.991597,6.272245
files/p43.atsp,0.200000,219.000000,336.812849,6.289903
files/p43.atsp,0.200000,219.000000,336.718663,6.304361
files/p43.atsp,0.200000,219.000000,336.755556,6.323952
files/p43.atsp,0.200000,219.000000,336.681440,6.338159
files/p43.atsp,0.200000,219.000000,336.571823,6.353766
files/p43.atsp,0.200000,219.000000,336.360882,6.371429
files/p43.atsp,0.200000,206.000000,336.002747,6.388384
files/p43.atsp,0.200000,206.000000,335.956164,6.407187
files/p43.atsp,0.200000,206.000000,335.959016,6.427034
files/p43.atsp,0.200000,206.000000,335.719346,6.448039
files/p43.atsp,0.200000,206.000000,335.692935,6.467120
files/p43.atsp,0.200000,206.000000,335.688347,6.481391
files/p43.atsp,0.200000,206.000000,335.878378,6.503622
files/p43.atsp,0.200000,206.000000,335.544474,6.518932
files/p43.atsp,0.200000,206.000000,335.424731,6.539573
files/p43.atsp,0.200000,206.000000,335.538874,6.553031
files/p43.atsp,0.200000,206.000000,335.385027,6.568361
files/p43.atsp,0.200000,206.000000,335.282667,6.584592
files/p43.atsp,0.200000,206.000000,335.215426,6.598768
files/p43.atsp,0.200000,206.000000,334.909814,6.616581
files/p43.atsp,0.200000,206.000000,335.005291,6.637832
files/p43.atsp,0.200000,206.000000,335.266491,6.652606
files/p43.atsp,0.200000,206.000000,335.205263,6.673777
files/p43.atsp,0.200000,206.000000,335.265092,6.687893
files/p43.atsp,0.200000,206.000000,335.010471,6.703608
files/p43.atsp,0.200000,206.000000,334.801567,6.718156
files/p43.atsp,0.200000,206.000000,334.947917,6.738967
files/p43.atsp,0.200000,206.000000,335.103896,6.753478
files/p43.atsp,0.200000,206.000000,334.984456,6.764467
files/p43.atsp,0.200000,206.000000,334.886305,6.778036
files/p43.atsp,0.200000,206.000000,334.904639,6.792288
files/p43.atsp,0.200000,206.000000,334.740360,6.809266
files/p43.atsp,0.200000,206.000000,334.766667,6.825528
files/p43.atsp,0.200000,206.000000,334.843990,6.845028
files/p43.atsp,0.200000,206.000000,334.992347,6.860632
files/p43.atsp,0.200000,206.000000,334.745547,6.879318
files/p43.atsp,0.200000,206.000000,334.682741,6.899420
files/p43.atsp,0.200000,206.000000,334.701266,6.921438
files/p43.atsp,0.200000,206.000000,334.651515,6.941455
files/p43.atsp,0.200000,206.000000,334.534005,6.962026
files/p43.atsp,0.200000,206.000000,334.580402,6.981014
files/p43.atsp,0.200000,206.000000,334.661654,6.998542
files/p43.atsp,0.200000,206.000000,334.600000,7.012010
files/p43.atsp,0.200000,206.000000,334.780549,7.033887
files/p43.atsp,0.200000,206.000000,334.616915,7.050308
files/p43.atsp,0.200000,206.000000,334.528536,7.066766
files/p43.atsp,0.200000,206.000000,334.514851,7.087233
files/p43.atsp,0.200000,206.000000,334.587654,7.103180
files/p43.atsp,0.200000,206.000000,334.536946,7.117506
files/p43.atsp,0.200000,206.000000,334.643735,7.138666
files/p43.atsp,0.200000,206.000000,334.406863,7.154090
files/p43.atsp,0.200000,206.000000,334.393643,7.169045
files/p43.atsp,0.200000,206.000000,334.139024,7.184596
files/p43.atsp,0.200000,206.000000,333.990268,7.198000
files/p43.atsp,0.200000,206.000000,333.983010,7.215823
files/p43.atsp,0.200000,206.000000,334.029056,7.232568
files/p43.atsp,0.200000,206.000000,333.997585,7.256852
files/p43.atsp,0.200000,206.000000,333.975904,7.271923
files/p43.atsp,0.200000,206.000000,333.956731,7.291811
files/p43.atsp,0.200000,206.000000,333.812950,7.304273
files/p43.atsp,0.200000,206.000000,333.751196,7.318198
files/p43.atsp,0.200000,206.000000,333.622912,7.335583
files/p43.atsp,0.200000,206.000000,333.445238,7.349051
files/p43.atsp,0.200000,206.000000,333.209026,7.368019
files/p43.atsp,0.200000,206.000000,333.109005,7.387670
files/p43.atsp,0.200000,206.000000,333.082742,7.412539
files/p43.atsp,0.200000,206.000000,333.068396,7.431573
files/p43.atsp,0.200000,206.000000,333.063529,7.451710
files/p43.atsp,0.200000,206.000000,333.159624,7.467595
files/p43.atsp,0.200000,206.000000,333.107728,7.484139
files/p43.atsp,0.200000,206.000000,333.121495,7.498168
files/p43.atsp,0.200000,206.000000,333.240093,7.517203
files/p43.atsp,0.200000,206.000000,333.051163,7.533027
files/p43.atsp,0.200000,206.000000,332.879350,7.551664
files/p43.atsp,0.200000,206.000000,332.879630,7.562898
files/p43.atsp,0.200000,206.000000,332.849885,7.575391
files/p43.atsp,0.200000,206.000000,332.926267,7.591334
files/p43.atsp,0.200000,206.000000,332.765517,7.605563
files/p43.atsp,0.200000,206.000000,332.850917,7.625436
files/p43.atsp,0.200000,206.000000,332.933638,7.646619
files/p43.atsp,0.200000,206.000000,333.022831,7.665197
files/p43.atsp,0.200000,206.000000,333.191344,7.680697
files/p43.atsp,0.200000,206.000000,333.254545,7.692848
files/p43.atsp,0.200000,206.000000,333.335601,7.712686
files/p43.atsp,0.200000,206.000000,333.416290,7.731235
files/p43.atsp,0.200000,206.000000,333.401806,7.749916
files/p43.atsp,0.200000,206.000000,333.335586,7.769986
files/p43.atsp,0.200000,206.000000,333.269663,7.791689
files/p43.atsp,0.200000,206.000000,333.262332,7.806159
files/p43.atsp,0.200000,206.000000,333.387025,7.825349
files/p43.atsp,0.200000,206.000000,333.330357,7.841510
files/p43.atsp,0.200000,206.000000,333.485523,7.859076
files/p43.atsp,0.200000,206.000000,333.351111,7.883275
files/p43.atsp,0.200000,206.000000,333.161863,7.905691
files/p43.atsp,0.200000,206.000000,333.141593,7.924969
files/p43.atsp,0.200000,206.000000,333.242826,7.944753
files/p43.atsp,0.200000,206.000000,333.314978,7.958844
files/p43.atsp,0.200000,206.000000,333.268132,7.975842
files/p43.atsp,0.200000,206.000000,333.164474,7.994327
files/p43.atsp,0.200000,206.000000,333.089716,8.012182
files/p43.atsp,0.200000,206.000000,332.890830,8.032929
files/p43.atsp,0.200000,206.000000,332.810458,8.052459
files/p43.atsp,0.200000,206.000000,332.700000,8.070014
files/p43.atsp,0.200000,206.000000,333.056399,8.089047
files/p43.atsp,0.200000,206.000000,333.043290,8.102634
files/p43.atsp,0.200000,206.000000,333.032397,8.116658
files/p43.atsp,0.200000,206.000000,332.913793,8.134322
files/p43.atsp,0.200000,206.000000,333.255914,8.146537
files/p43.atsp,0.200000,206.000000,333.229614,8.169714
files/p43.atsp,0.200000,206.000000,333.229122,8.185784
files/p43.atsp,0.200000,206.000000,333.220085,8.197923
files/p43.atsp,0.200000,206.000000,333.183369,8.217732
files/p43.atsp,0.200000,206.000000,333.180851,8.237448
files/p43.atsp,0.200000,206.000000,332.987261,8.256841
files/p43.atsp,0.200000,206.000000,332.978814,8.274227
files/p43.atsp,0.200000,206.000000,333.008457,8.288390
files/p43.atsp,0.200000,206.000000,332.964135,8.302715
files/p43.atsp,0.200000,206.000000,332.953684,8.320937
files/p43.atsp,0.200000,206.000000,333.063025,8.333798
files/p43.atsp,0.200000,206.000000,333.008386,8.348382
files/p43.atsp,0.200000,206.000000,333.052301,8.366070
files/p43.atsp,0.200000,206.000000,333.102296,8.381015
files/p43.atsp,0.200000,206.000000,333.189583,8.400768
files/p43.atsp,0.200000,206.000000,333.027027,8.419021
files/p43.atsp,0.200000,206.000000,332.985477,8.429860
files/p43.atsp,0.200000,206.000000,332.896480,8.446090
files/p43.atsp,0.200000,206.000000,332.809917,8.467045
files/p43.atsp,0.200000,206.000000,332.731959,8.477878
files/p43.atsp,0.200000,206.000000,332.691358,8.505531
files/p43.atsp,0.200000,206.000000,332.589322,8.521736
files/p43.atsp,0.200000,206.000000,332.588115,8.538994
files/p43.atsp,0.200000,206.000000,332.640082,8.551234
files/p43.atsp,0.200000,206.000000,332.573469,8.562863
files/p43.atsp,0.200000,206.000000,332.527495,8.582827
files/p43.atsp,0.200000,206.000000,332.636179,8.600193
files/p43.atsp,0.200000,206.000000,332.511156,8.619838
files/p43.atsp,0.200000,206.000000,332.700405,8.635842
files/p43.atsp,0.200000,206.000000,332.565657,8.653246
files/p43.atsp,0.200000,206.000000,332.481855,8.675794
files/p43.atsp,0.200000,206.000000,332.237425,8.689778
files/p43.atsp,0.200000,206.000000,332.447791,8.704438
files/p43.atsp,0.200000,206.000000,332.306613,8.724599
files/p43.atsp,0.200000,206.000000,332.358000,8.736110
files/p43.atsp,0.200000,206.000000,332.365269,8.753600
files/p43.atsp,0.200000,206.000000,332.593625,8.773044
files/p43.atsp,0.200000,206.000000,332.795229,8.788047
files/p43.atsp,0.200000,206.000000,332.609127,8.805214
files/p43.atsp,0.200000,206.000000,332.548515,8.821797
files/p43.atsp,0.200000,206.000000,332.571146,8.840220
files/p43.atsp,0.200000,206.000000,332.426036,8.860333
files/p43.atsp,0.200000,206.000000,332.472441,8.877101
files/p43.atsp,0.200000,206.000000,332.369352,8.892419
files/p43.atsp,0.200000,206.000000,332.415686,8.918242
files/p43.atsp,0.200000,206.000000,332.309198,8.930997
files/p43.atsp,0.200000,206.000000,332.257812,8.943037
files/p43.atsp,0.200000,206.000000,332.212476,8.958413
files/p43.atsp,0.200000,206.000000,332.276265,8.976948
files/p43.atsp,0.200000,206.000000,332.384466,8.992368
files/p43.atsp,0.200000,206.000000,332.356589,9.010177
files/p43.atsp,0.200000,206.000000,332.413926,9.025272
files/p43.atsp,0.200000,206.000000,332.550193,9.037067
files/p43.atsp,0.200000,206.000000,332.504817,9.053088
files/p43.atsp,0.200000,206.000000,332.600000,9.071963
files/p43.atsp,0.200000,206.000000,332.452975,9.089091
files/p43.atsp,0.200000,206.000000,332.339080,9.109745
files/p43.atsp,0.200000,206.000000,332.202677,9.123934
files/p43.atsp,0.200000,206.000000,332.225191,9.139217
files/p43.atsp,0.200000,206.000000,332.211429,9.154452
files/p43.atsp,0.200000,206.000000,332.211027,9.172942
files/p43.atsp,0.200000,206.000000,332.098672,9.191760
files/p43.atsp,0.200000,206.000000,332.077652,9.207725
files/p43.atsp,0.200000,206.000000,332.168242,9.223712
files/p43.atsp,0.200000,206.000000,332.256604,9.244396
files/p43.atsp,0.200000,206.000000,332.303202,9.264322
files/p43.atsp,0.200000,206.000000,332.415414,9.277224
files/p43.atsp,0.200000,206.000000,332.212008,9.295966
files/p43.atsp,0.200000,206.000000,332.162921,9.313020
files/p43.atsp,0.200000,206.000000,332.256075,9.328051
files/p43.atsp,0.200000,206.000000,332.100746,9.344829
files/p43.atsp,0.200000,206.000000,332.135940,9.360879
files/p43.atsp,0.200000,206.000000,332.130112,9.374501
files/p43.atsp,0.200000,206.000000,332.187384,9.392902
files/p43.atsp,0.200000,206.000000,332.083333,9.417190
files/p43.atsp,0.200000,206.000000,332.073937,9.435651
files/p43.atsp,0.200000,206.000000,332.119926,9.453133
files/p43.atsp,0.200000,206.000000,332.219153,9.468658
files/p43.atsp,0.200000,206.000000,332.167279,9.484358
files/p43.atsp,0.200000,206.000000,332.165138,9.504151
files/p43.atsp,0.200000,206.000000,332.324176,9.523221
files/p43.atsp,0.200000,206.000000,332.193784,9.547390
files/p43.atsp,0.200000,206.000000,332.270073,9.565069
files/p43.atsp,0.200000,206.000000,332.160291,9.584505
files/p43.atsp,0.200000,206.000000,332.292727,9.604523
files/p43.atsp,0.200000,206.000000,332.339383,9.623487
files/p43.atsp,0.200000,206.000000,332.338768,9.642300
files/p43.atsp,0.200000,206.000000,332.301989,9.662061
files/p43.atsp,0.200000,206.000000,332.285199,9.674339
files/p43.atsp,0.200000,206.000000,332.243243,9.694986
files/p43.atsp,0.200000,206.000000,332.228417,9.710274
files/p43.atsp,0.200000,206.000000,332.299820,9.729886
files/p43.atsp,0.200000,206.000000,332.362007,9.746752
files/p43.atsp,0.200000,206.000000,332.423971,9.760579
files/p43.atsp,0.200000,206.000000,332.582143,9.781406
files/p43.atsp,0.200000,206.000000,332.356506,9.798607
files/p43.atsp,0.200000,206.000000,332.485765,9.817206
files/p43.atsp,0.200000,206.000000,332.360568,9.837414
files/p43.atsp,0.200000,206.000000,332.303191,9.853387
files/p43.atsp,0.200000,206.000000,332.145133,9.870115
files/p43.atsp,0.200000,206.000000,332.022968,9.889989
files/p43.atsp,0.200000,206.000000,332.186949,9.911639
files/p43.atsp,0.200000,206.000000,332.012324,9.928612
files/p43.atsp,0.200000,206.000000,331.878735,9.948749
files/p43.atsp,0.200000,206.000000,331.856140,9.965920
files/p43.atsp,0.200000,206.000000,331.767075,9.980390
files/p43.atsp,0.200000,206.000000,331.751748,9.997462
files/p43.atsp,0.200000,206.000000,331.654450,10.018641
files/p43.atsp,0.200000,206.000000,331.637631,10.039748
files/p43.atsp,0.200000,206.000000,331.638261,10.062596
files/p43.atsp,0.200000,206.000000,331.597222,10.081607
files/p43.atsp,0.200000,206.000000,331.556326,10.103314
files/p43.atsp,0.200000,206.000000,331.527682,10.120517
files/p43.atsp,0.200000,206.000000,331.611399,10.131635
files/p43.atsp,0.200000,206.000000,331.706897,10.142972
files/p43.atsp,0.200000,206.000000,331.641997,10.163959
files/p43.atsp,0.200000,206.000000,331.740550,10.186350
files/p43.atsp,0.200000,206.000000,331.711835,10.201819
files/p43.atsp,0.200000,206.000000,331.746575,10.219023
files/p43.atsp,0.200000,206.000000,331.642735,10.239088
files/p43.atsp,0.200000,206.000000,331.571672,10.257299
files/p43.atsp,0.200000,206.000000,331.737649,10.274988
files/p43.atsp,0.200000,206.000000,331.639456,10.295241
files/p43.atsp,0.200000,206.000000,331.704584,10.313345
files/p43.atsp,0.200000,206.000000,331.811864,10.334023
files/p43.atsp,0.200000,206.000000,331.742809,10.351394
files/p43.atsp,0.200000,206.000000,331.653716,10.373383
files/p43.atsp,0.200000,206.000000,331.504216,10.391039
files/p43.atsp,0.200000,206.000000,331.424242,10.405990
files/p43.atsp,0.200000,206.000000,331.568067,10.420300
files/p43.atsp,0.200000,206.000000,331.652685,10.434906
files/p43.atsp,0.200000,206.000000,331.681742,10.450533
files/p43.atsp,0.200000,206.000000,331.660535,10.467929
files/p43.atsp,0.200000,206.000000,331.534224,10.488654
files/p43.atsp,0.200000,206.000000,331.446667,10.504200
files/p43.atsp,0.200000,206.000000,331.492512,10.524579
files/p43.atsp,0.200000,206.000000,331.471761,10.545055
files/p43.atsp,0.200000,206.000000,331.575456,10.558979
files/p43.atsp,0.200000,206.000000,331.561258,10.578980
files/p43.atsp,0.200000,206.000000,331.459504,10.601896
files/p43.atsp,0.200000,206.000000,331.356436,10.624615
files/p43.atsp,0.200000,206.000000,331.347611,10.640295
files/p43.atsp,0.200000,206.000000,331.485197,10.652864
files/p43.atsp,0.200000,206.000000,331.471264,10.668551
files/p43.atsp,0.200000,206.000000,331.403279,10.687155
files/p43.atsp,0.200000,206.000000,331.509002,10.700371
files/p43.atsp,0.200000,206.000000,331.601307,10.723575
files/p43.atsp,0.200000,206.000000,331.610114,10.740778
files/p43.atsp,0.200000,206.000000,331.614007,10.760730
files/p43.atsp,0.200000,206.000000,331.614634,10.782723
files/p43.atsp,0.200000,206.000000,331.612013,10.802687
files/p43.atsp,0.200000,206.000000,331.507293,10.818397
files/p43.atsp,0.200000,206.000000,331.524272,10.832305
files/p43.atsp,0.200000,206.000000,331.458805,10.848488
files/p43.atsp,0.200000,206.000000,331.377419,10.867862
files/p43.atsp,0.200000,206.000000,331.297907,10.882395
files/p43.atsp,0.200000,206.000000,331.366559,10.898534
files/p43.atsp,0.200000,206.000000,331.313002,10.918986
files/p43.atsp,0.200000,206.000000,331.310897,10.933083
files/p43.atsp,0.200000,206.000000,331.505600,10.951414
files/p43.atsp,0.200000,206.000000,331.440895,10.969220
files/p43.atsp,0.200000,206.000000,331.570973,10.987100
files/p43.atsp,0.200000,206.000000,331.495223,11.003593
files/p43.atsp,0.200000,206.000000,331.484897,11.018784
files/p43.atsp,0.200000,206.000000,331.574603,11.035940
files/p43.atsp,0.200000,206.000000,331.594295,11.049289
files/p43.atsp,0.200000,206.000000,331.604430,11.069215
files/p43.atsp,0.200000,206.000000,331.480253,11.086743
files/p43.atsp,0.200000,206.000000,331.373817,11.107177
files/p43.atsp,0.200000,206.000000,331.280315,11.127497
files/p43.atsp,0.200000,206.000000,331.273585,11.143954
files/p43.atsp,0.200000,206.000000,331.306122,11.160413
files/p43.atsp,0.200000,206.000000,331.346395,11.179122
files/p43.atsp,0.200000,206.000000,331.201878,11.199962
files/p43.atsp,0.200000,206.000000,331.139063,11.219156
files/p43.atsp,0.200000,206.000000,331.258970,11.238870
files/p43.atsp,0.200000,206.000000,331.074766,11.255240
files/p43.atsp,0.200000,206.000000,331.074650,11.272590
files/p43.atsp,0.200000,206.000000,331.208075,11.288423
files/p43.atsp,0.200000,206.000000,331.218605,11.303709
files/p43.atsp,0.200000,206.000000,331.116099,11.322994
files/p43.atsp,0.200000,206.000000,331.086553,11.340341
files/p43.atsp,0.200000,206.000000,331.128086,11.357876
files/p43.atsp,0.200000,206.000000,331.061633,11.379171
files/p43.atsp,0.200000,206.000000,331.078462,11.393032
files/p43.atsp,0.200000,206.000000,331.121352,11.411733
files/p43.atsp,0.200000,206.000000,331.170245,11.425136
files/p43.atsp,0.200000,206.000000,331.053599,11.444122
files/p43.atsp,0.200000,206.000000,331.171254,11.461492
files/p43.atsp,0.200000,206.000000,331.218321,11.481846
files/p43.atsp,0.200000,206.000000,331.149390,11.500167
files/p43.atsp,0.200000,206.000000,331.101979,11.516604
files/p43.atsp,0.200000,206.000000,331.151976,11.536262
files/p43.atsp,0.200000,206.000000,331.162367,11.555617
files/p43.atsp,0.200000,206.000000,330.992424,11.580258
files/p43.atsp,0.200000,206.000000,330.869894,11.599140
files/p43.atsp,0.200000,206.000000,330.895770,11.612014
files/p43.atsp,0.200000,206.000000,330.974359,11.627033
files/p43.atsp,0.200000,206.000000,330.861446,11.644602
files/p43.atsp,0.200000,206.000000,330.977444,11.664043
files/p43.atsp,0.200000,206.000000,331.166667,11.677552
files/p43.atsp,0.200000,206.000000,331.148426,11.695819
files/p43.atsp,0.200000,206.000000,331.187126,11.713367
files/p43.atsp,0.200000,206.000000,331.091181,11.729520
files/p43.atsp,0.200000,206.000000,330.986567,11.746685
files/p43.atsp,0.200000,206.000000,330.882265,11.762650
files/p43.atsp,0.200000,206.000000,331.043155,11.775565
files/p43.atsp,0.200000,206.000000,331.025260,11.788635
files/p43.atsp,0.200000,206.000000,330.986647,11.809786
files/p43.atsp,0.200000,206.000000,330.957037,11.825259
files/p43.atsp,0.200000,206.000000,331.078402,11.843757
files/p43.atsp,0.200000,206.000000,331.100443,11.860849
files/p43.atsp,0.200000,206.000000,331.008850,11.876392
files/p43.atsp,0.200000,206.000000,331.250368,11.892872
files/p43.atsp,0.200000,206.000000,331.123529,11.909853
files/p43.atsp,0.200000,206.000000,331.164464,11.929406
files/p43.atsp,0.200000,206.000000,331.250733,11.943420
files/p43.atsp,0.200000,206.000000,331.210835,11.964006
files/p43.atsp,0.200000,206.000000,331.248538,11.986523
files/p43.atsp,0.200000,206.000000,331.221898,12.004755
files/p43.atsp,0.200000,206.000000,331.113703,12.021716
files/p43.atsp,0.200000,206.000000,331.087336,12.038780
files/p43.atsp,0.200000,206.000000,331.129360,12.057747
files/p43.atsp,0.200000,206.000000,331.088534,12.072042
files/p43.atsp,0.200000,206.000000,331.042029,12.083359
files/p43.atsp,0.200000,206.000000,331.034732,12.102089
files/p43.atsp,0.200000,206.000000,330.949422,12.122459
files/p43.atsp,0.200000,206.000000,330.810967,12.138779
files/p43.atsp,0.200000,206.000000,330.639769,12.154883
files/p43.atsp,0.200000,206.000000,330.752518,12.174698
files/p43.atsp,0.200000,206.000000,330.725575,12.191725
files/p43.atsp,0.200000,206.000000,330.559541,12.218093
files/p43.atsp,0.200000,206.000000,330.648997,12.232545
files/p43.atsp,0.200000,206.000000,330.549356,12.249650
files/p43.atsp,0.200000,206.000000,330.478571,12.263961
files/p43.atsp,0.200000,206.000000,330.362340,12.279128
files/p43.atsp,0.200000,206.000000,330.433048,12.296434
files/p43.atsp,0.200000,206.000000,330.563300,12.310302
files/p43.atsp,0.200000,206.000000,330.664773,12.329158
files/p43.atsp,0.200000,206.000000,330.678014,12.347636
files/p43.atsp,0.200000,206.000000,330.677054,12.363427
files/p43.atsp,0.200000,206.000000,330.773692,12.377817
files/p43.atsp,0.200000,206.000000,330.872881,12.398014
files/p43.atsp,0.200000,206.000000,330.760226,12.412780
files/p43.atsp,0.200000,206.000000,330.753521,12.428206
files/p43.atsp,0.200000,206.000000,330.618847,12.446286
files/p43.atsp,0.200000,206.000000,330.647472,12.465270
files/p43.atsp,0.200000,206.000000,330.706872,12.485171
files/p43.atsp,0.200000,206.000000,330.788515,12.500951
files/p43.atsp,0.200000,206.000000,330.665734,12.515928
files/p43.atsp,0.200000,206.000000,330.628492,12.533452
files/p43.atsp,0.200000,206.000000,330.585774,12.553421
files/p43.atsp,0.200000,206.000000,330.583565,12.575605
files/p43.atsp,0.200000,206.000000,330.465925,12.591377
files/p43.atsp,0.200000,206.000000,330.355556,12.613150
files/p43.atsp,0.200000,206.000000,330.367545,12.631975
files/p43.atsp,0.200000,206.000000,330.250693,12.645346
files/p43.atsp,0.200000,206.000000,330.258645,12.664417
files/p43.atsp,0.200000,206.000000,330.325967,12.678577
files/p43.atsp,0.200000,206.000000,330.244138,12.696979
files/p43.atsp,0.200000,206.000000,330.300275,12.721533
files/p43.atsp,0.200000,206.000000,330.239340,12.737419
files/p43.atsp,0.200000,206.000000,330.163462,12.758836
files/p43.atsp,0.200000,206.000000,330.241427,12.773960
files/p43.atsp,0.200000,206.000000,330.279452,12.786278
files/p43.atsp,0.200000,206.000000,330.195622,12.800763
files/p43.atsp,0.200000,206.000000,330.225410,12.811607
files/p43.atsp,0.200000,206.000000,330.312415,12.826570
files/p43.atsp,0.200000,206.000000,330.298365,12.841517
files/p43.atsp,0.200000,206.000000,330.204082,12.855693
files/p43.atsp,0.200000,206.000000,330.244565,12.871886
files/p43.atsp,0.200000,206.000000,330.161465,12.896693
files/p43.atsp,0.200000,206.000000,330.108401,12.922797
files/p43.atsp,0.200000,206.000000,329.963464,12.937186
files/p43.atsp,0.200000,206.000000,330.055405,12.948787
files/p43.atsp,0.200000,206.000000,329.950067,12.963207
files/p43.atsp,0.200000,206.000000,329.973046,12.977960
files/p43.atsp,0.200000,206.000000,330.181696,12.995581
files/p43.atsp,0.200000,206.000000,330.172043,13.009906
files/p43.atsp,0.200000,206.000000,330.151678,13.026533
files/p43.atsp,0.200000,206.000000,330.166220,13.038984
files/p43.atsp,0.200000,206.000000,330.129853,13.054827
files/p43.atsp,0.200000,206.000000,330.113636,13.071992
files/p43.atsp,0.200000,206.000000,330.209613,13.090510
files/p43.atsp,0.200000,206.000000,330.198667,13.104506
files/p43.atsp,0.200000,206.000000,330.312916,13.125678
files/p43.atsp,0.200000,206.000000,330.332447,13.141616
files/p43.atsp,0.200000,206.000000,330.235060,13.161195
files/p43.atsp,0.200000,206.000000,330.151194,13.179709
files/p43.atsp,0.200000,206.000000,330.190728,13.197463
files/p43.atsp,0.200000,206.000000,330.148148,13.214258
files/p43.atsp,0.200000,206.000000,330.258917,13.229511
files/p43.atsp,0.200000,206.000000,330.186016,13.249694
files/p43.atsp,0.200000,206.000000,330.150198,13.269765
files/p43.atsp,0.200000,206.000000,330.211842,13.288319
files/p43.atsp,0.200000,206.000000,330.203679,13.306887
files/p43.atsp,0.200000,206.000000,330.111549,13.318429
files/p43.atsp,0.200000,206.000000,330.187418,13.336007
files/p43.atsp,0.200000,206.000000,330.256545,13.350919
files/p43.atsp,0.200000,206.000000,330.237908,13.362455
files/p43.atsp,0.200000,206.000000,330.236292,13.376560
files/p43.atsp,0.200000,206.000000,330.198175,13.393449
files/p43.atsp,0.200000,206.000000,330.072917,13.412489
files/p43.atsp,0.200000,206.000000,330.119636,13.429065
files/p43.atsp,0.200000,206.000000,330.214286,13.445457
files/p43.atsp,0.200000,206.000000,330.359274,13.461425
files/p43.atsp,0.200000,206.000000,330.313472,13.477900
files/p43.atsp,0.200000,206.000000,330.397154,13.490637
files/p43.atsp,0.200000,206.000000,330.388889,13.504873
files/p43.atsp,0.200000,206.000000,330.455484,13.525091
files/p43.atsp,0.200000,206.000000,330.481959,13.545274
files/p43.atsp,0.200000,206.000000,330.534106,13.561995
files/p43.atsp,0.200000,206.000000,330.654242,13.575468
files/p43.atsp,0.200000,206.000000,330.581515,13.594125
files/p43.atsp,0.200000,206.000000,330.700000,13.612555
files/p43.atsp,0.200000,206.000000,330.653009,13.629186
files/p43.atsp,0.200000,206.000000,330.663683,13.649848
files/p43.atsp,0.200000,206.000000,330.676884,13.667365
files/p43.atsp,0.200000,206.000000,330.823980,13.684635
files/p43.atsp,0.200000,206.000000,330.800000,13.697813
files/p43.atsp,0.200000,206.000000,330.651399,13.712227
files/p43.atsp,0.200000,206.000000,330.551461,13.730947
files/p43.atsp,0.200000,206.000000,330.489848,13.742985
files/p43.atsp,0.200000,206.000000,330.337136,13.758276
files/p43.atsp,0.200000,206.000000,330.398734,13.778478
files/p43.atsp,0.200000,206.000000,330.393173,13.796805
files/p43.atsp,0.200000,206.000000,330.378788,13.815402
files/p43.atsp,0.200000,206.000000,330.291299,13.834531
files/p43.atsp,0.200000,206.000000,330.188917,13.849409
files/p43.atsp,0.200000,206.000000,330.090566,13.866635
files/p43.atsp,0.200000,206.000000,330.177136,13.880376
files/p43.atsp,0.200000,206.000000,330.289837,13.894872
files/p43.atsp,0.200000,206.000000,330.218045,13.915400
files/p43.atsp,0.200000,206.000000,330.404255,13.934199
files/p43.atsp,0.200000,206.000000,330.456250,13.950511
files/p43.atsp,0.200000,206.000000,330.553059,13.968117
files/p43.atsp,0.200000,206.000000,330.500000,13.983561
files/p43.atsp,0.200000,206.000000,330.516812,13.998961
files/p43.atsp,0.200000,206.000000,330.639303,14.010827
files/p43.atsp,0.200000,206.000000,330.642236,14.031746
files/p43.atsp,0.200000,206.000000,330.630273,14.049619
files/p43.atsp,0.200000,206.000000,330.566295,14.069907
files/p43.atsp,0.200000,206.000000,330.547030,14.085220
files/p43.atsp,0.200000,206.000000,330.519159,14.103678
files/p43.atsp,0.200000,206.000000,330.548148,14.113911
files/p43.atsp,0.200000,206.000000,330.458693,14.131702
files/p43.atsp,0.200000,206.000000,330.514778,14.147084
files/p43.atsp,0.200000,206.000000,330.389914,14.162538
files/p43.atsp,0.200000,206.000000,330.345209,14.180494
files/p43.atsp,0.200000,206.000000,330.419632,14.197374
files/p43.atsp,0.200000,206.000000,330.409314,14.210053
files/p43.atsp,0.200000,206.000000,330.361077,14.226527
files/p43.atsp,0.200000,206.000000,330.347188,14.244465
files/p43.atsp,0.200000,206.000000,330.366300,14.258705
files/p43.atsp,0.200000,206.000000,330.303659,14.277371
files/p43.atsp,0.200000,206.000000,330.220463,14.288576
files/p43.atsp,0.200000,206.000000,330.290754,14.305669
files/p43.atsp,0.200000,206.000000,330.236938,14.324687
files/p43.atsp,0.200000,206.000000,330.253641,14.343675
files/p43.atsp,0.200000,206.000000,330.298182,14.359168
files/p43.atsp,0.200000,206.000000,330.397094,14.380567
files/p43.atsp,0.200000,206.000000,330.412334,14.399537
files/p43.atsp,0.200000,206.000000,330.456522,14.420363
files/p43.atsp,0.200000,206.000000,330.496984,14.436497
files/p43.atsp,0.200000,206.000000,330.550602,14.453477
files/p43.atsp,0.200000,206.000000,330.537906,14.471225
files/p43.atsp,0.200000,206.000000,330.576923,14.486862
files/p43.atsp,0.200000,206.000000,330.597839,14.499386
files/p43.atsp,0.200000,206.000000,330.585132,14.516186
files/p43.atsp,0.200000,206.000000,330.640719,14.533840
files/p43.atsp,0.200000,206.000000,330.734450,14.549272
files/p43.atsp,0.200000,206.000000,330.622461,14.566980
files/p43.atsp,0.200000,206.000000,330.566826,14.586041
files/p43.atsp,0.200000,206.000000,330.564958,14.599373
files/p43.atsp,0.200000,206.000000,330.551190,14.614841
files/p43.atsp,0.200000,206.000000,330.554102,14.634699
files/p43.atsp,0.200000,206.000000,330.423990,14.649456
files/p43.atsp,0.200000,186.000000,330.252669,14.662366
files/p43.atsp,0.200000,186.000000,330.225118,14.679404
files/p43.atsp,0.200000,186.000000,330.233136,14.700839
files/p43.atsp,0.200000,186.000000,330.343972,14.720800
files/p43.atsp,0.200000,186.000000,330.227863,14.737804
files/p43.atsp,0.200000,186.000000,330.172170,14.758242
files/p43.atsp,0.200000,186.000000,330.334511,14.775288
files/p43.atsp,0.200000,186.000000,330.392941,14.793555
files/p43.atsp,0.200000,186.000000,330.320799,14.810866
files/p43.atsp,0.200000,186.000000,330.219484,14.825726
files/p43.atsp,0.200000,186.000000,330.229777,14.842549
files/p43.atsp,0.200000,186.000000,330.200234,14.860708
files/p43.atsp,0.200000,186.000000,330.088889,14.879337
files/p43.atsp,0.200000,186.000000,330.112150,14.900386
files/p43.atsp,0.200000,186.000000,330.086348,14.924655
files/p43.atsp,0.200000,186.000000,330.157343,14.943842
files/p43.atsp,0.200000,186.000000,330.213038,14.959424
files/p43.atsp,0.200000,186.000000,330.143023,14.980575
files/p43.atsp,0.200000,186.000000,330.108014,14.993787
files/p43.atsp,0.200000,186.000000,330.170534,15.008185
files/p43.atsp,0.200000,186.000000,330.105446,15.023720
files/p43.atsp,0.200000,186.000000,330.081019,15.040119
files/p43.atsp,0.200000,186.000000,330.151445,15.054087
files/p43.atsp,0.200000,186.000000,330.036952,15.072841
files/p43.atsp,0.200000,186.000000,330.019608,15.088077
files/p43.atsp,0.200000,186.000000,329.952765,15.104123
files/p43.atsp,0.200000,186.000000,330.081703,15.121309
files/p43.atsp,0.200000,186.000000,330.201149,15.140555
files/p43.atsp,0.200000,186.000000,330.272101,15.156746
files/p43.atsp,0.200000,186.000000,330.261468,15.173454
files/p43.atsp,0.200000,186.000000,330.265750,15.196424
files/p43.atsp,0.200000,186.000000,330.344394,15.211021
files/p43.atsp,0.200000,186.000000,330.322286,15.231499
files/p43.atsp,0.200000,186.000000,330.268265,15.255913
files/p43.atsp,0.200000,186.000000,330.192702,15.270041
files/p43.atsp,0.200000,186.000000,330.182232,15.283456
files/p43.atsp,0.200000,186.000000,330.134243,15.299283
files/p43.atsp,0.200000,186.000000,330.184091,15.314823
files/p43.atsp,0.200000,186.000000,330.263337,15.339963
files/p43.atsp,0.200000,186.000000,330.292517,15.355226
files/p43.atsp,0.200000,186.000000,330.383918,15.378195
files/p43.atsp,0.200000,186.000000,330.382353,15.394291
files/p43.atsp,0.200000,186.000000,330.332203,15.415402
files/p43.atsp,0.200000,186.000000,330.451467,15.429806
files/p43.atsp,0.200000,186.000000,330.438557,15.445639
files/p43.atsp,0.200000,186.000000,330.375000,15.464510
files/p43.atsp,0.200000,186.000000,330.376828,15.485904
files/p43.atsp,0.200000,186.000000,330.283146,15.494725
files/p43.atsp,0.200000,186.000000,330.157127,15.513510
files/p43.atsp,0.200000,186.000000,330.079596,15.533847
files/p43.atsp,0.200000,186.000000,330.050392,15.545055
files/p43.atsp,0.200000,186.000000,330.022371,15.570518
files/p43.atsp,0.200000,186.000000,330.001117,15.587299
files/p43.atsp,0.200000,186.000000,330.006696,15.600279
files/p43.atsp,0.200000,186.000000,330.100334,15.615770
files/p43.atsp,0.200000,186.000000,330.095768,15.630428
files/p43.atsp,0.200000,186.000000,330.101224,15.647703
files/p43.atsp,0.200000,186.000000,330.166667,15.663968
files/p43.atsp,0.200000,186.000000,330.058824,15.675771
files/p43.atsp,0.200000,186.000000,329.982262,15.692303
files/p43.atsp,0.200000,186.000000,330.050941,15.714544
files/p43.atsp,0.200000,186.000000,330.088496,15.731632
files/p43.atsp,0.200000,186.000000,330.102762,15.748456
