files/p43.atsp,0.300000,313.000000,313.000000,0.025324
files/p43.atsp,0.300000,236.000000,274.500000,0.043037
files/p43.atsp,0.300000,236.000000,281.000000,0.062902
files/p43.atsp,0.300000,236.000000,278.250000,0.080420
files/p43.atsp,0.300000,236.000000,312.400000,0.104825
files/p43.atsp,0.300000,236.000000,318.833333,0.126878
files/p43.atsp,0.300000,236.000000,337.428571,0.149820
files/p43.atsp,0.300000,236.000000,342.000000,0.171761
files/p43.atsp,0.300000,236.000000,335.555556,0.190245
files/p43.atsp,0.300000,236.000000,333.200000,0.214526
files/p43.atsp,0.300000,236.000000,334.000000,0.233330
files/p43.atsp,0.300000,236.000000,341.916667,0.253282
files/p43.atsp,0.300000,236.000000,342.461538,0.270430
files/p43.atsp,0.300000,236.000000,338.214286,0.286791
files/p43.atsp,0.300000,236.000000,337.533333,0.309309
files/p43.atsp,0.300000,236.000000,335.562500,0.334583
files/p43.atsp,0.300000,236.000000,333.235294,0.351294
files/p43.atsp,0.300000,236.000000,337.111111,0.370821
files/p43.atsp,0.300000,236.000000,332.894737,0.392333
files/p43.atsp,0.300000,236.000000,330.300000,0.416824
files/p43.atsp,0.300000,236.000000,334.571429,0.437284
files/p43.atsp,0.300000,236.000000,337.227273,0.458318
files/p43.atsp,0.300000,236.000000,335.652174,0.479070
files/p43.atsp,0.300000,236.000000,333.583333,0.502073
files/p43.atsp,0.300000,236.000000,339.880000,0.524757
files/p43.atsp,0.300000,236.000000,341.653846,0.551099
files/p43.atsp,0.300000,236.000000,341.629630,0.568454
files/p43.atsp,0.300000,236.000000,342.607143,0.583848
files/p43.atsp,0.300000,236.000000,341.620690,0.604501
files/p43.atsp,0.300000,236.000000,338.433333,0.626905
files/p43.atsp,0.300000,236.000000,337.870968,0.648883
files/p43.atsp,0.300000,236.000000,335.062500,0.669515
files/p43.atsp,0.300000,236.000000,334.575758,0.697148
files/p43.atsp,0.300000,236.000000,334.588235,0.718462
files/p43.atsp,0.300000,236.000000,333.971429,0.743041
files/p43.atsp,0.300000,236.000000,332.861111,0.763368
files/p43.atsp,0.300000,236.000000,331.108108,0.782673
files/p43.atsp,0.300000,236.000000,328.815789,0.800789
files/p43.atsp,0.300000,236.000000,327.512821,0.818566
files/p43.atsp,0.300000,236.000000,329.675000,0.837520
files/p43.atsp,0.300000,236.000000,329.658537,0.857203
files/p43.atsp,0.300000,236.000000,331.952381,0.877428
files/p43.atsp,0.300000,222.000000,329.395349,0.896185
files/p43.atsp,0.300000,222.000000,329.522727,0.916157
files/p43.atsp,0.300000,222.000000,332.355556,0.930003
files/p43.atsp,0.300000,222.000000,332.673913,0.944355
files/p43.atsp,0.300000,222.000000,330.340426,0.963628
files/p43.atsp,0.300000,222.000000,329.166667,0.988302
files/p43.atsp,0.300000,222.000000,327.959184,1.009861
files/p43.atsp,0.300000,222.000000,330.100000,1.038792
files/p43.atsp,0.300000,222.000000,333.450980,1.055394
files/p43.atsp,0.300000,222.000000,331.480769,1.077740
files/p43.atsp,0.300000,222.000000,330.433962,1.095544
files/p43.atsp,0.300000,222.000000,331.333333,1.116220
files/p43.atsp,0.300000,222.000000,330.363636,1.137827
files/p43.atsp,0.300000,222.000000,329.285714,1.159035
files/p43.atsp,0.300000,222.000000,330.508772,1.178115
files/p43.atsp,0.300000,222.000000,331.155172,1.199185
files/p43.atsp,0.300000,222.000000,331.542373,1.222357
files/p43.atsp,0.300000,222.000000,331.166667,1.244714
files/p43.atsp,0.300000,222.000000,329.770492,1.261151
files/p43.atsp,0.300000,222.000000,329.193548,1.284639
files/p43.atsp,0.300000,222.000000,329.523810,1.301836
files/p43.atsp,0.300000,222.000000,329.468750,1.322964
files/p43.atsp,0.300000,222.000000,330.061538,1.343126
files/p43.atsp,0.300000,222.000000,330.878788,1.365866
files/p43.atsp,0.300000,222.000000,331.761194,1.384725
files/p43.atsp,0.300000,222.000000,332.102941,1.403386
files/p43.atsp,0.300000,222.000000,331.362319,1.422357
files/p43.atsp,0.300000,222.000000,331.542857,1.437508
files/p43.atsp,0.300000,222.000000,332.577465,1.455392
files/p43.atsp,0.300000,222.000000,331.444444,1.476390
files/p43.atsp,0.300000,222.000000,332.041096,1.495476
files/p43.atsp,0.300000,222.000000,331.783784,1.513275
files/p43.atsp,0.300000,222.000000,331.146667,1.536902
files/p43.atsp,0.300000,222.000000,331.223684,1.552143
files/p43.atsp,0.300000,222.000000,331.480519,1.573445
files/p43.atsp,0.300000,222.000000,330.987179,1.594307
files/p43.atsp,0.300000,222.000000,331.329114,1.620878
files/p43.atsp,0.300000,222.000000,331.175000,1.641416
files/p43.atsp,0.300000,222.000000,333.679012,1.665264
files/p43.atsp,0.300000,222.000000,336.597561,1.684075
files/p43.atsp,0.300000,222.000000,336.108434,1.705769
files/p43.atsp,0.300000,222.000000,337.297619,1.727170
files/p43.atsp,0.300000,222.000000,336.494118,1.749762
files/p43.atsp,0.300000,222.000000,336.918605,1.768136
files/p43.atsp,0.300000,222.000000,336.149425,1.789109
files/p43.atsp,0.300000,222.000000,336.477273,1.807515
files/p43.atsp,0.300000,222.000000,337.089888,1.827065
files/p43.atsp,0.300000,222.000000,337.588889,1.848511
files/p43.atsp,0.300000,222.000000,336.681319,1.870270
files/p43.atsp,0.300000,222.000000,337.010870,1.891017
files/p43.atsp,0.300000,222.000000,336.376344,1.907206
files/p43.atsp,0.300000,222.000000,335.787234,1.925799
files/p43.atsp,0.300000,222.000000,335.715789,1.948462
files/p43.atsp,0.300000,222.000000,335.937500,1.966383
files/p43.atsp,0.300000,222.000000,335.278351,1.984756
files/p43.atsp,0.300000,222.000000,335.275510,2.003843
files/p43.atsp,0.300000,222.000000,335.313131,2.026109
files/p43.atsp,0.300000,222.000000,334.630000,2.044303
files/p43.atsp,0.300000,222.000000,335.297030,2.061948
files/p43.atsp,0.300000,222.000000,336.215686,2.084953
files/p43.atsp,0.300000,222.000000,335.543689,2.099983
files/p43.atsp,0.300000,222.000000,335.865385,2.119802
files/p43.atsp,0.300000,222.000000,335.400000,2.141817
files/p43.atsp,0.300000,222.000000,335.764151,2.171560
files/p43.atsp,0.300000,222.000000,335.691589,2.190899
files/p43.atsp,0.300000,222.000000,336.583333,2.205926
files/p43.atsp,0.300000,222.000000,336.733945,2.224818
files/p43.atsp,0.300000,222.000000,336.472727,2.241702
files/p43.atsp,0.300000,222.000000,336.675676,2.258550
files/p43.atsp,0.300000,222.000000,336.642857,2.279405
files/p43.atsp,0.300000,222.000000,337.026549,2.298844
files/p43.atsp,0.300000,222.000000,336.491228,2.321389
files/p43.atsp,0.300000,222.000000,336.382609,2.341920
files/p43.atsp,0.300000,222.000000,336.413793,2.357882
files/p43.atsp,0.300000,222.000000,336.051282,2.376161
files/p43.atsp,0.300000,222.000000,335.389831,2.396111
files/p43.atsp,0.300000,222.000000,334.731092,2.418493
files/p43.atsp,0.300000,222.000000,335.375000,2.436806
files/p43.atsp,0.300000,222.000000,335.834711,2.457156
files/p43.atsp,0.300000,222.000000,335.262295,2.476839
files/p43.atsp,0.300000,222.000000,335.008130,2.497688
files/p43.atsp,0.300000,222.000000,334.290323,2.524183
files/p43.atsp,0.300000,222.000000,334.176000,2.540138
files/p43.atsp,0.300000,222.000000,334.301587,2.558412
files/p43.atsp,0.300000,222.000000,333.708661,2.576240
files/p43.atsp,0.300000,222.000000,334.109375,2.594085
files/p43.atsp,0.300000,222.000000,333.767442,2.612424
files/p43.atsp,0.300000,222.000000,333.700000,2.641613
files/p43.atsp,0.300000,222.000000,333.374046,2.666708
files/p43.atsp,0.300000,222.000000,333.568182,2.692634
files/p43.atsp,0.300000,222.000000,333.150376,2.715966
files/p43.atsp,0.300000,222.000000,333.358209,2.737871
files/p43.atsp,0.300000,222.000000,333.244444,2.753201
files/p43.atsp,0.300000,222.000000,333.507353,2.776043
files/p43.atsp,0.300000,222.000000,334.416058,2.794243
files/p43.atsp,0.300000,222.000000,334.304348,2.811542
files/p43.atsp,0.300000,222.000000,334.381295,2.833924
files/p43.atsp,0.300000,222.000000,334.992857,2.861651
files/p43.atsp,0.300000,222.000000,334.673759,2.874769
files/p43.atsp,0.300000,222.000000,334.690141,2.895794
files/p43.atsp,0.300000,222.000000,334.643357,2.916667
files/p43.atsp,0.300000,222.000000,334.895833,2.938309
files/p43.atsp,0.300000,222.000000,334.820690,2.957058
files/p43.atsp,0.300000,220.000000,334.034247,2.975186
files/p43.atsp,0.300000,220.000000,334.476190,2.994744
files/p43.atsp,0.300000,220.000000,334.391892,3.022512
files/p43.atsp,0.300000,220.000000,334.134228,3.041458
files/p43.atsp,0.300000,220.000000,334.660000,3.051987
files/p43.atsp,0.300000,220.000000,334.821192,3.070720
files/p43.atsp,0.300000,220.000000,335.782895,3.086745
files/p43.atsp,0.300000,220.000000,335.712418,3.105276
files/p43.atsp,0.300000,220.000000,336.116883,3.127877
files/p43.atsp,0.300000,220.000000,336.567742,3.154339
files/p43.atsp,0.300000,220.000000,336.884615,3.177580
files/p43.atsp,0.300000,220.000000,337.031847,3.198383
files/p43.atsp,0.300000,220.000000,337.721519,3.219659
files/p43.atsp,0.300000,220.000000,338.125786,3.240842
files/p43.atsp,0.300000,220.000000,338.556250,3.257846
files/p43.atsp,0.300000,220.000000,338.440994,3.279224
files/p43.atsp,0.300000,220.000000,338.098765,3.296343
files/p43.atsp,0.300000,220.000000,337.576687,3.319108
files/p43.atsp,0.300000,220.000000,337.902439,3.335234
files/p43.atsp,0.300000,220.000000,338.121212,3.354910
files/p43.atsp,0.300000,220.000000,338.084337,3.376076
files/p43.atsp,0.300000,220.000000,338.389222,3.393580
files/p43.atsp,0.300000,220.000000,338.875000,3.421145
files/p43.atsp,0.300000,220.000000,339.313609,3.438252
files/p43.atsp,0.300000,220.000000,339.105882,3.460063
files/p43.atsp,0.300000,220.000000,339.368421,3.482676
files/p43.atsp,0.300000,220.000000,339.319767,3.504329
files/p43.atsp,0.300000,220.000000,338.745665,3.530078
files/p43.atsp,0.300000,220.000000,338.482759,3.551996
files/p43.atsp,0.300000,220.000000,338.668571,3.569588
files/p43.atsp,0.300000,220.000000,338.284091,3.590554
files/p43.atsp,0.300000,220.000000,338.271186,3.609419
files/p43.atsp,0.300000,220.000000,338.617978,3.634262
files/p43.atsp,0.300000,220.000000,338.608939,3.653961
files/p43.atsp,0.300000,220.000000,338.955556,3.673664
files/p43.atsp,0.300000,220.000000,339.734807,3.694126
files/p43.atsp,0.300000,220.000000,340.027473,3.709502
files/p43.atsp,0.300000,220.000000,340.382514,3.731840
files/p43.atsp,0.300000,220.000000,340.206522,3.753110
files/p43.atsp,0.300000,220.000000,340.600000,3.769701
files/p43.atsp,0.300000,220.000000,340.752688,3.789442
files/p43.atsp,0.300000,220.000000,341.090909,3.812611
files/p43.atsp,0.300000,220.000000,340.989362,3.835437
files/p43.atsp,0.300000,220.000000,340.597884,3.856439
files/p43.atsp,0.300000,220.000000,340.578947,3.879065
files/p43.atsp,0.300000,220.000000,341.172775,3.902897
files/p43.atsp,0.300000,220.000000,340.854167,3.922866
files/p43.atsp,0.300000,220.000000,340.497409,3.941087
files/p43.atsp,0.300000,220.000000,340.505155,3.959509
files/p43.atsp,0.300000,220.000000,341.107692,3.978692
files/p43.atsp,0.300000,220.000000,340.770408,4.006233
files/p43.atsp,0.300000,220.000000,341.111675,4.024691
files/p43.atsp,0.300000,220.000000,341.186869,4.047407
files/p43.atsp,0.300000,220.000000,340.864322,4.069638
files/p43.atsp,0.300000,220.000000,340.470000,4.088143
files/p43.atsp,0.300000,220.000000,340.278607,4.104134
files/p43.atsp,0.300000,220.000000,340.277228,4.121928
files/p43.atsp,0.300000,220.000000,340.630542,4.140371
files/p43.atsp,0.300000,220.000000,340.946078,4.168234
files/p43.atsp,0.300000,220.000000,340.839024,4.195323
files/p43.atsp,0.300000,220.000000,341.388350,4.218062
files/p43.atsp,0.300000,220.000000,341.966184,4.237180
files/p43.atsp,0.300000,220.000000,341.918269,4.274912
files/p43.atsp,0.300000,220.000000,341.492823,4.295372
files/p43.atsp,0.300000,220.000000,341.657143,4.314152
files/p43.atsp,0.300000,220.000000,341.886256,4.337383
files/p43.atsp,0.300000,220.000000,341.693396,4.355924
files/p43.atsp,0.300000,220.000000,341.835681,4.372876
files/p43.atsp,0.300000,220.000000,341.644860,4.394817
files/p43.atsp,0.300000,220.000000,341.297674,4.418438
files/p43.atsp,0.300000,220.000000,341.166667,4.436905
files/p43.atsp,0.300000,220.000000,341.055300,4.454218
files/p43.atsp,0.300000,220.000000,341.151376,4.477311
files/p43.atsp,0.300000,220.000000,341.575342,4.494800
files/p43.atsp,0.300000,220.000000,341.659091,4.511486
files/p43.atsp,0.300000,220.000000,341.466063,4.535366
files/p43.atsp,0.300000,220.000000,341.468468,4.554857
files/p43.atsp,0.300000,220.000000,341.381166,4.581793
files/p43.atsp,0.300000,213.000000,340.808036,4.604148
files/p43.atsp,0.300000,213.000000,340.751111,4.624144
files/p43.atsp,0.300000,213.000000,340.858407,4.647171
files/p43.atsp,0.300000,213.000000,340.682819,4.672494
files/p43.atsp,0.300000,213.000000,340.750000,4.701831
files/p43.atsp,0.300000,213.000000,340.995633,4.726590
files/p43.atsp,0.300000,213.000000,340.956522,4.746874
files/p43.atsp,0.300000,213.000000,341.125541,4.761760
files/p43.atsp,0.300000,213.000000,341.814655,4.782065
files/p43.atsp,0.300000,213.000000,341.467811,4.802616
files/p43.atsp,0.300000,213.000000,341.427350,4.829117
files/p43.atsp,0.300000,213.000000,341.344681,4.843014
files/p43.atsp,0.300000,213.000000,341.194915,4.866259
files/p43.atsp,0.300000,213.000000,340.843882,4.888330
files/p43.atsp,0.300000,213.000000,340.928571,4.916071
files/p43.atsp,0.300000,213.000000,340.794979,4.938412
files/p43.atsp,0.300000,213.000000,340.670833,4.956932
files/p43.atsp,0.300000,213.000000,340.493776,4.973082
files/p43.atsp,0.300000,213.000000,340.545455,4.996893
files/p43.atsp,0.300000,213.000000,340.905350,5.014230
files/p43.atsp,0.300000,213.000000,340.860656,5.034095
files/p43.atsp,0.300000,213.000000,341.073469,5.052924
files/p43.atsp,0.300000,213.000000,341.085366,5.073884
files/p43.atsp,0.300000,213.000000,340.898785,5.093370
files/p43.atsp,0.300000,213.000000,341.419355,5.123730
files/p43.atsp,0.300000,213.000000,341.060241,5.141986
files/p43.atsp,0.300000,213.000000,340.980000,5.165100
files/p43.atsp,0.300000,213.000000,341.159363,5.183400
files/p43.atsp,0.300000,213.000000,341.154762,5.204255
files/p43.atsp,0.300000,213.000000,341.422925,5.229269
files/p43.atsp,0.300000,213.000000,341.248031,5.249608
files/p43.atsp,0.300000,213.000000,341.254902,5.272642
files/p43.atsp,0.300000,213.000000,341.261719,5.291675
files/p43.atsp,0.300000,213.000000,341.509728,5.315829
files/p43.atsp,0.300000,213.000000,341.341085,5.336086
files/p43.atsp,0.300000,213.000000,341.119691,5.356791
files/p43.atsp,0.300000,213.000000,341.200000,5.380556
files/p43.atsp,0.300000,213.000000,340.865900,5.410091
files/p43.atsp,0.300000,213.000000,341.129771,5.426001
files/p43.atsp,0.300000,213.000000,341.057034,5.442132
files/p43.atsp,0.300000,213.000000,341.450758,5.459364
files/p43.atsp,0.300000,213.000000,341.358491,5.477039
files/p43.atsp,0.300000,213.000000,341.518797,5.505290
files/p43.atsp,0.300000,213.000000,341.516854,5.526983
files/p43.atsp,0.300000,213.000000,341.626866,5.547558
files/p43.atsp,0.300000,213.000000,341.390335,5.572532
files/p43.atsp,0.300000,213.000000,341.162963,5.592978
files/p43.atsp,0.300000,213.000000,341.025830,5.616495
files/p43.atsp,0.300000,213.000000,341.143382,5.638271
files/p43.atsp,0.300000,213.000000,341.527473,5.660203
files/p43.atsp,0.300000,213.000000,341.197080,5.682416
files/p43.atsp,0.300000,213.000000,340.992727,5.702625
files/p43.atsp,0.300000,213.000000,341.199275,5.726123
files/p43.atsp,0.300000,213.000000,341.379061,5.745087
files/p43.atsp,0.300000,213.000000,341.561151,5.762663
files/p43.atsp,0.300000,213.000000,341.598566,5.783968
files/p43.atsp,0.300000,206.000000,341.114286,5.796957
files/p43.atsp,0.300000,206.000000,341.092527,5.819404
files/p43.atsp,0.300000,206.000000,340.840426,5.836427
files/p43.atsp,0.300000,206.000000,340.565371,5.860186
files/p43.atsp,0.300000,206.000000,340.866197,5.880657
files/p43.atsp,0.300000,206.000000,340.943860,5.905262
files/p43.atsp,0.300000,206.000000,340.629371,5.929174
files/p43.atsp,0.300000,206.000000,340.505226,5.947889
files/p43.atsp,0.300000,206.000000,340.489583,5.968246
files/p43.atsp,0.300000,206.000000,340.394464,5.996451
files/p43.atsp,0.300000,206.000000,340.620690,6.017895
files/p43.atsp,0.300000,194.000000,340.116838,6.038727
files/p43.atsp,0.300000,194.000000,339.948630,6.057454
files/p43.atsp,0.300000,194.000000,339.877133,6.079099
files/p43.atsp,0.300000,194.000000,340.003401,6.106566
files/p43.atsp,0.300000,194.000000,339.894915,6.126619
files/p43.atsp,0.300000,194.000000,340.070946,6.145722
files/p43.atsp,0.300000,194.000000,340.151515,6.170295
files/p43.atsp,0.300000,194.000000,340.177852,6.195554
files/p43.atsp,0.300000,194.000000,340.267559,6.227922
files/p43.atsp,0.300000,194.000000,340.113333,6.247625
files/p43.atsp,0.300000,194.000000,340.069767,6.260545
files/p43.atsp,0.300000,194.000000,339.768212,6.279056
files/p43.atsp,0.300000,194.000000,339.429043,6.298149
files/p43.atsp,0.300000,194.000000,339.407895,6.321721
files/p43.atsp,0.300000,194.000000,339.275410,6.342393
files/p43.atsp,0.300000,194.000000,339.424837,6.364642
files/p43.atsp,0.300000,194.000000,339.381107,6.385440
files/p43.atsp,0.300000,194.000000,339.204545,6.408569
files/p43.atsp,0.300000,194.000000,338.957929,6.438763
files/p43.atsp,0.300000,194.000000,339.245161,6.458182
files/p43.atsp,0.300000,194.000000,339.424437,6.483119
files/p43.atsp,0.300000,194.000000,339.766026,6.503970
files/p43.atsp,0.300000,194.000000,339.584665,6.524130
files/p43.atsp,0.300000,194.000000,339.662420,6.547746
files/p43.atsp,0.300000,194.000000,339.647619,6.564063
files/p43.atsp,0.300000,194.000000,339.727848,6.580587
files/p43.atsp,0.300000,194.000000,339.826498,6.594198
files/p43.atsp,0.300000,194.000000,339.855346,6.612040
files/p43.atsp,0.300000,194.000000,339.664577,6.631009
files/p43.atsp,0.300000,194.000000,339.431250,6.654192
files/p43.atsp,0.300000,194.000000,339.485981,6.679410
files/p43.atsp,0.300000,194.000000,339.518634,6.705018
files/p43.atsp,0.300000,194.000000,339.569659,6.723625
files/p43.atsp,0.300000,194.000000,339.558642,6.747063
files/p43.atsp,0.300000,194.000000,339.818462,6.764225
files/p43.atsp,0.300000,194.000000,339.515337,6.781295
files/p43.atsp,0.300000,194.000000,339.425076,6.799719
files/p43.atsp,0.300000,194.000000,339.408537,6.817187
files/p43.atsp,0.300000,194.000000,339.568389,6.831952
files/p43.atsp,0.300000,194.000000,339.442424,6.848714
files/p43.atsp,0.300000,194.000000,339.302115,6.869476
files/p43.atsp,0.300000,194.000000,339.457831,6.889293
files/p43.atsp,0.300000,194.000000,339.258258,6.914982
files/p43.atsp,0.300000,194.000000,339.251497,6.936608
files/p43.atsp,0.300000,194.000000,339.283582,6.959274
files/p43.atsp,0.300000,194.000000,339.267857,6.979109
files/p43.atsp,0.300000,194.000000,339.534125,7.004323
files/p43.atsp,0.300000,194.000000,339.446746,7.023680
files/p43.atsp,0.300000,194.000000,339.607670,7.044707
files/p43.atsp,0.300000,194.000000,339.341176,7.065065
files/p43.atsp,0.300000,194.000000,339.096774,7.085478
files/p43.atsp,0.300000,194.000000,339.128655,7.117999
files/p43.atsp,0.300000,194.000000,339.134111,7.136927
files/p43.atsp,0.300000,194.000000,339.244186,7.164024
files/p43.atsp,0.300000,194.000000,339.246377,7.190207
files/p43.atsp,0.300000,194.000000,339.482659,7.207111
files/p43.atsp,0.300000,194.000000,339.544669,7.233316
files/p43.atsp,0.300000,194.000000,339.364943,7.253477
files/p43.atsp,0.300000,194.000000,339.318052,7.271825
files/p43.atsp,0.300000,194.000000,339.340000,7.293927
files/p43.atsp,0.300000,194.000000,339.435897,7.314652
files/p43.atsp,0.300000,194.000000,339.514205,7.337718
files/p43.atsp,0.300000,194.000000,339.747875,7.357524
files/p43.atsp,0.300000,194.000000,339.661017,7.376783
files/p43.atsp,0.300000,194.000000,339.749296,7.398540
files/p43.atsp,0.300000,194.000000,339.671348,7.413179
files/p43.atsp,0.300000,194.000000,339.661064,7.430248
files/p43.atsp,0.300000,194.000000,339.567039,7.455354
files/p43.atsp,0.300000,194.000000,339.551532,7.481259
files/p43.atsp,0.300000,194.000000,339.602778,7.497207
files/p43.atsp,0.300000,194.000000,339.509695,7.522721
files/p43.atsp,0.300000,194.000000,339.798343,7.533275
files/p43.atsp,0.300000,194.000000,340.121212,7.550695
files/p43.atsp,0.300000,194.000000,340.403846,7.572658
files/p43.atsp,0.300000,194.000000,340.523288,7.591499
files/p43.atsp,0.300000,194.000000,340.601093,7.612884
files/p43.atsp,0.300000,194.000000,340.623978,7.632974
files/p43.atsp,0.300000,194.000000,340.402174,7.659199
files/p43.atsp,0.300000,194.000000,340.349593,7.687581
files/p43.atsp,0.300000,194.000000,340.218919,7.704186
files/p43.atsp,0.300000,194.000000,340.183288,7.726984
files/p43.atsp,0.300000,194.000000,340.271505,7.749011
files/p43.atsp,0.300000,194.000000,340.281501,7.767078
files/p43.atsp,0.300000,194.000000,340.224599,7.789068
files/p43.atsp,0.300000,194.000000,340.520000,7.817303
files/p43.atsp,0.300000,194.000000,340.292553,7.838732
files/p43.atsp,0.300000,194.000000,340.151194,7.858736
files/p43.atsp,0.300000,194.000000,339.973545,7.878277
files/p43.atsp,0.300000,194.000000,340.335092,7.897699
files/p43.atsp,0.300000,194.000000,340.507895,7.916945
files/p43.atsp,0.300000,194.000000,340.391076,7.946550
files/p43.atsp,0.300000,194.000000,340.455497,7.966157
files/p43.atsp,0.300000,194.000000,340.592689,7.992663
files/p43.atsp,0.300000,194.000000,340.322917,8.014076
files/p43.atsp,0.300000,194.000000,340.145455,8.035796
files/p43.atsp,0.300000,194.000000,339.992228,8.058535
files/p43.atsp,0.300000,194.000000,340.007752,8.082665
files/p43.atsp,0.300000,194.000000,339.716495,8.100723
files/p43.atsp,0.300000,194.000000,340.107969,8.122634
files/p43.atsp,0.300000,194.000000,340.400000,8.147615
files/p43.atsp,0.300000,194.000000,340.728900,8.163267
files/p43.atsp,0.300000,194.000000,340.844388,8.187538
files/p43.atsp,0.300000,194.000000,341.104326,8.207447
files/p43.atsp,0.300000,194.000000,341.101523,8.223483
files/p43.atsp,0.300000,194.000000,341.417722,8.240636
files/p43.atsp,0.300000,194.000000,341.239899,8.260169
files/p43.atsp,0.300000,194.000000,341.397985,8.278713
files/p43.atsp,0.300000,194.000000,341.381910,8.300636
files/p43.atsp,0.300000,194.000000,341.298246,8.328182
files/p43.atsp,0.300000,194.000000,341.255000,8.349085
files/p43.atsp,0.300000,194.000000,341.518703,8.371316
files/p43.atsp,0.300000,194.000000,341.557214,8.394968
files/p43.atsp,0.300000,194.000000,341.578164,8.408380
files/p43.atsp,0.300000,194.000000,341.581683,8.426551
files/p43.atsp,0.300000,194.000000,341.649383,8.444455
files/p43.atsp,0.300000,194.000000,341.692118,8.463523
files/p43.atsp,0.300000,194.000000,341.896806,8.483195
files/p43.atsp,0.300000,194.000000,341.948529,8.502009
files/p43.atsp,0.300000,194.000000,342.237164,8.528966
files/p43.atsp,0.300000,194.000000,342.314634,8.549755
files/p43.atsp,0.300000,194.000000,342.559611,8.570829
files/p43.atsp,0.300000,194.000000,342.650485,8.592513
files/p43.atsp,0.300000,194.000000,342.564165,8.614201
files/p43.atsp,0.300000,194.000000,342.775362,8.637275
files/p43.atsp,0.300000,194.000000,342.804819,8.654928
files/p43.atsp,0.300000,194.000000,342.759615,8.671428
files/p43.atsp,0.300000,194.000000,342.760192,8.689742
files/p43.atsp,0.300000,194.000000,342.751196,8.716129
files/p43.atsp,0.300000,194.000000,342.916468,8.736033
files/p43.atsp,0.300000,194.000000,343.028571,8.760812
files/p43.atsp,0.300000,194.000000,343.066508,8.783298
files/p43.atsp,0.300000,194.000000,343.028436,8.807860
files/p43.atsp,0.300000,194.000000,342.992908,8.826937
files/p43.atsp,0.300000,194.000000,343.158019,8.848233
files/p43.atsp,0.300000,194.000000,343.225882,8.869328
files/p43.atsp,0.300000,194.000000,342.913146,8.891767
files/p43.atsp,0.300000,194.000000,343.037471,8.914672
files/p43.atsp,0.300000,194.000000,343.100467,8.931873
files/p43.atsp,0.300000,194.000000,343.377622,8.949721
files/p43.atsp,0.300000,194.000000,343.490698,8.975258
files/p43.atsp,0.300000,194.000000,343.373550,8.997647
files/p43.atsp,0.300000,194.000000,343.314815,9.026775
files/p43.atsp,0.300000,194.000000,343.376443,9.046500
files/p43.atsp,0.300000,194.000000,343.324885,9.065937
files/p43.atsp,0.300000,194.000000,343.305747,9.093419
files/p43.atsp,0.300000,194.000000,343.603211,9.109904
files/p43.atsp,0.300000,194.000000,343.519451,9.128830
files/p43.atsp,0.300000,194.000000,343.488584,9.156382
files/p43.atsp,0.300000,194.000000,343.405467,9.182588
files/p43.atsp,0.300000,194.000000,343.436364,9.201219
files/p43.atsp,0.300000,194.000000,343.587302,9.224418
files/p43.atsp,0.300000,194.000000,343.515837,9.245568
files/p43.atsp,0.300000,194.000000,343.643341,9.265508
files/p43.atsp,0.300000,194.000000,343.826577,9.297473
files/p43.atsp,0.300000,194.000000,343.874157,9.320949
files/p43.atsp,0.300000,194.000000,343.775785,9.343562
files/p43.atsp,0.300000,194.000000,343.881432,9.359575
files/p43.atsp,0.300000,194.000000,343.924107,9.379243
files/p43.atsp,0.300000,194.000000,343.968820,9.395170
files/p43.atsp,0.300000,194.000000,344.062222,9.416189
files/p43.atsp,0.300000,194.000000,343.909091,9.435084
files/p43.atsp,0.300000,194.000000,343.767699,9.448903
files/p43.atsp,0.300000,194.000000,343.587196,9.465389
files/p43.atsp,0.300000,194.000000,343.453744,9.485215
files/p43.atsp,0.300000,194.000000,343.872527,9.509585
files/p43.atsp,0.300000,194.000000,343.853070,9.527556
files/p43.atsp,0.300000,194.000000,343.919037,9.551870
files/p43.atsp,0.300000,194.000000,344.039301,9.571385
files/p43.atsp,0.300000,194.000000,344.095861,9.597977
files/p43.atsp,0.300000,194.000000,344.158696,9.616181
files/p43.atsp,0.300000,194.000000,344.140998,9.632322
files/p43.atsp,0.300000,194.000000,344.106061,9.653315
files/p43.atsp,0.300000,194.000000,344.045356,9.678495
files/p43.atsp,0.300000,194.000000,344.004310,9.704573
files/p43.atsp,0.300000,194.000000,343.907527,9.723373
files/p43.atsp,0.300000,194.000000,343.896996,9.742332
files/p43.atsp,0.300000,194.000000,343.860814,9.769972
files/p43.atsp,0.300000,194.000000,343.957265,9.788695
files/p43.atsp,0.300000,194.000000,343.788913,9.810865
files/p43.atsp,0.300000,194.000000,343.934043,9.826411
files/p43.atsp,0.300000,194.000000,343.696391,9.843767
files/p43.atsp,0.300000,194.000000,343.819915,9.864475
files/p43.atsp,0.300000,194.000000,343.788584,9.891052
files/p43.atsp,0.300000,194.000000,344.126582,9.907397
files/p43.atsp,0.300000,194.000000,344.204211,9.929378
files/p43.atsp,0.300000,194.000000,344.197479,9.948885
files/p43.atsp,0.300000,194.000000,344.417191,9.969081
files/p43.atsp,0.300000,194.000000,344.188285,9.986959
files/p43.atsp,0.300000,194.000000,344.384134,10.009326
files/p43.atsp,0.300000,194.000000,344.375000,10.028120
files/p43.atsp,0.300000,194.000000,344.388773,10.046196
files/p43.atsp,0.300000,194.000000,344.595436,10.065412
files/p43.atsp,0.300000,194.000000,344.426501,10.086921
files/p43.atsp,0.300000,194.000000,344.359504,10.109937
files/p43.atsp,0.300000,194.000000,344.410309,10.129186
files/p43.atsp,0.300000,194.000000,344.390947,10.157106
files/p43.atsp,0.300000,194.000000,344.464066,10.183636
files/p43.atsp,0.300000,194.000000,344.481557,10.205197
files/p43.atsp,0.300000,194.000000,344.378323,10.227853
files/p43.atsp,0.300000,194.000000,344.436735,10.251383
files/p43.atsp,0.300000,194.000000,344.370672,10.270725
files/p43.atsp,0.300000,194.000000,344.388211,10.288204
files/p43.atsp,0.300000,194.000000,344.288032,10.305346
files/p43.atsp,0.300000,194.000000,344.429150,10.323976
files/p43.atsp,0.300000,194.000000,344.296970,10.347362
files/p43.atsp,0.300000,194.000000,344.112903,10.372408
files/p43.atsp,0.300000,194.000000,344.195171,10.389621
files/p43.atsp,0.300000,194.000000,344.072289,10.407018
files/p43.atsp,0.300000,194.000000,343.971944,10.419895
files/p43.atsp,0.300000,194.000000,343.810000,10.445306
files/p43.atsp,0.300000,194.000000,343.736527,10.478434
files/p43.atsp,0.300000,194.000000,343.707171,10.503534
files/p43.atsp,0.300000,194.000000,343.691849,10.528454
files/p43.atsp,0.300000,194.000000,343.644841,10.550686
files/p43.atsp,0.300000,194.000000,343.613861,10.570242
files/p43.atsp,0.300000,194.000000,343.610672,10.590422
files/p43.atsp,0.300000,194.000000,343.587771,10.619810
files/p43.atsp,0.300000,194.000000,343.637795,10.643306
files/p43.atsp,0.300000,194.000000,343.561886,10.661327
files/p43.atsp,0.300000,194.000000,343.601961,10.680845
files/p43.atsp,0.300000,194.000000,343.647750,10.702773
files/p43.atsp,0.300000,194.000000,343.537109,10.725763
files/p43.atsp,0.300000,194.000000,343.727096,10.749646
files/p43.atsp,0.300000,194.000000,343.760700,10.774162
files/p43.atsp,0.300000,194.000000,343.809709,10.802551
files/p43.atsp,0.300000,194.000000,343.883721,10.823569
files/p43.atsp,0.300000,194.000000,343.893617,10.836483
files/p43.atsp,0.300000,194.000000,343.749035,10.855135
files/p43.atsp,0.300000,194.000000,343.944123,10.872154
files/p43.atsp,0.300000,194.000000,343.738462,10.887477
files/p43.atsp,0.300000,194.000000,343.829175,10.918943
files/p43.atsp,0.300000,194.000000,343.975096,10.941347
files/p43.atsp,0.300000,194.000000,343.866157,10.959789
files/p43.atsp,0.300000,194.000000,343.870229,10.982979
files/p43.atsp,0.300000,194.000000,343.813333,10.998984
files/p43.atsp,0.300000,194.000000,343.735741,11.013052
files/p43.atsp,0.300000,194.000000,343.800759,11.030504
files/p43.atsp,0.300000,194.000000,343.825758,11.053057
files/p43.atsp,0.300000,194.000000,343.820416,11.072089
files/p43.atsp,0.300000,194.000000,343.837736,11.087363
files/p43.atsp,0.300000,194.000000,343.960452,11.101082
files/p43.atsp,0.300000,194.000000,343.828947,11.119735
files/p43.atsp,0.300000,194.000000,343.607880,11.137522
files/p43.atsp,0.300000,194.000000,343.503745,11.160036
files/p43.atsp,0.300000,194.000000,343.547664,11.178995
files/p43.atsp,0.300000,194.000000,343.498134,11.206194
files/p43.atsp,0.300000,194.000000,343.489758,11.229402
files/p43.atsp,0.300000,194.000000,343.633829,11.248219
files/p43.atsp,0.300000,194.000000,343.413729,11.262868
files/p43.atsp,0.300000,194.000000,343.551852,11.287353
files/p43.atsp,0.300000,194.000000,343.447320,11.304664
files/p43.atsp,0.300000,194.000000,343.791513,11.324670
files/p43.atsp,0.300000,194.000000,344.022099,11.347517
files/p43.atsp,0.300000,194.000000,344.009191,11.371311
files/p43.atsp,0.300000,194.000000,344.133945,11.395379
files/p43.atsp,0.300000,194.000000,344.304029,11.415008
files/p43.atsp,0.300000,194.000000,344.272395,11.434386
files/p43.atsp,0.300000,194.000000,344.250000,11.455049
files/p43.atsp,0.300000,194.000000,344.446266,11.474836
files/p43.atsp,0.300000,194.000000,344.456364,11.496211
files/p43.atsp,0.300000,194.000000,344.508167,11.517543
files/p43.atsp,0.300000,194.000000,344.534420,11.542211
files/p43.atsp,0.300000,194.000000,344.341772,11.564078
files/p43.atsp,0.300000,194.000000,344.310469,11.588066
files/p43.atsp,0.300000,194.000000,344.228829,11.611336
files/p43.atsp,0.300000,194.000000,344.073741,11.635341
files/p43.atsp,0.300000,194.000000,344.003591,11.652581
files/p43.atsp,0.300000,194.000000,343.924731,11.671591
files/p43.atsp,0.300000,194.000000,343.883721,11.699715
files/p43.atsp,0.300000,194.000000,344.017857,11.721309
files/p43.atsp,0.300000,194.000000,344.014260,11.746464
files/p43.atsp,0.300000,194.000000,343.976868,11.764044
files/p43.atsp,0.300000,194.000000,343.952043,11.783928
files/p43.atsp,0.300000,194.000000,343.858156,11.810406
files/p43.atsp,0.300000,194.000000,343.837168,11.830137
files/p43.atsp,0.300000,194.000000,344.067138,11.850436
files/p43.atsp,0.300000,194.000000,343.853616,11.878337
files/p43.atsp,0.300000,194.000000,343.952465,11.899035
files/p43.atsp,0.300000,194.000000,343.794376,11.922998
files/p43.atsp,0.300000,194.000000,343.771930,11.951053
files/p43.atsp,0.300000,194.000000,343.751313,11.977007
files/p43.atsp,0.300000,194.000000,343.680070,11.996764
files/p43.atsp,0.300000,194.000000,343.502618,12.020532
files/p43.atsp,0.300000,194.000000,343.522648,12.047232
files/p43.atsp,0.300000,194.000000,343.490435,12.061604
files/p43.atsp,0.300000,194.000000,343.576389,12.084298
files/p43.atsp,0.300000,194.000000,343.528596,12.108700
files/p43.atsp,0.300000,194.000000,343.397924,12.129824
files/p43.atsp,0.300000,194.000000,343.348877,12.153509
files/p43.atsp,0.300000,194.000000,343.472414,12.182368
files/p43.atsp,0.300000,194.000000,343.399312,12.201383
files/p43.atsp,0.300000,194.000000,343.338488,12.226692
files/p43.atsp,0.300000,194.000000,343.313894,12.253338
files/p43.atsp,0.300000,194.000000,343.441781,12.270457
files/p43.atsp,0.300000,194.000000,343.314530,12.296367
files/p43.atsp,0.300000,194.000000,343.238908,12.315319
files/p43.atsp,0.300000,194.000000,343.197615,12.339400
files/p43.atsp,0.300000,194.000000,343.222789,12.359838
files/p43.atsp,0.300000,194.000000,343.290323,12.381302
files/p43.atsp,0.300000,194.000000,343.264407,12.399105
files/p43.atsp,0.300000,194.000000,343.345178,12.423416
files/p43.atsp,0.300000,194.000000,343.508446,12.443432
files/p43.atsp,0.300000,194.000000,343.541315,12.462799
files/p43.atsp,0.300000,194.000000,343.476431,12.494454
files/p43.atsp,0.300000,194.000000,343.532773,12.515938
files/p43.atsp,0.300000,194.000000,343.536913,12.541290
files/p43.atsp,0.300000,194.000000,343.616415,12.567618
files/p43.atsp,0.300000,194.000000,343.747492,12.584561
files/p43.atsp,0.300000,194.000000,343.934891,12.601075
files/p43.atsp,0.300000,194.000000,343.835000,12.619912
files/p43.atsp,0.300000,194.000000,343.971714,12.645736
files/p43.atsp,0.300000,194.000000,344.186047,12.670479
files/p43.atsp,0.300000,194.000000,344.064677,12.693446
files/p43.atsp,0.300000,194.000000,344.084437,12.712002
files/p43.atsp,0.300000,194.000000,344.018182,12.731499
files/p43.atsp,0.300000,194.000000,343.919142,12.748152
files/p43.atsp,0.300000,194.000000,344.024712,12.767082
files/p43.atsp,0.300000,194.000000,343.927632,12.793041
files/p43.atsp,0.300000,194.000000,343.914614,12.814733
files/p43.atsp,0.300000,194.000000,343.859016,12.835833
files/p43.atsp,0.300000,194.000000,343.821604,12.853661
files/p43.atsp,0.300000,194.000000,343.839869,12.874333
files/p43.atsp,0.300000,194.000000,343.913540,12.899816
files/p43.atsp,0.300000,194.000000,343.837134,12.914452
files/p43.atsp,0.300000,194.000000,343.769106,12.932990
files/p43.atsp,0.300000,194.000000,343.814935,12.964555
files/p43.atsp,0.300000,194.000000,343.726094,12.979601
files/p43.atsp,0.300000,194.000000,343.796117,13.000882
files/p43.atsp,0.300000,194.000000,343.730210,13.027328
files/p43.atsp,0.300000,194.000000,343.822581,13.054219
files/p43.atsp,0.300000,194.000000,343.742351,13.080382
files/p43.atsp,0.300000,194.000000,343.699357,13.098957
files/p43.atsp,0.300000,194.000000,343.518459,13.123663
files/p43.atsp,0.300000,194.000000,343.298077,13.143656
files/p43.atsp,0.300000,194.000000,343.470400,13.166347
files/p43.atsp,0.300000,194.000000,343.389776,13.187477
files/p43.atsp,0.300000,194.000000,343.360447,13.215477
files/p43.atsp,0.300000,194.000000,343.259554,13.240251
files/p43.atsp,0.300000,194.000000,343.157393,13.263326
files/p43.atsp,0.300000,194.000000,343.220635,13.288377
files/p43.atsp,0.300000,194.000000,343.180666,13.316186
files/p43.atsp,0.300000,194.000000,343.174051,13.341657
files/p43.atsp,0.300000,194.000000,342.984202,13.363170
files/p43.atsp,0.300000,194.000000,343.023659,13.386789
files/p43.atsp,0.300000,194.000000,342.962205,13.409266
files/p43.atsp,0.300000,194.000000,342.948113,13.429877
files/p43.atsp,0.300000,194.000000,342.863422,13.448213
files/p43.atsp,0.300000,194.000000,342.800940,13.462537
files/p43.atsp,0.300000,194.000000,342.837246,13.483459
files/p43.atsp,0.300000,194.000000,342.803125,13.506161
files/p43.atsp,0.300000,194.000000,342.822153,13.530183
files/p43.atsp,0.300000,194.000000,342.900312,13.547293
files/p43.atsp,0.300000,194.000000,343.055988,13.575560
files/p43.atsp,0.300000,194.000000,343.149068,13.596814
files/p43.atsp,0.300000,194.000000,343.320930,13.613006
files/p43.atsp,0.300000,194.000000,343.250774,13.637269
files/p43.atsp,0.300000,194.000000,343.250386,13.657729
files/p43.atsp,0.300000,194.000000,343.152778,13.680025
files/p43.atsp,0.300000,194.000000,343.177196,13.691972
files/p43.atsp,0.300000,194.000000,343.360000,13.712931
files/p43.atsp,0.300000,194.000000,343.288786,13.732476
files/p43.atsp,0.300000,194.000000,343.130368,13.753047
files/p43.atsp,0.300000,194.000000,343.194487,13.780509
files/p43.atsp,0.300000,194.000000,343.308869,13.809527
files/p43.atsp,0.300000,194.000000,343.296183,13.830129
files/p43.atsp,0.300000,194.000000,343.362805,13.847714
files/p43.atsp,0.300000,194.000000,343.290715,13.863123
files/p43.atsp,0.300000,194.000000,343.323708,13.892907
files/p43.atsp,0.300000,194.000000,343.399090,13.918735
files/p43.atsp,0.300000,194.000000,343.486364,13.936179
files/p43.atsp,0.300000,194.000000,343.527988,13.961236
files/p43.atsp,0.300000,194.000000,343.401813,13.984770
files/p43.atsp,0.300000,194.000000,343.401207,14.006741
files/p43.atsp,0.300000,194.000000,343.439759,14.035354
files/p43.atsp,0.300000,194.000000,343.378947,14.053012
files/p43.atsp,0.300000,194.000000,343.490991,14.071575
files/p43.atsp,0.300000,194.000000,343.496252,14.097568
files/p43.atsp,0.300000,194.000000,343.492515,14.117794
files/p43.atsp,0.300000,194.000000,343.511211,14.138934
files/p43.atsp,0.300000,194.000000,343.492537,14.165370
files/p43.atsp,0.300000,194.000000,343.616990,14.194287
files/p43.atsp,0.300000,194.000000,343.532738,14.215227
files/p43.atsp,0.300000,194.000000,343.592868,14.232510
files/p43.atsp,0.300000,194.000000,343.538576,14.253404
files/p43.atsp,0.300000,194.000000,343.462222,14.278485
files/p43.atsp,0.300000,194.000000,343.494083,14.296057
files/p43.atsp,0.300000,194.000000,343.385524,14.322298
files/p43.atsp,0.300000,194.000000,343.429204,14.337472
files/p43.atsp,0.300000,194.000000,343.397644,14.357203
files/p43.atsp,0.300000,194.000000,343.483824,14.385717
files/p43.atsp,0.300000,194.000000,343.419971,14.403324
files/p43.atsp,0.300000,194.000000,343.521994,14.424922
files/p43.atsp,0.300000,194.000000,343.385066,14.441917
files/p43.atsp,0.300000,194.000000,343.390351,14.457304
files/p43.atsp,0.300000,194.000000,343.400000,14.470708
files/p43.atsp,0.300000,194.000000,343.386297,14.490642
files/p43.atsp,0.300000,194.000000,343.344978,14.505875
files/p43.atsp,0.300000,194.000000,343.588663,14.525432
files/p43.atsp,0.300000,194.000000,343.583454,14.542631
files/p43.atsp,0.300000,194.000000,343.594203,14.556712
files/p43.atsp,0.300000,194.000000,343.526773,14.576854
files/p43.atsp,0.300000,194.000000,343.621387,14.593026
files/p43.atsp,0.300000,194.000000,343.760462,14.620817
files/p43.atsp,0.300000,194.000000,343.723343,14.639054
files/p43.atsp,0.300000,194.000000,343.730935,14.659526
files/p43.atsp,0.300000,194.000000,343.623563,14.673309
files/p43.atsp,0.300000,194.000000,343.505022,14.701073
files/p43.atsp,0.300000,194.000000,343.538682,14.727646
files/p43.atsp,0.300000,194.000000,343.474964,14.747435
files/p43.atsp,0.300000,194.000000,343.447143,14.772313
files/p43.atsp,0.300000,194.000000,343.410842,14.791670
files/p43.atsp,0.300000,194.000000,343.444444,14.808072
files/p43.atsp,0.300000,194.000000,343.560455,14.825295
files/p43.atsp,0.300000,194.000000,343.512784,14.846222
files/p43.atsp,0.300000,194.000000,343.452482,14.867118
files/p43.atsp,0.300000,194.000000,343.385269,14.889408
files/p43.atsp,0.300000,194.000000,343.275813,14.920003
files/p43.atsp,0.300000,194.000000,343.319209,14.939573
files/p43.atsp,0.300000,194.000000,343.235543,14.955333
files/p43.atsp,0.300000,194.000000,343.505634,14.972506
files/p43.atsp,0.300000,194.000000,343.527426,14.996148
files/p43.atsp,0.300000,194.000000,343.366573,15.014679
files/p43.atsp,0.300000,194.000000,343.521739,15.032633
files/p43.atsp,0.300000,194.000000,343.488796,15.047977
files/p43.atsp,0.300000,194.000000,343.451748,15.075874
files/p43.atsp,0.300000,194.000000,343.354749,15.091632
files/p43.atsp,0.300000,194.000000,343.280335,15.113048
files/p43.atsp,0.300000,194.000000,343.300836,15.140092
files/p43.atsp,0.300000,194.000000,343.432545,15.168052
files/p43.atsp,0.300000,194.000000,343.458333,15.188315
files/p43.atsp,0.300000,194.000000,343.459085,15.206332
files/p43.atsp,0.300000,194.000000,343.505540,15.227481
files/p43.atsp,0.300000,194.000000,343.497925,15.248636
files/p43.atsp,0.300000,194.000000,343.487569,15.270444
files/p43.atsp,0.300000,194.000000,343.493793,15.287407
files/p43.atsp,0.300000,194.000000,343.584022,15.318774
files/p43.atsp,0.300000,194.000000,343.596974,15.333956
files/p43.atsp,0.300000,194.000000,343.556319,15.356075
files/p43.atsp,0.300000,194.000000,343.544582,15.368990
files/p43.atsp,0.300000,194.000000,343.667123,15.394014
files/p43.atsp,0.300000,194.000000,343.733242,15.424221
files/p43.atsp,0.300000,194.000000,343.769126,15.449161
files/p43.atsp,0.300000,194.000000,343.829468,15.471556
files/p43.atsp,0.300000,194.000000,343.910082,15.489708
files/p43.atsp,0.300000,194.000000,343.828571,15.521142
files/p43.atsp,0.300000,194.000000,343.811141,15.548541
files/p43.atsp,0.300000,194.000000,343.831750,15.578122
files/p43.atsp,0.300000,194.000000,343.724932,15.595881
files/p43.atsp,0.300000,194.000000,343.755074,15.620228
files/p43.atsp,0.300000,194.000000,343.786486,15.639924
files/p43.atsp,0.300000,194.000000,343.883941,15.663192
files/p43.atsp,0.300000,194.000000,343.975741,15.683611
files/p43.atsp,0.300000,194.000000,343.909825,15.704309
files/p43.atsp,0.300000,194.000000,343.932796,15.723194
files/p43.atsp,0.300000,194.000000,343.970470,15.740541
files/p43.atsp,0.300000,194.000000,343.821716,15.755756
