files/p43.atsp,0.400000,415.000000,415.000000,0.019613
files/p43.atsp,0.400000,335.000000,375.000000,0.043156
files/p43.atsp,0.400000,335.000000,367.666667,0.066152
files/p43.atsp,0.400000,335.000000,364.500000,0.090875
files/p43.atsp,0.400000,335.000000,371.600000,0.112398
files/p43.atsp,0.400000,335.000000,386.500000,0.138846
files/p43.atsp,0.400000,335.000000,387.285714,0.170005
files/p43.atsp,0.400000,335.000000,388.875000,0.191246
files/p43.atsp,0.400000,335.000000,383.333333,0.217212
files/p43.atsp,0.400000,335.000000,381.000000,0.260235
files/p43.atsp,0.400000,335.000000,377.545455,0.285157
files/p43.atsp,0.400000,335.000000,376.750000,0.306112
files/p43.atsp,0.400000,305.000000,371.230769,0.328100
files/p43.atsp,0.400000,297.000000,365.928571,0.354689
files/p43.atsp,0.400000,297.000000,365.333333,0.389259
files/p43.atsp,0.400000,297.000000,364.125000,0.409424
files/p43.atsp,0.400000,297.000000,364.294118,0.423044
files/p43.atsp,0.400000,297.000000,362.833333,0.443726
files/p43.atsp,0.400000,297.000000,365.157895,0.468857
files/p43.atsp,0.400000,297.000000,367.950000,0.491258
files/p43.atsp,0.400000,297.000000,368.238095,0.513962
files/p43.atsp,0.400000,297.000000,366.590909,0.536839
files/p43.atsp,0.400000,273.000000,362.521739,0.557215
files/p43.atsp,0.400000,273.000000,359.750000,0.587195
files/p43.atsp,0.400000,273.000000,359.680000,0.618830
files/p43.atsp,0.400000,273.000000,361.653846,0.641584
files/p43.atsp,0.400000,273.000000,361.000000,0.660496
files/p43.atsp,0.400000,273.000000,361.071429,0.689610
files/p43.atsp,0.400000,273.000000,362.862069,0.716777
files/p43.atsp,0.400000,273.000000,363.566667,0.738580
files/p43.atsp,0.400000,273.000000,364.935484,0.766785
files/p43.atsp,0.400000,273.000000,365.750000,0.788706
files/p43.atsp,0.400000,273.000000,365.212121,0.805758
files/p43.atsp,0.400000,273.000000,365.411765,0.827491
files/p43.atsp,0.400000,273.000000,363.628571,0.851256
files/p43.atsp,0.400000,273.000000,364.111111,0.878096
files/p43.atsp,0.400000,273.000000,364.432432,0.898361
files/p43.atsp,0.400000,273.000000,367.315789,0.921858
files/p43.atsp,0.400000,273.000000,367.025641,0.948334
files/p43.atsp,0.400000,273.000000,367.875000,0.970386
files/p43.atsp,0.400000,273.000000,366.780488,0.991970
files/p43.atsp,0.400000,273.000000,367.452381,1.015247
files/p43.atsp,0.400000,259.000000,364.930233,1.031804
files/p43.atsp,0.400000,259.000000,362.590909,1.049327
files/p43.atsp,0.400000,259.000000,363.955556,1.077792
files/p43.atsp,0.400000,259.000000,363.760870,1.106941
files/p43.atsp,0.400000,259.000000,365.489362,1.123493
files/p43.atsp,0.400000,259.000000,366.666667,1.149202
files/p43.atsp,0.400000,259.000000,367.714286,1.166124
files/p43.atsp,0.400000,259.000000,368.320000,1.195181
files/p43.atsp,0.400000,259.000000,368.843137,1.219326
files/p43.atsp,0.400000,259.000000,371.192308,1.235945
files/p43.atsp,0.400000,259.000000,371.188679,1.266856
files/p43.atsp,0.400000,259.000000,371.388889,1.300527
files/p43.atsp,0.400000,259.000000,374.254545,1.315928
files/p43.atsp,0.400000,259.000000,375.285714,1.339194
files/p43.atsp,0.400000,259.000000,376.070175,1.363565
files/p43.atsp,0.400000,259.000000,377.913793,1.387608
files/p43.atsp,0.400000,259.000000,377.813559,1.415536
files/p43.atsp,0.400000,259.000000,378.566667,1.444321
files/p43.atsp,0.400000,259.000000,378.393443,1.465612
files/p43.atsp,0.400000,259.000000,378.306452,1.488753
files/p43.atsp,0.400000,259.000000,379.476190,1.519602
files/p43.atsp,0.400000,259.000000,378.296875,1.539625
files/p43.atsp,0.400000,259.000000,378.923077,1.567431
files/p43.atsp,0.400000,259.000000,379.848485,1.599997
files/p43.atsp,0.400000,259.000000,379.492537,1.626028
files/p43.atsp,0.400000,259.000000,378.029412,1.661343
files/p43.atsp,0.400000,259.000000,379.275362,1.689806
files/p43.atsp,0.400000,259.000000,382.185714,1.714806
files/p43.atsp,0.400000,259.000000,381.971831,1.739299
files/p43.atsp,0.400000,259.000000,384.541667,1.756225
files/p43.atsp,0.400000,259.000000,384.260274,1.777993
files/p43.atsp,0.400000,259.000000,383.810811,1.806996
files/p43.atsp,0.400000,259.000000,382.293333,1.830970
files/p43.atsp,0.400000,259.000000,384.447368,1.856623
files/p43.atsp,0.400000,259.000000,383.428571,1.879143
files/p43.atsp,0.400000,259.000000,382.884615,1.900265
files/p43.atsp,0.400000,228.000000,380.924051,1.923718
files/p43.atsp,0.400000,228.000000,380.250000,1.949165
files/p43.atsp,0.400000,228.000000,380.851852,1.963810
files/p43.atsp,0.400000,228.000000,380.548780,1.990311
files/p43.atsp,0.400000,228.000000,380.204819,2.014678
files/p43.atsp,0.400000,228.000000,379.690476,2.043086
files/p43.atsp,0.400000,228.000000,379.623529,2.064381
files/p43.atsp,0.400000,228.000000,381.023256,2.088379
files/p43.atsp,0.400000,228.000000,381.252874,2.107782
files/p43.atsp,0.400000,228.000000,381.465909,2.127279
files/p43.atsp,0.400000,228.000000,380.988764,2.147730
files/p43.atsp,0.400000,228.000000,381.077778,2.173652
files/p43.atsp,0.400000,228.000000,381.527473,2.195654
files/p43.atsp,0.400000,228.000000,382.565217,2.223304
files/p43.atsp,0.400000,228.000000,382.483871,2.240132
files/p43.atsp,0.400000,228.000000,381.659574,2.261675
files/p43.atsp,0.400000,228.000000,381.305263,2.290075
files/p43.atsp,0.400000,228.000000,380.687500,2.314705
files/p43.atsp,0.400000,228.000000,380.721649,2.342852
files/p43.atsp,0.400000,228.000000,381.255102,2.366834
files/p43.atsp,0.400000,228.000000,381.666667,2.386590
files/p43.atsp,0.400000,228.000000,382.090000,2.405985
files/p43.atsp,0.400000,228.000000,381.623762,2.433139
files/p43.atsp,0.400000,228.000000,381.215686,2.455294
files/p43.atsp,0.400000,228.000000,380.825243,2.488087
files/p43.atsp,0.400000,228.000000,380.096154,2.513950
files/p43.atsp,0.400000,228.000000,379.771429,2.539714
files/p43.atsp,0.400000,228.000000,379.839623,2.563019
files/p43.atsp,0.400000,228.000000,380.542056,2.598133
files/p43.atsp,0.400000,228.000000,379.722222,2.618153
files/p43.atsp,0.400000,228.000000,380.018349,2.641797
files/p43.atsp,0.400000,228.000000,380.745455,2.659456
files/p43.atsp,0.400000,228.000000,381.117117,2.681663
files/p43.atsp,0.400000,228.000000,381.178571,2.703628
files/p43.atsp,0.400000,228.000000,381.132743,2.727419
files/p43.atsp,0.400000,228.000000,380.359649,2.747869
files/p43.atsp,0.400000,228.000000,380.252174,2.767197
files/p43.atsp,0.400000,228.000000,379.724138,2.785372
files/p43.atsp,0.400000,228.000000,379.521368,2.805933
files/p43.atsp,0.400000,228.000000,379.211864,2.823090
files/p43.atsp,0.400000,228.000000,379.302521,2.849908
files/p43.atsp,0.400000,228.000000,378.658333,2.873168
files/p43.atsp,0.400000,228.000000,377.950413,2.896042
files/p43.atsp,0.400000,228.000000,378.729508,2.916861
files/p43.atsp,0.400000,228.000000,378.617886,2.947837
files/p43.atsp,0.400000,228.000000,379.500000,2.965220
files/p43.atsp,0.400000,228.000000,379.288000,2.983135
files/p43.atsp,0.400000,228.000000,378.833333,3.006147
files/p43.atsp,0.400000,228.000000,378.653543,3.030953
files/p43.atsp,0.400000,228.000000,378.625000,3.050186
files/p43.atsp,0.400000,228.000000,378.271318,3.065321
files/p43.atsp,0.400000,228.000000,377.700000,3.082175
files/p43.atsp,0.400000,228.000000,378.152672,3.110201
files/p43.atsp,0.400000,228.000000,377.992424,3.129900
files/p43.atsp,0.400000,228.000000,376.969925,3.154178
files/p43.atsp,0.400000,228.000000,377.291045,3.183980
files/p43.atsp,0.400000,228.000000,377.540741,3.211873
files/p43.atsp,0.400000,228.000000,377.764706,3.235099
files/p43.atsp,0.400000,228.000000,377.226277,3.260416
files/p43.atsp,0.400000,228.000000,376.992754,3.286549
files/p43.atsp,0.400000,228.000000,376.791367,3.309156
files/p43.atsp,0.400000,228.000000,376.735714,3.334956
files/p43.atsp,0.400000,228.000000,377.049645,3.361915
files/p43.atsp,0.400000,228.000000,378.007042,3.389938
files/p43.atsp,0.400000,228.000000,377.580420,3.409840
files/p43.atsp,0.400000,228.000000,378.173611,3.438485
files/p43.atsp,0.400000,228.000000,378.020690,3.458843
files/p43.atsp,0.400000,228.000000,378.691781,3.476785
files/p43.atsp,0.400000,228.000000,378.891156,3.501604
files/p43.atsp,0.400000,228.000000,378.418919,3.529222
files/p43.atsp,0.400000,210.000000,377.288591,3.553213
files/p43.atsp,0.400000,210.000000,376.940000,3.580554
files/p43.atsp,0.400000,210.000000,376.841060,3.607552
files/p43.atsp,0.400000,210.000000,376.203947,3.637191
files/p43.atsp,0.400000,210.000000,376.352941,3.667977
files/p43.atsp,0.400000,210.000000,376.350649,3.691720
files/p43.atsp,0.400000,210.000000,376.548387,3.721723
files/p43.atsp,0.400000,210.000000,376.980769,3.745775
files/p43.atsp,0.400000,210.000000,376.929936,3.763393
files/p43.atsp,0.400000,210.000000,376.981013,3.780184
files/p43.atsp,0.400000,210.000000,376.849057,3.798790
files/p43.atsp,0.400000,210.000000,376.925000,3.824843
files/p43.atsp,0.400000,210.000000,377.130435,3.853034
files/p43.atsp,0.400000,210.000000,376.827160,3.874442
files/p43.atsp,0.400000,210.000000,376.871166,3.897926
files/p43.atsp,0.400000,210.000000,376.207317,3.916612
files/p43.atsp,0.400000,210.000000,376.393939,3.942063
files/p43.atsp,0.400000,210.000000,376.518072,3.966304
files/p43.atsp,0.400000,210.000000,376.029940,3.988622
files/p43.atsp,0.400000,210.000000,376.351190,4.013281
files/p43.atsp,0.400000,210.000000,376.218935,4.039768
files/p43.atsp,0.400000,210.000000,376.329412,4.057103
files/p43.atsp,0.400000,210.000000,376.298246,4.085599
files/p43.atsp,0.400000,210.000000,375.715116,4.114264
files/p43.atsp,0.400000,210.000000,376.283237,4.133244
files/p43.atsp,0.400000,210.000000,375.982759,4.156031
files/p43.atsp,0.400000,210.000000,375.954286,4.179998
files/p43.atsp,0.400000,210.000000,376.153409,4.201366
files/p43.atsp,0.400000,210.000000,376.265537,4.219506
files/p43.atsp,0.400000,210.000000,376.151685,4.243503
files/p43.atsp,0.400000,210.000000,376.430168,4.270909
files/p43.atsp,0.400000,210.000000,376.088889,4.295559
files/p43.atsp,0.400000,210.000000,377.011050,4.317306
files/p43.atsp,0.400000,210.000000,376.401099,4.339245
files/p43.atsp,0.400000,210.000000,377.147541,4.360471
files/p43.atsp,0.400000,210.000000,377.358696,4.381153
files/p43.atsp,0.400000,210.000000,376.918919,4.415328
files/p43.atsp,0.400000,210.000000,377.096774,4.440262
files/p43.atsp,0.400000,210.000000,377.470588,4.473543
files/p43.atsp,0.400000,210.000000,377.095745,4.496659
files/p43.atsp,0.400000,210.000000,376.788360,4.522630
files/p43.atsp,0.400000,210.000000,377.115789,4.551040
files/p43.atsp,0.400000,210.000000,377.251309,4.574162
files/p43.atsp,0.400000,210.000000,376.916667,4.598601
files/p43.atsp,0.400000,210.000000,376.699482,4.616907
files/p43.atsp,0.400000,210.000000,377.298969,4.639748
files/p43.atsp,0.400000,210.000000,377.671795,4.662159
files/p43.atsp,0.400000,210.000000,377.903061,4.693323
files/p43.atsp,0.400000,210.000000,377.517766,4.712841
files/p43.atsp,0.400000,210.000000,378.111111,4.732704
files/p43.atsp,0.400000,210.000000,378.195980,4.751619
files/p43.atsp,0.400000,210.000000,378.065000,4.772728
files/p43.atsp,0.400000,210.000000,378.044776,4.795119
files/p43.atsp,0.400000,210.000000,378.069307,4.825741
files/p43.atsp,0.400000,210.000000,378.256158,4.845066
files/p43.atsp,0.400000,210.000000,378.308824,4.864007
files/p43.atsp,0.400000,210.000000,378.165854,4.887249
files/p43.atsp,0.400000,210.000000,377.713592,4.908871
files/p43.atsp,0.400000,210.000000,377.888889,4.932887
files/p43.atsp,0.400000,210.000000,377.745192,4.953486
files/p43.atsp,0.400000,210.000000,377.679426,4.983650
files/p43.atsp,0.400000,210.000000,378.280952,5.009253
files/p43.atsp,0.400000,210.000000,377.663507,5.028836
files/p43.atsp,0.400000,210.000000,377.858491,5.055105
files/p43.atsp,0.400000,210.000000,377.788732,5.076205
files/p43.atsp,0.400000,210.000000,377.261682,5.099934
files/p43.atsp,0.400000,210.000000,376.702326,5.118528
files/p43.atsp,0.400000,210.000000,376.925926,5.140574
files/p43.atsp,0.400000,210.000000,377.129032,5.166266
files/p43.atsp,0.400000,210.000000,376.564220,5.196616
files/p43.atsp,0.400000,210.000000,376.908676,5.223805
files/p43.atsp,0.400000,210.000000,377.359091,5.242301
files/p43.atsp,0.400000,210.000000,376.986425,5.263452
files/p43.atsp,0.400000,210.000000,376.896396,5.281502
files/p43.atsp,0.400000,210.000000,377.004484,5.311652
files/p43.atsp,0.400000,210.000000,376.875000,5.332010
files/p43.atsp,0.400000,210.000000,377.048889,5.349240
files/p43.atsp,0.400000,210.000000,377.685841,5.377428
files/p43.atsp,0.400000,210.000000,377.370044,5.402575
files/p43.atsp,0.400000,210.000000,376.885965,5.427212
files/p43.atsp,0.400000,210.000000,377.655022,5.447142
files/p43.atsp,0.400000,210.000000,377.586957,5.471799
files/p43.atsp,0.400000,210.000000,377.649351,5.492222
files/p43.atsp,0.400000,210.000000,377.599138,5.521626
files/p43.atsp,0.400000,210.000000,377.763948,5.549068
files/p43.atsp,0.400000,210.000000,378.072650,5.576847
files/p43.atsp,0.400000,210.000000,377.761702,5.590876
files/p43.atsp,0.400000,210.000000,377.211864,5.611152
files/p43.atsp,0.400000,210.000000,376.852321,5.639459
files/p43.atsp,0.400000,210.000000,377.071429,5.663343
files/p43.atsp,0.400000,210.000000,377.129707,5.688191
files/p43.atsp,0.400000,210.000000,377.225000,5.708275
files/p43.atsp,0.400000,210.000000,377.161826,5.727847
files/p43.atsp,0.400000,210.000000,377.421488,5.754731
files/p43.atsp,0.400000,210.000000,377.300412,5.778775
files/p43.atsp,0.400000,210.000000,377.389344,5.803150
files/p43.atsp,0.400000,210.000000,377.563265,5.824104
files/p43.atsp,0.400000,210.000000,377.105691,5.840607
files/p43.atsp,0.400000,210.000000,377.259109,5.859196
files/p43.atsp,0.400000,210.000000,377.266129,5.879763
files/p43.atsp,0.400000,210.000000,377.365462,5.895620
files/p43.atsp,0.400000,210.000000,377.336000,5.915547
files/p43.atsp,0.400000,210.000000,377.581673,5.933897
files/p43.atsp,0.400000,210.000000,378.384921,5.963659
files/p43.atsp,0.400000,210.000000,378.984190,5.988615
files/p43.atsp,0.400000,210.000000,379.192913,6.008465
files/p43.atsp,0.400000,210.000000,378.952941,6.032655
files/p43.atsp,0.400000,210.000000,378.910156,6.050481
files/p43.atsp,0.400000,210.000000,379.392996,6.084057
files/p43.atsp,0.400000,210.000000,379.321705,6.112966
files/p43.atsp,0.400000,210.000000,379.204633,6.139937
files/p43.atsp,0.400000,210.000000,379.380769,6.153028
files/p43.atsp,0.400000,210.000000,379.563218,6.178020
files/p43.atsp,0.400000,210.000000,379.839695,6.206283
files/p43.atsp,0.400000,210.000000,380.212928,6.222443
files/p43.atsp,0.400000,210.000000,380.018939,6.248256
files/p43.atsp,0.400000,210.000000,379.943396,6.265999
files/p43.atsp,0.400000,210.000000,379.924812,6.290272
files/p43.atsp,0.400000,210.000000,380.209738,6.307577
files/p43.atsp,0.400000,210.000000,380.246269,6.329416
files/p43.atsp,0.400000,210.000000,380.007435,6.352804
files/p43.atsp,0.400000,210.000000,380.111111,6.374660
files/p43.atsp,0.400000,210.000000,380.143911,6.399366
files/p43.atsp,0.400000,210.000000,380.121324,6.419726
files/p43.atsp,0.400000,210.000000,380.318681,6.441009
files/p43.atsp,0.400000,210.000000,380.346715,6.464074
files/p43.atsp,0.400000,210.000000,380.850909,6.485467
files/p43.atsp,0.400000,210.000000,381.007246,6.515055
files/p43.atsp,0.400000,210.000000,380.851986,6.553785
files/p43.atsp,0.400000,210.000000,380.410072,6.583009
files/p43.atsp,0.400000,210.000000,380.781362,6.608257
files/p43.atsp,0.400000,210.000000,381.107143,6.626173
files/p43.atsp,0.400000,210.000000,381.113879,6.642005
files/p43.atsp,0.400000,210.000000,381.783688,6.672446
files/p43.atsp,0.400000,210.000000,381.703180,6.696558
files/p43.atsp,0.400000,210.000000,381.426056,6.714286
files/p43.atsp,0.400000,210.000000,381.592982,6.748088
files/p43.atsp,0.400000,210.000000,381.286713,6.777874
files/p43.atsp,0.400000,210.000000,381.181185,6.800856
files/p43.atsp,0.400000,210.000000,381.069444,6.824700
files/p43.atsp,0.400000,210.000000,380.775087,6.847598
files/p43.atsp,0.400000,210.000000,380.627586,6.865898
files/p43.atsp,0.400000,210.000000,380.477663,6.889174
files/p43.atsp,0.400000,210.000000,381.253425,6.912765
files/p43.atsp,0.400000,210.000000,380.955631,6.937028
files/p43.atsp,0.400000,210.000000,380.578231,6.955728
files/p43.atsp,0.400000,210.000000,380.054237,6.979066
files/p43.atsp,0.400000,210.000000,379.739865,7.006285
files/p43.atsp,0.400000,210.000000,379.461279,7.026935
files/p43.atsp,0.400000,210.000000,379.875839,7.052550
files/p43.atsp,0.400000,210.000000,379.846154,7.071089
files/p43.atsp,0.400000,210.000000,380.043333,7.091264
files/p43.atsp,0.400000,210.000000,379.970100,7.119034
files/p43.atsp,0.400000,210.000000,380.036424,7.138858
files/p43.atsp,0.400000,210.000000,380.049505,7.162352
files/p43.atsp,0.400000,210.000000,380.016447,7.185206
files/p43.atsp,0.400000,210.000000,379.839344,7.212201
files/p43.atsp,0.400000,210.000000,379.813725,7.238197
files/p43.atsp,0.400000,210.000000,379.729642,7.261568
files/p43.atsp,0.400000,210.000000,379.866883,7.286726
files/p43.atsp,0.400000,210.000000,379.902913,7.312534
files/p43.atsp,0.400000,210.000000,380.070968,7.336342
files/p43.atsp,0.400000,210.000000,379.971061,7.349061
files/p43.atsp,0.400000,210.000000,380.102564,7.368660
files/p43.atsp,0.400000,210.000000,380.345048,7.404501
files/p43.atsp,0.400000,210.000000,380.159236,7.422118
files/p43.atsp,0.400000,210.000000,380.003175,7.445098
files/p43.atsp,0.400000,210.000000,380.224684,7.471496
files/p43.atsp,0.400000,210.000000,380.419558,7.496438
files/p43.atsp,0.400000,210.000000,380.783019,7.528856
files/p43.atsp,0.400000,210.000000,380.636364,7.550032
files/p43.atsp,0.400000,210.000000,380.506250,7.574146
files/p43.atsp,0.400000,210.000000,380.978193,7.588372
files/p43.atsp,0.400000,210.000000,380.894410,7.613446
files/p43.atsp,0.400000,210.000000,381.021672,7.632285
files/p43.atsp,0.400000,210.000000,380.851852,7.654313
files/p43.atsp,0.400000,210.000000,380.932308,7.672559
files/p43.atsp,0.400000,210.000000,380.773006,7.684550
files/p43.atsp,0.400000,210.000000,380.666667,7.703643
files/p43.atsp,0.400000,210.000000,380.862805,7.727317
files/p43.atsp,0.400000,210.000000,381.036474,7.747128
files/p43.atsp,0.400000,210.000000,381.112121,7.770097
files/p43.atsp,0.400000,210.000000,381.377644,7.786030
files/p43.atsp,0.400000,210.000000,381.388554,7.806175
files/p43.atsp,0.400000,210.000000,381.726727,7.832523
files/p43.atsp,0.400000,210.000000,381.640719,7.855395
files/p43.atsp,0.400000,210.000000,381.411940,7.878626
files/p43.atsp,0.400000,210.000000,381.806548,7.895904
files/p43.atsp,0.400000,210.000000,381.658754,7.918005
files/p43.atsp,0.400000,210.000000,381.985207,7.937328
files/p43.atsp,0.400000,210.000000,382.115044,7.957528
files/p43.atsp,0.400000,210.000000,382.376471,7.975832
files/p43.atsp,0.400000,210.000000,382.533724,7.997733
files/p43.atsp,0.400000,210.000000,382.695906,8.016958
files/p43.atsp,0.400000,210.000000,382.626822,8.041098
files/p43.atsp,0.400000,210.000000,382.491279,8.064974
files/p43.atsp,0.400000,210.000000,382.353623,8.092398
files/p43.atsp,0.400000,210.000000,382.236994,8.114128
files/p43.atsp,0.400000,210.000000,381.881844,8.136655
files/p43.atsp,0.400000,210.000000,381.882184,8.160720
files/p43.atsp,0.400000,210.000000,381.687679,8.180058
files/p43.atsp,0.400000,210.000000,381.602857,8.210717
files/p43.atsp,0.400000,210.000000,381.982906,8.229050
files/p43.atsp,0.400000,210.000000,382.107955,8.255706
files/p43.atsp,0.400000,210.000000,382.042493,8.275279
files/p43.atsp,0.400000,210.000000,381.915254,8.302178
files/p43.atsp,0.400000,210.000000,381.667606,8.317269
files/p43.atsp,0.400000,210.000000,381.721910,8.338033
files/p43.atsp,0.400000,210.000000,381.705882,8.359725
files/p43.atsp,0.400000,210.000000,381.893855,8.377084
files/p43.atsp,0.400000,210.000000,381.562674,8.400982
files/p43.atsp,0.400000,210.000000,381.652778,8.426934
files/p43.atsp,0.400000,210.000000,382.072022,8.458655
files/p43.atsp,0.400000,210.000000,382.312155,8.476094
files/p43.atsp,0.400000,210.000000,382.526171,8.497143
files/p43.atsp,0.400000,210.000000,382.596154,8.520157
files/p43.atsp,0.400000,210.000000,382.443836,8.546679
files/p43.atsp,0.400000,210.000000,382.385246,8.572548
files/p43.atsp,0.400000,210.000000,382.425068,8.604320
files/p43.atsp,0.400000,210.000000,382.298913,8.626093
files/p43.atsp,0.400000,210.000000,382.655827,8.650288
files/p43.atsp,0.400000,210.000000,382.589189,8.670143
files/p43.atsp,0.400000,210.000000,382.223720,8.688844
files/p43.atsp,0.400000,210.000000,382.252688,8.710626
files/p43.atsp,0.400000,210.000000,382.139410,8.751125
files/p43.atsp,0.400000,210.000000,382.005348,8.779964
files/p43.atsp,0.400000,210.000000,382.037333,8.798701
files/p43.atsp,0.400000,210.000000,381.981383,8.821325
files/p43.atsp,0.400000,210.000000,382.193634,8.846138
files/p43.atsp,0.400000,210.000000,381.912698,8.861654
files/p43.atsp,0.400000,210.000000,382.081794,8.883153
files/p43.atsp,0.400000,210.000000,382.205263,8.902946
files/p43.atsp,0.400000,210.000000,381.839895,8.927911
files/p43.atsp,0.400000,210.000000,381.884817,8.950136
files/p43.atsp,0.400000,210.000000,382.013055,8.974128
files/p43.atsp,0.400000,210.000000,381.919271,8.994511
files/p43.atsp,0.400000,210.000000,382.142857,9.013860
files/p43.atsp,0.400000,210.000000,382.215026,9.039316
files/p43.atsp,0.400000,210.000000,382.279070,9.064582
files/p43.atsp,0.400000,210.000000,382.541237,9.094197
files/p43.atsp,0.400000,210.000000,382.802057,9.123210
files/p43.atsp,0.400000,210.000000,382.710256,9.148852
files/p43.atsp,0.400000,210.000000,382.465473,9.181898
files/p43.atsp,0.400000,210.000000,382.500000,9.219662
files/p43.atsp,0.400000,210.000000,382.264631,9.256706
files/p43.atsp,0.400000,210.000000,382.119289,9.295761
files/p43.atsp,0.400000,210.000000,382.111392,9.338202
files/p43.atsp,0.400000,210.000000,382.151515,9.365199
files/p43.atsp,0.400000,210.000000,381.977330,9.382351
files/p43.atsp,0.400000,210.000000,381.937186,9.413709
files/p43.atsp,0.400000,210.000000,381.789474,9.444341
files/p43.atsp,0.400000,210.000000,381.837500,9.464806
files/p43.atsp,0.400000,210.000000,382.057357,9.490644
files/p43.atsp,0.400000,210.000000,381.736318,9.512258
files/p43.atsp,0.400000,210.000000,381.771712,9.536823
files/p43.atsp,0.400000,210.000000,381.527228,9.561499
files/p43.atsp,0.400000,210.000000,381.291358,9.585149
files/p43.atsp,0.400000,210.000000,381.083744,9.611272
files/p43.atsp,0.400000,210.000000,381.127764,9.632161
files/p43.atsp,0.400000,210.000000,381.014706,9.651028
files/p43.atsp,0.400000,210.000000,380.826406,9.676342
files/p43.atsp,0.400000,210.000000,380.458537,9.697174
files/p43.atsp,0.400000,210.000000,380.257908,9.718453
files/p43.atsp,0.400000,210.000000,380.490291,9.742994
files/p43.atsp,0.400000,210.000000,380.486683,9.767029
files/p43.atsp,0.400000,210.000000,380.367150,9.796382
files/p43.atsp,0.400000,210.000000,380.315663,9.815477
files/p43.atsp,0.400000,210.000000,380.000000,9.830565
files/p43.atsp,0.400000,210.000000,380.021583,9.883042
files/p43.atsp,0.400000,210.000000,380.035885,9.911746
files/p43.atsp,0.400000,210.000000,379.842482,9.937094
files/p43.atsp,0.400000,210.000000,379.885714,9.956313
files/p43.atsp,0.400000,210.000000,379.774347,9.973967
files/p43.atsp,0.400000,210.000000,379.521327,9.989718
files/p43.atsp,0.400000,210.000000,379.463357,10.010380
files/p43.atsp,0.400000,210.000000,379.497642,10.039458
files/p43.atsp,0.400000,210.000000,379.287059,10.057818
files/p43.atsp,0.400000,210.000000,379.201878,10.075303
files/p43.atsp,0.400000,210.000000,379.177986,10.099613
files/p43.atsp,0.400000,210.000000,378.915888,10.121720
files/p43.atsp,0.400000,210.000000,379.011655,10.143238
files/p43.atsp,0.400000,210.000000,378.876744,10.164178
files/p43.atsp,0.400000,210.000000,379.083527,10.185557
files/p43.atsp,0.400000,210.000000,378.953704,10.203623
files/p43.atsp,0.400000,210.000000,379.110855,10.219202
files/p43.atsp,0.400000,210.000000,378.894009,10.239316
files/p43.atsp,0.400000,210.000000,379.025287,10.258558
files/p43.atsp,0.400000,210.000000,378.883028,10.282918
files/p43.atsp,0.400000,210.000000,378.899314,10.310681
files/p43.atsp,0.400000,210.000000,379.189498,10.336893
files/p43.atsp,0.400000,210.000000,378.933941,10.361024
files/p43.atsp,0.400000,210.000000,378.720455,10.385412
files/p43.atsp,0.400000,210.000000,378.721088,10.412618
files/p43.atsp,0.400000,210.000000,378.726244,10.458338
files/p43.atsp,0.400000,210.000000,378.706546,10.494550
files/p43.atsp,0.400000,210.000000,378.452703,10.535219
files/p43.atsp,0.400000,210.000000,378.355056,10.580630
files/p43.atsp,0.400000,210.000000,378.441704,10.624138
files/p43.atsp,0.400000,210.000000,378.183445,10.644371
files/p43.atsp,0.400000,210.000000,378.194196,10.677444
files/p43.atsp,0.400000,210.000000,378.242762,10.698144
files/p43.atsp,0.400000,210.000000,378.273333,10.730518
files/p43.atsp,0.400000,210.000000,378.215078,10.762036
files/p43.atsp,0.400000,210.000000,378.296460,10.789200
files/p43.atsp,0.400000,210.000000,378.247241,10.813089
files/p43.atsp,0.400000,210.000000,378.539648,10.840196
files/p43.atsp,0.400000,210.000000,378.793407,10.864079
files/p43.atsp,0.400000,210.000000,378.846491,10.880403
files/p43.atsp,0.400000,210.000000,378.820569,10.917236
files/p43.atsp,0.400000,210.000000,378.655022,10.935801
files/p43.atsp,0.400000,210.000000,378.858388,10.965307
files/p43.atsp,0.400000,210.000000,378.686957,10.982294
files/p43.atsp,0.400000,210.000000,378.674620,11.004790
files/p43.atsp,0.400000,210.000000,378.445887,11.023578
files/p43.atsp,0.400000,210.000000,378.809935,11.046779
files/p43.atsp,0.400000,210.000000,379.338362,11.065856
files/p43.atsp,0.400000,210.000000,379.040860,11.084163
files/p43.atsp,0.400000,210.000000,378.809013,11.104923
files/p43.atsp,0.400000,210.000000,378.749465,11.137763
files/p43.atsp,0.400000,210.000000,378.606838,11.162359
files/p43.atsp,0.400000,210.000000,378.375267,11.196735
files/p43.atsp,0.400000,210.000000,378.697872,11.211753
files/p43.atsp,0.400000,210.000000,378.615711,11.231339
files/p43.atsp,0.400000,210.000000,378.516949,11.261366
files/p43.atsp,0.400000,210.000000,378.649049,11.290547
files/p43.atsp,0.400000,210.000000,378.864979,11.315696
files/p43.atsp,0.400000,210.000000,378.705263,11.337922
files/p43.atsp,0.400000,210.000000,378.352941,11.362494
files/p43.atsp,0.400000,210.000000,378.230608,11.381521
files/p43.atsp,0.400000,210.000000,378.251046,11.415728
files/p43.atsp,0.400000,210.000000,378.501044,11.443543
files/p43.atsp,0.400000,210.000000,378.558333,11.472080
files/p43.atsp,0.400000,210.000000,378.777547,11.494212
files/p43.atsp,0.400000,210.000000,378.663900,11.521024
files/p43.atsp,0.400000,210.000000,378.567288,11.550146
files/p43.atsp,0.400000,210.000000,378.719008,11.570220
files/p43.atsp,0.400000,210.000000,378.760825,11.595153
files/p43.atsp,0.400000,210.000000,378.736626,11.615456
files/p43.atsp,0.400000,210.000000,378.595483,11.639851
files/p43.atsp,0.400000,210.000000,378.418033,11.669763
files/p43.atsp,0.400000,210.000000,378.327198,11.699072
files/p43.atsp,0.400000,210.000000,378.638776,11.727734
files/p43.atsp,0.400000,210.000000,378.637475,11.749806
files/p43.atsp,0.400000,210.000000,378.756098,11.775276
files/p43.atsp,0.400000,210.000000,378.640974,11.794860
files/p43.atsp,0.400000,210.000000,378.562753,11.819257
files/p43.atsp,0.400000,210.000000,378.674747,11.840883
files/p43.atsp,0.400000,210.000000,378.937500,11.876542
files/p43.atsp,0.400000,210.000000,378.837022,11.912147
files/p43.atsp,0.400000,210.000000,378.963855,11.931805
files/p43.atsp,0.400000,210.000000,379.040080,11.958963
files/p43.atsp,0.400000,210.000000,379.302000,11.977367
files/p43.atsp,0.400000,210.000000,379.197605,11.999065
files/p43.atsp,0.400000,210.000000,379.121514,12.024444
files/p43.atsp,0.400000,210.000000,379.320080,12.055514
files/p43.atsp,0.400000,210.000000,379.107143,12.077475
files/p43.atsp,0.400000,210.000000,379.186139,12.097462
files/p43.atsp,0.400000,210.000000,379.106719,12.123482
files/p43.atsp,0.400000,210.000000,379.175542,12.143786
files/p43.atsp,0.400000,210.000000,379.287402,12.171053
files/p43.atsp,0.400000,210.000000,379.324165,12.195345
files/p43.atsp,0.400000,210.000000,379.576471,12.221825
files/p43.atsp,0.400000,210.000000,379.455969,12.245524
files/p43.atsp,0.400000,210.000000,379.517578,12.269737
files/p43.atsp,0.400000,210.000000,379.417154,12.291689
files/p43.atsp,0.400000,210.000000,379.498054,12.319710
files/p43.atsp,0.400000,210.000000,379.786408,12.341116
files/p43.atsp,0.400000,210.000000,379.635659,12.356880
files/p43.atsp,0.400000,210.000000,379.642166,12.382479
files/p43.atsp,0.400000,210.000000,379.861004,12.406279
files/p43.atsp,0.400000,210.000000,379.824663,12.431541
files/p43.atsp,0.400000,210.000000,379.788462,12.453483
files/p43.atsp,0.400000,210.000000,379.715931,12.477254
files/p43.atsp,0.400000,210.000000,379.873563,12.497079
files/p43.atsp,0.400000,210.000000,379.772467,12.520206
files/p43.atsp,0.400000,210.000000,379.467557,12.546987
files/p43.atsp,0.400000,210.000000,379.283810,12.566446
files/p43.atsp,0.400000,210.000000,379.349810,12.581703
files/p43.atsp,0.400000,210.000000,379.358634,12.602304
files/p43.atsp,0.400000,210.000000,379.577652,12.621977
files/p43.atsp,0.400000,210.000000,379.531191,12.645125
files/p43.atsp,0.400000,210.000000,379.584906,12.672033
files/p43.atsp,0.400000,210.000000,379.640301,12.692003
files/p43.atsp,0.400000,210.000000,379.377820,12.711210
files/p43.atsp,0.400000,210.000000,379.414634,12.733397
files/p43.atsp,0.400000,210.000000,379.447566,12.749495
files/p43.atsp,0.400000,210.000000,379.383178,12.771974
files/p43.atsp,0.400000,210.000000,379.402985,12.788351
files/p43.atsp,0.400000,210.000000,379.471136,12.812170
files/p43.atsp,0.400000,210.000000,379.501859,12.837283
files/p43.atsp,0.400000,210.000000,379.608534,12.862968
files/p43.atsp,0.400000,210.000000,379.631481,12.894290
files/p43.atsp,0.400000,210.000000,379.626617,12.922520
files/p43.atsp,0.400000,210.000000,379.998155,12.940762
files/p43.atsp,0.400000,210.000000,380.176796,12.962821
files/p43.atsp,0.400000,210.000000,380.125000,12.988432
files/p43.atsp,0.400000,210.000000,380.155963,13.020443
files/p43.atsp,0.400000,210.000000,380.128205,13.040697
files/p43.atsp,0.400000,210.000000,380.223035,13.061091
files/p43.atsp,0.400000,210.000000,380.503650,13.086577
files/p43.atsp,0.400000,210.000000,380.304189,13.104423
files/p43.atsp,0.400000,210.000000,380.385455,13.130816
files/p43.atsp,0.400000,210.000000,380.410163,13.155574
files/p43.atsp,0.400000,210.000000,380.431159,13.180500
files/p43.atsp,0.400000,210.000000,380.350814,13.210987
files/p43.atsp,0.400000,210.000000,380.240072,13.243609
files/p43.atsp,0.400000,210.000000,380.342342,13.267895
files/p43.atsp,0.400000,210.000000,380.442446,13.292569
files/p43.atsp,0.400000,210.000000,380.526032,13.313788
files/p43.atsp,0.400000,210.000000,380.517921,13.338456
files/p43.atsp,0.400000,210.000000,380.595707,13.356398
files/p43.atsp,0.400000,210.000000,380.701786,13.384206
files/p43.atsp,0.400000,210.000000,380.830660,13.409725
files/p43.atsp,0.400000,210.000000,380.989324,13.440049
files/p43.atsp,0.400000,210.000000,381.071048,13.460663
files/p43.atsp,0.400000,210.000000,381.134752,13.478642
files/p43.atsp,0.400000,210.000000,381.035398,13.508145
files/p43.atsp,0.400000,210.000000,380.936396,13.535924
files/p43.atsp,0.400000,210.000000,381.139330,13.558535
files/p43.atsp,0.400000,210.000000,381.176056,13.583142
files/p43.atsp,0.400000,210.000000,381.057996,13.602470
files/p43.atsp,0.400000,210.000000,381.022807,13.621001
files/p43.atsp,0.400000,210.000000,380.873905,13.643090
files/p43.atsp,0.400000,210.000000,380.959790,13.669258
files/p43.atsp,0.400000,210.000000,380.879581,13.694996
files/p43.atsp,0.400000,210.000000,380.911150,13.718129
files/p43.atsp,0.400000,210.000000,380.834783,13.737070
files/p43.atsp,0.400000,210.000000,380.866319,13.758331
files/p43.atsp,0.400000,210.000000,380.989601,13.777902
files/p43.atsp,0.400000,210.000000,380.968858,13.801795
files/p43.atsp,0.400000,210.000000,381.010363,13.827399
files/p43.atsp,0.400000,210.000000,381.134483,13.847485
files/p43.atsp,0.400000,210.000000,381.213425,13.870039
files/p43.atsp,0.400000,210.000000,381.403780,13.891032
files/p43.atsp,0.400000,210.000000,381.265866,13.914562
files/p43.atsp,0.400000,210.000000,381.210616,13.938518
files/p43.atsp,0.400000,210.000000,381.011966,13.963083
files/p43.atsp,0.400000,210.000000,381.047782,13.984250
files/p43.atsp,0.400000,210.000000,380.882453,14.004470
files/p43.atsp,0.400000,210.000000,380.935374,14.033319
files/p43.atsp,0.400000,210.000000,380.908319,14.051769
files/p43.atsp,0.400000,210.000000,380.794915,14.071451
files/p43.atsp,0.400000,210.000000,380.820643,14.096251
files/p43.atsp,0.400000,210.000000,380.834459,14.119783
files/p43.atsp,0.400000,210.000000,381.023609,14.140871
files/p43.atsp,0.400000,210.000000,381.057239,14.163500
files/p43.atsp,0.400000,210.000000,381.253782,14.193916
files/p43.atsp,0.400000,210.000000,381.182886,14.215465
files/p43.atsp,0.400000,210.000000,381.241206,14.239570
files/p43.atsp,0.400000,210.000000,381.115385,14.255366
files/p43.atsp,0.400000,210.000000,381.150250,14.273929
files/p43.atsp,0.400000,210.000000,381.446667,14.293803
files/p43.atsp,0.400000,210.000000,381.580699,14.315639
files/p43.atsp,0.400000,210.000000,381.423588,14.338846
files/p43.atsp,0.400000,210.000000,381.283582,14.369168
files/p43.atsp,0.400000,210.000000,381.254967,14.388667
files/p43.atsp,0.400000,210.000000,381.186777,14.407160
files/p43.atsp,0.400000,210.000000,381.171617,14.427369
files/p43.atsp,0.400000,210.000000,381.182867,14.450377
files/p43.atsp,0.400000,210.000000,381.284539,14.470096
files/p43.atsp,0.400000,210.000000,381.254516,14.491336
files/p43.atsp,0.400000,210.000000,381.147541,14.512430
files/p43.atsp,0.400000,210.000000,381.111293,14.538532
files/p43.atsp,0.400000,210.000000,381.081699,14.554677
files/p43.atsp,0.400000,210.000000,381.053834,14.575165
files/p43.atsp,0.400000,210.000000,380.918567,14.600871
files/p43.atsp,0.400000,210.000000,380.790244,14.620205
files/p43.atsp,0.400000,210.000000,380.756494,14.649795
files/p43.atsp,0.400000,210.000000,380.800648,14.671774
files/p43.atsp,0.400000,210.000000,380.555016,14.699450
files/p43.atsp,0.400000,210.000000,380.628433,14.731628
files/p43.atsp,0.400000,210.000000,380.509677,14.768261
files/p43.atsp,0.400000,210.000000,380.317230,14.786550
files/p43.atsp,0.400000,210.000000,380.271704,14.822644
files/p43.atsp,0.400000,210.000000,380.335474,14.884922
files/p43.atsp,0.400000,210.000000,380.419872,14.932306
files/p43.atsp,0.400000,210.000000,380.382400,14.975335
files/p43.atsp,0.400000,210.000000,380.257188,15.015631
files/p43.atsp,0.400000,210.000000,380.457735,15.054370
files/p43.atsp,0.400000,210.000000,380.547771,15.087628
files/p43.atsp,0.400000,210.000000,380.538951,15.124502
files/p43.atsp,0.400000,210.000000,380.428571,15.156843
files/p43.atsp,0.400000,210.000000,380.342314,15.216048
files/p43.atsp,0.400000,210.000000,380.275316,15.247756
files/p43.atsp,0.400000,210.000000,380.197472,15.274351
files/p43.atsp,0.400000,210.000000,380.067823,15.307421
files/p43.atsp,0.400000,210.000000,380.168504,15.342249
files/p43.atsp,0.400000,210.000000,380.099057,15.374752
files/p43.atsp,0.400000,210.000000,379.866562,15.401610
files/p43.atsp,0.400000,210.000000,379.855799,15.427597
files/p43.atsp,0.400000,210.000000,379.899844,15.450399
files/p43.atsp,0.400000,210.000000,380.125000,15.480841
files/p43.atsp,0.400000,210.000000,380.149766,15.531186
files/p43.atsp,0.400000,210.000000,380.024922,15.573941
files/p43.atsp,0.400000,210.000000,380.000000,15.617480
files/p43.atsp,0.400000,210.000000,379.864907,15.693590
files/p43.atsp,0.400000,210.000000,379.827907,15.731107
files/p43.atsp,0.400000,210.000000,379.760062,15.764789
