files/p43.atsp,0.500000,333.000000,333.000000,0.025715
files/p43.atsp,0.500000,333.000000,407.000000,0.037555
files/p43.atsp,0.500000,329.000000,381.000000,0.066920
files/p43.atsp,0.500000,329.000000,370.000000,0.093219
files/p43.atsp,0.500000,329.000000,372.200000,0.119272
files/p43.atsp,0.500000,329.000000,396.333333,0.143817
files/p43.atsp,0.500000,259.000000,376.714286,0.168872
files/p43.atsp,0.500000,259.000000,387.375000,0.189198
files/p43.atsp,0.500000,259.000000,399.666667,0.210313
files/p43.atsp,0.500000,259.000000,396.300000,0.236435
files/p43.atsp,0.500000,259.000000,388.363636,0.255814
files/p43.atsp,0.500000,259.000000,385.500000,0.274965
files/p43.atsp,0.500000,259.000000,393.384615,0.302491
files/p43.atsp,0.500000,259.000000,394.714286,0.331539
files/p43.atsp,0.500000,259.000000,387.666667,0.356608
files/p43.atsp,0.500000,259.000000,392.312500,0.382654
files/p43.atsp,0.500000,259.000000,392.764706,0.412813
files/p43.atsp,0.500000,259.000000,398.000000,0.435709
files/p43.atsp,0.500000,233.000000,389.315789,0.447688
files/p43.atsp,0.500000,233.000000,388.300000,0.469669
files/p43.atsp,0.500000,233.000000,385.619048,0.496494
files/p43.atsp,0.500000,233.000000,386.590909,0.516904
files/p43.atsp,0.500000,233.000000,383.130435,0.533452
files/p43.atsp,0.500000,233.000000,381.000000,0.563505
files/p43.atsp,0.500000,233.000000,379.080000,0.585794
files/p43.atsp,0.500000,233.000000,377.961538,0.603487
files/p43.atsp,0.500000,233.000000,379.740741,0.626075
files/p43.atsp,0.500000,233.000000,378.964286,0.652688
files/p43.atsp,0.500000,233.000000,378.068966,0.676669
files/p43.atsp,0.500000,233.000000,378.666667,0.694392
files/p43.atsp,0.500000,233.000000,377.612903,0.717018
files/p43.atsp,0.500000,233.000000,374.125000,0.739390
files/p43.atsp,0.500000,233.000000,375.000000,0.763855
files/p43.atsp,0.500000,233.000000,378.147059,0.784745
files/p43.atsp,0.500000,233.000000,377.771429,0.800065
files/p43.atsp,0.500000,233.000000,376.555556,0.822094
files/p43.atsp,0.500000,233.000000,374.432432,0.849340
files/p43.atsp,0.500000,233.000000,372.894737,0.878694
files/p43.atsp,0.500000,233.000000,373.358974,0.901084
files/p43.atsp,0.500000,233.000000,372.175000,0.927449
files/p43.atsp,0.500000,233.000000,369.951220,0.954265
files/p43.atsp,0.500000,233.000000,371.333333,0.976660
files/p43.atsp,0.500000,233.000000,370.232558,0.991295
files/p43.atsp,0.500000,233.000000,374.727273,1.011664
files/p43.atsp,0.500000,233.000000,374.977778,1.026298
files/p43.atsp,0.500000,233.000000,375.760870,1.052294
files/p43.atsp,0.500000,233.000000,375.297872,1.067778
files/p43.atsp,0.500000,233.000000,376.833333,1.087206
files/p43.atsp,0.500000,233.000000,376.367347,1.108078
files/p43.atsp,0.500000,233.000000,379.520000,1.129820
files/p43.atsp,0.500000,233.000000,377.941176,1.153927
files/p43.atsp,0.500000,233.000000,378.192308,1.173992
files/p43.atsp,0.500000,233.000000,378.811321,1.201847
files/p43.atsp,0.500000,233.000000,377.888889,1.230749
files/p43.atsp,0.500000,233.000000,380.054545,1.254731
files/p43.atsp,0.500000,233.000000,378.875000,1.285114
files/p43.atsp,0.500000,233.000000,380.315789,1.316686
files/p43.atsp,0.500000,233.000000,380.913793,1.329816
files/p43.atsp,0.500000,233.000000,379.898305,1.347389
files/p43.atsp,0.500000,232.000000,377.433333,1.375087
files/p43.atsp,0.500000,232.000000,376.295082,1.404343
files/p43.atsp,0.500000,232.000000,376.112903,1.424173
files/p43.atsp,0.500000,232.000000,375.095238,1.446177
files/p43.atsp,0.500000,232.000000,377.234375,1.475562
files/p43.atsp,0.500000,232.000000,375.784615,1.506865
files/p43.atsp,0.500000,232.000000,375.530303,1.525011
files/p43.atsp,0.500000,232.000000,377.402985,1.550026
files/p43.atsp,0.500000,232.000000,377.926471,1.572181
files/p43.atsp,0.500000,232.000000,379.057971,1.598698
files/p43.atsp,0.500000,232.000000,378.157143,1.626765
files/p43.atsp,0.500000,232.000000,378.760563,1.654187
files/p43.atsp,0.500000,232.000000,378.430556,1.679533
files/p43.atsp,0.500000,232.000000,377.287671,1.699545
files/p43.atsp,0.500000,232.000000,376.094595,1.721579
files/p43.atsp,0.500000,232.000000,375.893333,1.743874
files/p43.atsp,0.500000,232.000000,376.118421,1.763960
files/p43.atsp,0.500000,232.000000,376.025974,1.787061
files/p43.atsp,0.500000,232.000000,375.192308,1.806416
files/p43.atsp,0.500000,232.000000,374.202532,1.827492
files/p43.atsp,0.500000,232.000000,373.700000,1.850231
files/p43.atsp,0.500000,232.000000,373.049383,1.879112
files/p43.atsp,0.500000,232.000000,373.585366,1.908338
files/p43.atsp,0.500000,232.000000,372.903614,1.929134
files/p43.atsp,0.500000,232.000000,373.142857,1.961962
files/p43.atsp,0.500000,232.000000,374.717647,1.984074
files/p43.atsp,0.500000,232.000000,374.616279,2.006113
files/p43.atsp,0.500000,232.000000,374.172414,2.022746
files/p43.atsp,0.500000,232.000000,374.000000,2.040760
files/p43.atsp,0.500000,232.000000,374.988764,2.064241
files/p43.atsp,0.500000,232.000000,374.700000,2.091377
files/p43.atsp,0.500000,232.000000,373.956044,2.111346
files/p43.atsp,0.500000,232.000000,374.554348,2.129721
files/p43.atsp,0.500000,232.000000,373.225806,2.145323
files/p43.atsp,0.500000,232.000000,371.829787,2.167670
files/p43.atsp,0.500000,232.000000,371.052632,2.197696
files/p43.atsp,0.500000,232.000000,371.354167,2.219053
files/p43.atsp,0.500000,232.000000,371.628866,2.241341
files/p43.atsp,0.500000,232.000000,370.530612,2.270224
files/p43.atsp,0.500000,232.000000,370.131313,2.291709
files/p43.atsp,0.500000,232.000000,369.680000,2.316162
files/p43.atsp,0.500000,232.000000,369.455446,2.344131
files/p43.atsp,0.500000,232.000000,369.254902,2.369945
files/p43.atsp,0.500000,232.000000,370.796117,2.390474
files/p43.atsp,0.500000,232.000000,370.653846,2.405614
files/p43.atsp,0.500000,232.000000,370.561905,2.436715
files/p43.atsp,0.500000,232.000000,370.801887,2.468178
files/p43.atsp,0.500000,232.000000,370.803738,2.495929
files/p43.atsp,0.500000,232.000000,370.074074,2.514127
files/p43.atsp,0.500000,232.000000,369.752294,2.536429
files/p43.atsp,0.500000,232.000000,369.081818,2.563119
files/p43.atsp,0.500000,232.000000,368.684685,2.586888
files/p43.atsp,0.500000,232.000000,368.205357,2.611052
files/p43.atsp,0.500000,232.000000,367.814159,2.641764
files/p43.atsp,0.500000,232.000000,368.166667,2.665242
files/p43.atsp,0.500000,232.000000,368.078261,2.685354
files/p43.atsp,0.500000,232.000000,368.327586,2.706055
files/p43.atsp,0.500000,232.000000,367.427350,2.730642
files/p43.atsp,0.500000,232.000000,367.313559,2.748915
files/p43.atsp,0.500000,232.000000,366.857143,2.768916
files/p43.atsp,0.500000,232.000000,368.650000,2.795216
files/p43.atsp,0.500000,232.000000,368.553719,2.816327
files/p43.atsp,0.500000,232.000000,368.180328,2.830155
files/p43.atsp,0.500000,232.000000,368.967480,2.865105
files/p43.atsp,0.500000,232.000000,367.919355,2.888047
files/p43.atsp,0.500000,232.000000,368.288000,2.916885
files/p43.atsp,0.500000,232.000000,369.103175,2.934858
files/p43.atsp,0.500000,232.000000,368.637795,2.959347
files/p43.atsp,0.500000,232.000000,368.351562,2.985155
files/p43.atsp,0.500000,232.000000,370.248062,3.017694
files/p43.atsp,0.500000,232.000000,369.553846,3.033777
files/p43.atsp,0.500000,232.000000,369.893130,3.059924
files/p43.atsp,0.500000,232.000000,370.363636,3.096668
files/p43.atsp,0.500000,232.000000,369.631579,3.124271
files/p43.atsp,0.500000,232.000000,369.358209,3.145864
files/p43.atsp,0.500000,232.000000,368.896296,3.176316
files/p43.atsp,0.500000,232.000000,369.705882,3.196358
files/p43.atsp,0.500000,232.000000,368.875912,3.225386
files/p43.atsp,0.500000,232.000000,369.978261,3.252726
files/p43.atsp,0.500000,232.000000,370.438849,3.266920
files/p43.atsp,0.500000,232.000000,370.264286,3.294585
files/p43.atsp,0.500000,232.000000,370.276596,3.317535
files/p43.atsp,0.500000,232.000000,370.204225,3.346788
files/p43.atsp,0.500000,232.000000,369.629371,3.366971
files/p43.atsp,0.500000,232.000000,369.000000,3.389631
files/p43.atsp,0.500000,232.000000,368.848276,3.409341
files/p43.atsp,0.500000,232.000000,369.109589,3.423894
files/p43.atsp,0.500000,232.000000,369.238095,3.452771
files/p43.atsp,0.500000,232.000000,370.270270,3.479777
files/p43.atsp,0.500000,232.000000,370.161074,3.503220
files/p43.atsp,0.500000,232.000000,369.733333,3.522453
files/p43.atsp,0.500000,232.000000,368.973510,3.551694
files/p43.atsp,0.500000,232.000000,368.888158,3.578817
files/p43.atsp,0.500000,232.000000,368.869281,3.604604
files/p43.atsp,0.500000,232.000000,368.818182,3.623193
files/p43.atsp,0.500000,232.000000,368.690323,3.648798
files/p43.atsp,0.500000,232.000000,367.910256,3.671981
files/p43.atsp,0.500000,232.000000,368.636943,3.701540
files/p43.atsp,0.500000,232.000000,368.006329,3.726413
files/p43.atsp,0.500000,232.000000,367.345912,3.753881
files/p43.atsp,0.500000,232.000000,366.925000,3.775960
files/p43.atsp,0.500000,232.000000,366.782609,3.805692
files/p43.atsp,0.500000,232.000000,366.419753,3.829763
files/p43.atsp,0.500000,232.000000,365.730061,3.847174
files/p43.atsp,0.500000,232.000000,365.981707,3.875216
files/p43.atsp,0.500000,232.000000,366.654545,3.897396
files/p43.atsp,0.500000,232.000000,366.506024,3.916366
files/p43.atsp,0.500000,232.000000,366.958084,3.939230
files/p43.atsp,0.500000,232.000000,367.797619,3.959372
files/p43.atsp,0.500000,232.000000,367.692308,3.979700
files/p43.atsp,0.500000,232.000000,367.505882,4.004669
files/p43.atsp,0.500000,232.000000,367.233918,4.024932
files/p43.atsp,0.500000,232.000000,367.156977,4.047409
files/p43.atsp,0.500000,232.000000,366.924855,4.072229
files/p43.atsp,0.500000,232.000000,366.367816,4.084649
files/p43.atsp,0.500000,232.000000,365.662857,4.107498
files/p43.atsp,0.500000,232.000000,365.585227,4.134096
files/p43.atsp,0.500000,232.000000,365.887006,4.153543
files/p43.atsp,0.500000,232.000000,366.741573,4.173318
files/p43.atsp,0.500000,232.000000,366.631285,4.201227
files/p43.atsp,0.500000,232.000000,365.961111,4.226299
files/p43.atsp,0.500000,232.000000,365.441989,4.252345
files/p43.atsp,0.500000,232.000000,365.752747,4.281357
files/p43.atsp,0.500000,232.000000,365.573770,4.305209
files/p43.atsp,0.500000,232.000000,365.722826,4.323313
files/p43.atsp,0.500000,232.000000,366.659459,4.346615
files/p43.atsp,0.500000,232.000000,366.564516,4.369443
files/p43.atsp,0.500000,232.000000,366.620321,4.393364
files/p43.atsp,0.500000,232.000000,366.005319,4.421810
files/p43.atsp,0.500000,232.000000,365.820106,4.440577
files/p43.atsp,0.500000,232.000000,365.731579,4.467226
files/p43.atsp,0.500000,232.000000,365.832461,4.506285
files/p43.atsp,0.500000,232.000000,365.208333,4.533749
files/p43.atsp,0.500000,232.000000,365.165803,4.565165
files/p43.atsp,0.500000,232.000000,365.231959,4.592411
files/p43.atsp,0.500000,232.000000,365.456410,4.614092
files/p43.atsp,0.500000,232.000000,365.280612,4.654020
files/p43.atsp,0.500000,232.000000,365.619289,4.676545
files/p43.atsp,0.500000,232.000000,365.641414,4.704287
files/p43.atsp,0.500000,232.000000,365.924623,4.725865
files/p43.atsp,0.500000,232.000000,365.935000,4.748652
files/p43.atsp,0.500000,232.000000,365.980100,4.776995
files/p43.atsp,0.500000,232.000000,365.603960,4.795955
files/p43.atsp,0.500000,232.000000,365.527094,4.823671
files/p43.atsp,0.500000,232.000000,365.750000,4.843605
files/p43.atsp,0.500000,232.000000,366.185366,4.867554
files/p43.atsp,0.500000,232.000000,366.281553,4.888994
files/p43.atsp,0.500000,232.000000,366.661836,4.905084
files/p43.atsp,0.500000,232.000000,366.259615,4.928561
files/p43.atsp,0.500000,232.000000,366.263158,4.950687
files/p43.atsp,0.500000,232.000000,365.985714,4.979848
files/p43.atsp,0.500000,232.000000,365.421801,4.997073
files/p43.atsp,0.500000,232.000000,365.405660,5.021693
files/p43.atsp,0.500000,232.000000,365.070423,5.047830
files/p43.atsp,0.500000,232.000000,364.598131,5.068870
files/p43.atsp,0.500000,232.000000,364.544186,5.092208
files/p43.atsp,0.500000,232.000000,364.254630,5.111287
files/p43.atsp,0.500000,232.000000,364.299539,5.135519
files/p43.atsp,0.500000,232.000000,364.619266,5.156247
files/p43.atsp,0.500000,232.000000,364.401826,5.189453
files/p43.atsp,0.500000,232.000000,364.672727,5.211511
files/p43.atsp,0.500000,232.000000,364.303167,5.227945
files/p43.atsp,0.500000,232.000000,364.103604,5.246190
files/p43.atsp,0.500000,232.000000,364.125561,5.266939
files/p43.atsp,0.500000,232.000000,363.825893,5.293754
files/p43.atsp,0.500000,232.000000,364.062222,5.314814
files/p43.atsp,0.500000,232.000000,363.907080,5.332153
files/p43.atsp,0.500000,232.000000,364.004405,5.351982
files/p43.atsp,0.500000,232.000000,363.938596,5.374206
files/p43.atsp,0.500000,232.000000,363.995633,5.401432
files/p43.atsp,0.500000,232.000000,364.600000,5.424144
files/p43.atsp,0.500000,232.000000,365.008658,5.447178
files/p43.atsp,0.500000,232.000000,364.840517,5.480225
files/p43.atsp,0.500000,232.000000,364.660944,5.505559
files/p43.atsp,0.500000,232.000000,365.337607,5.528513
files/p43.atsp,0.500000,232.000000,365.651064,5.555402
files/p43.atsp,0.500000,232.000000,365.961864,5.579835
files/p43.atsp,0.500000,232.000000,366.295359,5.608165
files/p43.atsp,0.500000,232.000000,366.373950,5.630989
files/p43.atsp,0.500000,232.000000,365.933054,5.656564
files/p43.atsp,0.500000,232.000000,366.083333,5.685854
files/p43.atsp,0.500000,232.000000,366.215768,5.705247
files/p43.atsp,0.500000,232.000000,366.347107,5.730457
files/p43.atsp,0.500000,232.000000,366.909465,5.751504
files/p43.atsp,0.500000,232.000000,367.016393,5.782314
files/p43.atsp,0.500000,232.000000,367.089796,5.806196
files/p43.atsp,0.500000,232.000000,366.902439,5.829068
files/p43.atsp,0.500000,232.000000,366.506073,5.852719
files/p43.atsp,0.500000,232.000000,366.516129,5.883497
files/p43.atsp,0.500000,223.000000,365.939759,5.906668
files/p43.atsp,0.500000,223.000000,365.616000,5.931297
files/p43.atsp,0.500000,223.000000,365.410359,5.957444
files/p43.atsp,0.500000,223.000000,365.242063,5.980094
files/p43.atsp,0.500000,223.000000,365.632411,6.008520
files/p43.atsp,0.500000,223.000000,366.011811,6.023182
files/p43.atsp,0.500000,223.000000,365.956863,6.040742
files/p43.atsp,0.500000,223.000000,366.324219,6.060500
files/p43.atsp,0.500000,223.000000,366.498054,6.080643
files/p43.atsp,0.500000,223.000000,367.023256,6.100985
files/p43.atsp,0.500000,223.000000,366.861004,6.124919
files/p43.atsp,0.500000,223.000000,366.665385,6.140576
files/p43.atsp,0.500000,223.000000,366.475096,6.158941
files/p43.atsp,0.500000,223.000000,366.103053,6.178267
files/p43.atsp,0.500000,223.000000,366.053232,6.203034
files/p43.atsp,0.500000,223.000000,365.602273,6.230512
files/p43.atsp,0.500000,223.000000,365.083019,6.248871
files/p43.atsp,0.500000,223.000000,364.857143,6.268152
files/p43.atsp,0.500000,223.000000,364.771536,6.292344
files/p43.atsp,0.500000,223.000000,365.190299,6.318501
files/p43.atsp,0.500000,223.000000,364.992565,6.340069
files/p43.atsp,0.500000,223.000000,364.537037,6.362296
files/p43.atsp,0.500000,223.000000,364.656827,6.385375
files/p43.atsp,0.500000,223.000000,364.419118,6.409144
files/p43.atsp,0.500000,223.000000,364.717949,6.429586
files/p43.atsp,0.500000,223.000000,364.598540,6.463339
files/p43.atsp,0.500000,223.000000,364.596364,6.484992
files/p43.atsp,0.500000,223.000000,364.652174,6.506557
files/p43.atsp,0.500000,223.000000,364.231047,6.530570
files/p43.atsp,0.500000,223.000000,364.395683,6.558170
files/p43.atsp,0.500000,223.000000,364.093190,6.579330
files/p43.atsp,0.500000,223.000000,364.246429,6.600956
files/p43.atsp,0.500000,223.000000,364.448399,6.633808
files/p43.atsp,0.500000,223.000000,364.617021,6.662537
files/p43.atsp,0.500000,223.000000,364.420495,6.690628
files/p43.atsp,0.500000,223.000000,364.380282,6.715964
files/p43.atsp,0.500000,223.000000,364.221053,6.740336
files/p43.atsp,0.500000,223.000000,364.041958,6.766781
files/p43.atsp,0.500000,223.000000,364.634146,6.791423
files/p43.atsp,0.500000,223.000000,364.722222,6.815567
files/p43.atsp,0.500000,223.000000,364.788927,6.843273
files/p43.atsp,0.500000,223.000000,364.831034,6.872689
files/p43.atsp,0.500000,223.000000,364.982818,6.894479
files/p43.atsp,0.500000,223.000000,364.900685,6.924152
files/p43.atsp,0.500000,223.000000,365.354949,6.946558
files/p43.atsp,0.500000,223.000000,365.408163,6.969494
files/p43.atsp,0.500000,223.000000,365.396610,6.992476
files/p43.atsp,0.500000,223.000000,365.483108,7.029948
files/p43.atsp,0.500000,223.000000,365.286195,7.060170
files/p43.atsp,0.500000,223.000000,365.617450,7.087723
files/p43.atsp,0.500000,223.000000,365.528428,7.112240
files/p43.atsp,0.500000,223.000000,365.626667,7.137922
files/p43.atsp,0.500000,223.000000,365.946844,7.158434
files/p43.atsp,0.500000,223.000000,365.986755,7.192707
files/p43.atsp,0.500000,223.000000,366.211221,7.226512
files/p43.atsp,0.500000,223.000000,366.312500,7.252270
files/p43.atsp,0.500000,223.000000,366.439344,7.276368
files/p43.atsp,0.500000,223.000000,366.415033,7.298796
files/p43.atsp,0.500000,223.000000,366.387622,7.326305
files/p43.atsp,0.500000,223.000000,366.743506,7.344468
files/p43.atsp,0.500000,223.000000,366.381877,7.367847
files/p43.atsp,0.500000,223.000000,366.535484,7.391306
files/p43.atsp,0.500000,223.000000,366.713826,7.418587
files/p43.atsp,0.500000,223.000000,366.990385,7.440370
files/p43.atsp,0.500000,223.000000,366.837061,7.464768
files/p43.atsp,0.500000,223.000000,366.509554,7.485067
files/p43.atsp,0.500000,223.000000,366.511111,7.519713
files/p43.atsp,0.500000,223.000000,366.515823,7.538662
files/p43.atsp,0.500000,223.000000,366.529968,7.563124
files/p43.atsp,0.500000,223.000000,366.566038,7.591066
files/p43.atsp,0.500000,223.000000,366.586207,7.622205
files/p43.atsp,0.500000,223.000000,366.971875,7.655000
files/p43.atsp,0.500000,223.000000,366.732087,7.669449
files/p43.atsp,0.500000,223.000000,366.642857,7.692117
files/p43.atsp,0.500000,223.000000,366.582043,7.718892
files/p43.atsp,0.500000,223.000000,366.950617,7.741351
files/p43.atsp,0.500000,223.000000,367.040000,7.760367
files/p43.atsp,0.500000,223.000000,366.607362,7.779486
files/p43.atsp,0.500000,223.000000,366.486239,7.801031
files/p43.atsp,0.500000,223.000000,366.201220,7.820757
files/p43.atsp,0.500000,223.000000,366.465046,7.843448
files/p43.atsp,0.500000,223.000000,366.536364,7.863977
files/p43.atsp,0.500000,223.000000,366.347432,7.888249
files/p43.atsp,0.500000,223.000000,366.388554,7.904191
files/p43.atsp,0.500000,223.000000,366.315315,7.923510
files/p43.atsp,0.500000,223.000000,366.529940,7.951386
files/p43.atsp,0.500000,223.000000,366.382090,7.970151
files/p43.atsp,0.500000,223.000000,366.744048,7.991260
files/p43.atsp,0.500000,223.000000,366.777448,8.014308
files/p43.atsp,0.500000,223.000000,366.730769,8.038602
files/p43.atsp,0.500000,223.000000,366.648968,8.067690
files/p43.atsp,0.500000,223.000000,366.667647,8.087719
files/p43.atsp,0.500000,223.000000,366.894428,8.112406
files/p43.atsp,0.500000,223.000000,366.839181,8.133890
files/p43.atsp,0.500000,223.000000,366.924198,8.159124
files/p43.atsp,0.500000,223.000000,366.642442,8.190827
files/p43.atsp,0.500000,223.000000,366.797101,8.213985
files/p43.atsp,0.500000,223.000000,366.838150,8.235288
files/p43.atsp,0.500000,223.000000,367.109510,8.259172
files/p43.atsp,0.500000,223.000000,367.063218,8.282526
files/p43.atsp,0.500000,223.000000,367.045845,8.304612
files/p43.atsp,0.500000,223.000000,366.994286,8.327448
files/p43.atsp,0.500000,223.000000,366.943020,8.341903
files/p43.atsp,0.500000,223.000000,367.568182,8.370131
files/p43.atsp,0.500000,223.000000,367.475921,8.388858
files/p43.atsp,0.500000,223.000000,367.635593,8.411535
files/p43.atsp,0.500000,223.000000,367.954930,8.430609
files/p43.atsp,0.500000,223.000000,368.188202,8.449564
files/p43.atsp,0.500000,223.000000,368.187675,8.473760
files/p43.atsp,0.500000,223.000000,368.089385,8.501062
files/p43.atsp,0.500000,223.000000,368.139276,8.517527
files/p43.atsp,0.500000,223.000000,368.202778,8.538817
files/p43.atsp,0.500000,223.000000,368.008310,8.573085
files/p43.atsp,0.500000,223.000000,368.281768,8.600782
files/p43.atsp,0.500000,223.000000,368.151515,8.629575
files/p43.atsp,0.500000,223.000000,368.247253,8.647835
files/p43.atsp,0.500000,223.000000,367.950685,8.660542
files/p43.atsp,0.500000,223.000000,368.062842,8.692861
files/p43.atsp,0.500000,223.000000,368.016349,8.708191
files/p43.atsp,0.500000,223.000000,367.883152,8.725066
files/p43.atsp,0.500000,223.000000,368.262873,8.746605
files/p43.atsp,0.500000,223.000000,368.172973,8.778049
files/p43.atsp,0.500000,223.000000,368.121294,8.812448
files/p43.atsp,0.500000,223.000000,368.362903,8.831058
files/p43.atsp,0.500000,223.000000,368.367292,8.855440
files/p43.atsp,0.500000,223.000000,368.465241,8.879668
files/p43.atsp,0.500000,223.000000,368.568000,8.910829
files/p43.atsp,0.500000,223.000000,368.473404,8.933817
files/p43.atsp,0.500000,223.000000,368.336870,8.965851
files/p43.atsp,0.500000,223.000000,368.193122,8.995836
files/p43.atsp,0.500000,223.000000,368.358839,9.023992
files/p43.atsp,0.500000,223.000000,368.447368,9.050241
files/p43.atsp,0.500000,223.000000,368.566929,9.082290
files/p43.atsp,0.500000,223.000000,368.539267,9.108695
files/p43.atsp,0.500000,223.000000,368.503916,9.146170
files/p43.atsp,0.500000,223.000000,368.776042,9.178206
files/p43.atsp,0.500000,223.000000,368.644156,9.200685
files/p43.atsp,0.500000,223.000000,368.694301,9.226461
files/p43.atsp,0.500000,223.000000,368.770026,9.245091
files/p43.atsp,0.500000,223.000000,368.811856,9.268045
files/p43.atsp,0.500000,223.000000,369.105398,9.301335
files/p43.atsp,0.500000,223.000000,368.900000,9.323465
files/p43.atsp,0.500000,223.000000,368.808184,9.348371
files/p43.atsp,0.500000,223.000000,368.551020,9.376414
files/p43.atsp,0.500000,223.000000,368.651399,9.405397
files/p43.atsp,0.500000,223.000000,368.639594,9.430586
files/p43.atsp,0.500000,223.000000,368.789873,9.469744
files/p43.atsp,0.500000,223.000000,368.674242,9.493622
files/p43.atsp,0.500000,223.000000,368.670025,9.523421
files/p43.atsp,0.500000,223.000000,368.645729,9.545559
files/p43.atsp,0.500000,223.000000,368.847118,9.583125
files/p43.atsp,0.500000,223.000000,369.027500,9.608099
files/p43.atsp,0.500000,223.000000,369.251870,9.629915
files/p43.atsp,0.500000,223.000000,369.241294,9.649716
files/p43.atsp,0.500000,223.000000,369.208437,9.673752
files/p43.atsp,0.500000,223.000000,369.175743,9.697791
files/p43.atsp,0.500000,223.000000,369.308642,9.728815
files/p43.atsp,0.500000,223.000000,369.549261,9.754803
files/p43.atsp,0.500000,223.000000,369.690418,9.774016
files/p43.atsp,0.500000,223.000000,369.669118,9.794319
files/p43.atsp,0.500000,223.000000,369.611247,9.811952
files/p43.atsp,0.500000,223.000000,369.770732,9.836480
files/p43.atsp,0.500000,223.000000,369.802920,9.872498
files/p43.atsp,0.500000,223.000000,369.555825,9.892572
files/p43.atsp,0.500000,223.000000,369.365617,9.924826
files/p43.atsp,0.500000,223.000000,369.246377,9.947936
files/p43.atsp,0.500000,223.000000,369.375904,9.975737
files/p43.atsp,0.500000,223.000000,369.401442,9.994989
files/p43.atsp,0.500000,223.000000,369.374101,10.019498
files/p43.atsp,0.500000,223.000000,369.361244,10.052097
files/p43.atsp,0.500000,223.000000,369.224344,10.075139
files/p43.atsp,0.500000,223.000000,369.330952,10.096245
files/p43.atsp,0.500000,223.000000,369.349169,10.113695
files/p43.atsp,0.500000,223.000000,369.345972,10.133440
files/p43.atsp,0.500000,223.000000,369.314421,10.156582
files/p43.atsp,0.500000,223.000000,369.535377,10.172633
files/p43.atsp,0.500000,223.000000,369.576471,10.200945
files/p43.atsp,0.500000,223.000000,369.669014,10.226441
files/p43.atsp,0.500000,223.000000,369.674473,10.245244
files/p43.atsp,0.500000,223.000000,369.887850,10.267202
files/p43.atsp,0.500000,223.000000,369.876457,10.290819
files/p43.atsp,0.500000,223.000000,369.769767,10.305516
files/p43.atsp,0.500000,223.000000,369.812065,10.323261
files/p43.atsp,0.500000,223.000000,370.113426,10.351660
files/p43.atsp,0.500000,223.000000,370.270208,10.372567
files/p43.atsp,0.500000,223.000000,370.216590,10.394858
files/p43.atsp,0.500000,223.000000,370.537931,10.418652
files/p43.atsp,0.500000,223.000000,370.805046,10.441559
files/p43.atsp,0.500000,223.000000,370.867277,10.463238
files/p43.atsp,0.500000,223.000000,370.931507,10.485274
files/p43.atsp,0.500000,223.000000,370.890661,10.510052
files/p43.atsp,0.500000,223.000000,370.875000,10.535579
files/p43.atsp,0.500000,223.000000,371.022676,10.562445
files/p43.atsp,0.500000,223.000000,370.957014,10.586467
files/p43.atsp,0.500000,223.000000,370.997743,10.606969
files/p43.atsp,0.500000,223.000000,371.047297,10.626944
files/p43.atsp,0.500000,223.000000,371.150562,10.661998
files/p43.atsp,0.500000,223.000000,371.130045,10.684822
files/p43.atsp,0.500000,223.000000,370.986577,10.704661
files/p43.atsp,0.500000,223.000000,371.167411,10.723560
files/p43.atsp,0.500000,223.000000,371.109131,10.740800
files/p43.atsp,0.500000,223.000000,370.822222,10.763675
files/p43.atsp,0.500000,223.000000,370.951220,10.789464
files/p43.atsp,0.500000,223.000000,370.893805,10.811909
files/p43.atsp,0.500000,223.000000,370.951435,10.836871
files/p43.atsp,0.500000,223.000000,370.861233,10.852625
files/p43.atsp,0.500000,223.000000,370.828571,10.875852
files/p43.atsp,0.500000,223.000000,371.054825,10.905359
files/p43.atsp,0.500000,223.000000,371.142232,10.930531
files/p43.atsp,0.500000,223.000000,371.189956,10.955736
files/p43.atsp,0.500000,223.000000,371.108932,10.977682
files/p43.atsp,0.500000,223.000000,370.960870,10.994915
files/p43.atsp,0.500000,223.000000,371.119306,11.020790
files/p43.atsp,0.500000,223.000000,371.506494,11.055205
files/p43.atsp,0.500000,223.000000,371.440605,11.080477
files/p43.atsp,0.500000,223.000000,371.525862,11.103976
files/p43.atsp,0.500000,223.000000,371.458065,11.131549
files/p43.atsp,0.500000,223.000000,371.315451,11.155243
files/p43.atsp,0.500000,223.000000,371.261242,11.190157
files/p43.atsp,0.500000,223.000000,371.341880,11.213372
files/p43.atsp,0.500000,223.000000,371.466951,11.230643
files/p43.atsp,0.500000,223.000000,371.534043,11.247264
files/p43.atsp,0.500000,223.000000,371.723992,11.278407
files/p43.atsp,0.500000,223.000000,371.811441,11.297886
files/p43.atsp,0.500000,223.000000,371.828753,11.315769
files/p43.atsp,0.500000,223.000000,371.700422,11.342945
files/p43.atsp,0.500000,223.000000,371.917895,11.372575
files/p43.atsp,0.500000,223.000000,371.842437,11.397116
files/p43.atsp,0.500000,223.000000,371.853249,11.419658
files/p43.atsp,0.500000,223.000000,372.179916,11.439939
files/p43.atsp,0.500000,223.000000,372.154489,11.465646
files/p43.atsp,0.500000,223.000000,372.064583,11.490000
files/p43.atsp,0.500000,223.000000,371.837838,11.509875
files/p43.atsp,0.500000,223.000000,371.800830,11.531044
files/p43.atsp,0.500000,223.000000,371.743271,11.561122
files/p43.atsp,0.500000,223.000000,371.729339,11.590550
files/p43.atsp,0.500000,223.000000,371.721649,11.610551
files/p43.atsp,0.500000,223.000000,371.726337,11.633867
files/p43.atsp,0.500000,223.000000,371.821355,11.659263
files/p43.atsp,0.500000,223.000000,371.809426,11.694224
files/p43.atsp,0.500000,223.000000,371.779141,11.717353
files/p43.atsp,0.500000,223.000000,371.732653,11.739038
files/p43.atsp,0.500000,223.000000,371.961303,11.759520
files/p43.atsp,0.500000,223.000000,372.095528,11.785696
files/p43.atsp,0.500000,223.000000,371.829615,11.810325
files/p43.atsp,0.500000,223.000000,371.706478,11.835359
files/p43.atsp,0.500000,223.000000,371.658586,11.861060
files/p43.atsp,0.500000,223.000000,371.909274,11.890935
files/p43.atsp,0.500000,223.000000,371.625755,11.911542
files/p43.atsp,0.500000,223.000000,371.787149,11.934206
files/p43.atsp,0.500000,223.000000,371.925852,11.954883
files/p43.atsp,0.500000,223.000000,371.876000,11.984945
files/p43.atsp,0.500000,223.000000,372.031936,12.008243
files/p43.atsp,0.500000,223.000000,372.059761,12.032043
files/p43.atsp,0.500000,223.000000,372.025845,12.059374
files/p43.atsp,0.500000,223.000000,371.970238,12.076215
files/p43.atsp,0.500000,223.000000,371.875248,12.096893
files/p43.atsp,0.500000,223.000000,372.023715,12.125913
files/p43.atsp,0.500000,223.000000,372.104536,12.154231
files/p43.atsp,0.500000,223.000000,372.070866,12.172760
files/p43.atsp,0.500000,223.000000,372.278978,12.199268
files/p43.atsp,0.500000,223.000000,372.217647,12.222521
files/p43.atsp,0.500000,223.000000,372.365949,12.249323
files/p43.atsp,0.500000,223.000000,372.574219,12.268196
files/p43.atsp,0.500000,223.000000,372.506823,12.290126
files/p43.atsp,0.500000,223.000000,372.498054,12.316987
files/p43.atsp,0.500000,223.000000,372.328155,12.344146
files/p43.atsp,0.500000,223.000000,372.335271,12.375048
files/p43.atsp,0.500000,223.000000,372.328820,12.400087
files/p43.atsp,0.500000,223.000000,372.202703,12.418374
files/p43.atsp,0.500000,223.000000,372.236994,12.443500
files/p43.atsp,0.500000,223.000000,372.317308,12.469413
files/p43.atsp,0.500000,223.000000,372.385797,12.495089
files/p43.atsp,0.500000,223.000000,372.408046,12.527056
files/p43.atsp,0.500000,223.000000,372.198853,12.551067
files/p43.atsp,0.500000,223.000000,372.496183,12.573471
files/p43.atsp,0.500000,223.000000,372.474286,12.597154
files/p43.atsp,0.500000,223.000000,372.593156,12.619541
files/p43.atsp,0.500000,223.000000,372.538899,12.646201
files/p43.atsp,0.500000,223.000000,372.325758,12.672435
files/p43.atsp,0.500000,223.000000,372.281664,12.697043
files/p43.atsp,0.500000,223.000000,372.166038,12.716576
files/p43.atsp,0.500000,223.000000,372.282486,12.737455
files/p43.atsp,0.500000,223.000000,372.325188,12.756878
files/p43.atsp,0.500000,223.000000,372.570356,12.775232
files/p43.atsp,0.500000,223.000000,372.629213,12.801350
files/p43.atsp,0.500000,223.000000,372.831776,12.821235
files/p43.atsp,0.500000,223.000000,372.856343,12.845028
files/p43.atsp,0.500000,223.000000,372.910615,12.872490
files/p43.atsp,0.500000,223.000000,373.057621,12.899185
files/p43.atsp,0.500000,223.000000,373.142857,12.922785
files/p43.atsp,0.500000,223.000000,373.174074,12.944904
files/p43.atsp,0.500000,223.000000,373.210721,12.973755
files/p43.atsp,0.500000,223.000000,373.217712,12.997901
files/p43.atsp,0.500000,223.000000,373.272560,13.024638
files/p43.atsp,0.500000,223.000000,373.187500,13.050471
files/p43.atsp,0.500000,223.000000,373.115596,13.077304
files/p43.atsp,0.500000,223.000000,373.324176,13.097334
files/p43.atsp,0.500000,223.000000,373.475320,13.122337
files/p43.atsp,0.500000,223.000000,373.445255,13.148646
files/p43.atsp,0.500000,223.000000,373.593807,13.166065
files/p43.atsp,0.500000,223.000000,373.521818,13.198602
files/p43.atsp,0.500000,223.000000,373.662432,13.220957
files/p43.atsp,0.500000,223.000000,373.494565,13.242573
files/p43.atsp,0.500000,223.000000,373.336347,13.268149
files/p43.atsp,0.500000,223.000000,373.263538,13.284772
files/p43.atsp,0.500000,223.000000,373.212613,13.303377
files/p43.atsp,0.500000,223.000000,373.338129,13.323984
files/p43.atsp,0.500000,223.000000,373.421903,13.344507
files/p43.atsp,0.500000,223.000000,373.406810,13.372478
files/p43.atsp,0.500000,223.000000,373.477639,13.404269
files/p43.atsp,0.500000,223.000000,373.362500,13.424208
files/p43.atsp,0.500000,223.000000,373.475936,13.447895
files/p43.atsp,0.500000,223.000000,373.608541,13.466301
files/p43.atsp,0.500000,223.000000,373.547069,13.484914
files/p43.atsp,0.500000,223.000000,373.418440,13.509253
files/p43.atsp,0.500000,223.000000,373.355752,13.537884
files/p43.atsp,0.500000,223.000000,373.533569,13.556211
files/p43.atsp,0.500000,223.000000,373.493827,13.580799
files/p43.atsp,0.500000,223.000000,373.403169,13.613857
files/p43.atsp,0.500000,223.000000,373.434095,13.646625
files/p43.atsp,0.500000,223.000000,373.322807,13.671437
files/p43.atsp,0.500000,223.000000,373.409807,13.692860
files/p43.atsp,0.500000,223.000000,373.326923,13.714142
files/p43.atsp,0.500000,223.000000,373.305410,13.739894
files/p43.atsp,0.500000,223.000000,373.221254,13.758623
files/p43.atsp,0.500000,223.000000,373.126957,13.781461
files/p43.atsp,0.500000,223.000000,373.029514,13.797150
files/p43.atsp,0.500000,223.000000,373.020797,13.816408
files/p43.atsp,0.500000,223.000000,373.060554,13.840097
files/p43.atsp,0.500000,223.000000,373.096718,13.862183
files/p43.atsp,0.500000,223.000000,373.200000,13.889227
files/p43.atsp,0.500000,223.000000,373.437177,13.906797
files/p43.atsp,0.500000,223.000000,373.434708,13.934561
files/p43.atsp,0.500000,223.000000,373.310463,13.955592
files/p43.atsp,0.500000,223.000000,373.344178,13.983594
files/p43.atsp,0.500000,223.000000,373.247863,13.999403
files/p43.atsp,0.500000,223.000000,373.172355,14.016195
files/p43.atsp,0.500000,223.000000,373.216354,14.033979
files/p43.atsp,0.500000,223.000000,373.139456,14.062511
files/p43.atsp,0.500000,223.000000,373.108659,14.087393
files/p43.atsp,0.500000,223.000000,373.330508,14.104297
files/p43.atsp,0.500000,223.000000,373.509306,14.120959
files/p43.atsp,0.500000,223.000000,373.753378,14.139873
files/p43.atsp,0.500000,223.000000,373.711636,14.170342
files/p43.atsp,0.500000,223.000000,373.508418,14.202028
files/p43.atsp,0.500000,223.000000,373.388235,14.235949
files/p43.atsp,0.500000,223.000000,373.357383,14.256659
files/p43.atsp,0.500000,223.000000,373.495812,14.277721
files/p43.atsp,0.500000,223.000000,373.453177,14.300230
files/p43.atsp,0.500000,223.000000,373.338898,14.326748
files/p43.atsp,0.500000,223.000000,373.250000,14.348949
files/p43.atsp,0.500000,223.000000,373.317804,14.373343
files/p43.atsp,0.500000,223.000000,373.255814,14.398349
files/p43.atsp,0.500000,223.000000,373.187396,14.416320
files/p43.atsp,0.500000,223.000000,373.352649,14.443559
files/p43.atsp,0.500000,223.000000,373.393388,14.466842
files/p43.atsp,0.500000,223.000000,373.443894,14.488288
files/p43.atsp,0.500000,223.000000,373.311367,14.510672
files/p43.atsp,0.500000,223.000000,373.368421,14.533024
files/p43.atsp,0.500000,223.000000,373.371100,14.555911
files/p43.atsp,0.500000,223.000000,373.319672,14.577721
files/p43.atsp,0.500000,223.000000,373.270049,14.595976
files/p43.atsp,0.500000,223.000000,373.101307,14.609352
files/p43.atsp,0.500000,223.000000,373.044046,14.639113
files/p43.atsp,0.500000,223.000000,373.112378,14.665350
files/p43.atsp,0.500000,223.000000,373.133333,14.686728
files/p43.atsp,0.500000,223.000000,373.301948,14.707590
files/p43.atsp,0.500000,223.000000,373.290113,14.723488
files/p43.atsp,0.500000,223.000000,373.286408,14.754822
files/p43.atsp,0.500000,223.000000,373.161551,14.781740
files/p43.atsp,0.500000,223.000000,373.130645,14.796870
files/p43.atsp,0.500000,223.000000,373.228663,14.811331
files/p43.atsp,0.500000,223.000000,373.347267,14.830293
files/p43.atsp,0.500000,223.000000,373.284109,14.846030
files/p43.atsp,0.500000,223.000000,373.286859,14.870883
files/p43.atsp,0.500000,223.000000,373.262400,14.892277
files/p43.atsp,0.500000,223.000000,373.381789,14.921074
files/p43.atsp,0.500000,223.000000,373.472089,14.936818
files/p43.atsp,0.500000,223.000000,373.458599,14.960367
files/p43.atsp,0.500000,223.000000,373.572337,14.982608
files/p43.atsp,0.500000,223.000000,373.650794,15.005438
files/p43.atsp,0.500000,223.000000,373.637084,15.025505
files/p43.atsp,0.500000,223.000000,373.742089,15.058298
files/p43.atsp,0.500000,223.000000,373.821485,15.083242
files/p43.atsp,0.500000,223.000000,373.875394,15.100634
files/p43.atsp,0.500000,223.000000,374.018898,15.126821
files/p43.atsp,0.500000,223.000000,374.268868,15.148114
files/p43.atsp,0.500000,223.000000,374.265306,15.175982
files/p43.atsp,0.500000,223.000000,374.175549,15.191190
files/p43.atsp,0.500000,223.000000,374.125196,15.215565
files/p43.atsp,0.500000,223.000000,374.089063,15.233421
files/p43.atsp,0.500000,223.000000,374.098284,15.258066
files/p43.atsp,0.500000,223.000000,374.096573,15.279224
files/p43.atsp,0.500000,223.000000,374.150855,15.298292
files/p43.atsp,0.500000,223.000000,373.979814,15.318657
files/p43.atsp,0.500000,223.000000,374.038760,15.343869
files/p43.atsp,0.500000,223.000000,373.953560,15.360141
files/p43.atsp,0.500000,223.000000,374.131376,15.384018
files/p43.atsp,0.500000,223.000000,374.027778,15.417842
files/p43.atsp,0.500000,223.000000,374.003082,15.456391
files/p43.atsp,0.500000,223.000000,373.898462,15.477434
files/p43.atsp,0.500000,223.000000,373.705069,15.500242
files/p43.atsp,0.500000,223.000000,373.751534,15.524579
files/p43.atsp,0.500000,223.000000,373.707504,15.542228
files/p43.atsp,0.500000,223.000000,373.711009,15.562810
files/p43.atsp,0.500000,223.000000,373.575573,15.586527
files/p43.atsp,0.500000,223.000000,373.544207,15.610000
files/p43.atsp,0.500000,223.000000,373.768645,15.636910
files/p43.atsp,0.500000,223.000000,373.778116,15.664942
files/p43.atsp,0.500000,223.000000,373.954476,15.689000
files/p43.atsp,0.500000,223.000000,374.116667,15.710655
files/p43.atsp,0.500000,223.000000,374.139183,15.730009
files/p43.atsp,0.500000,223.000000,374.110272,15.748162
