files/p43.atsp,0.600000,302.000000,302.000000,0.030259
files/p43.atsp,0.600000,302.000000,363.500000,0.047303
files/p43.atsp,0.600000,302.000000,391.666667,0.079759
files/p43.atsp,0.600000,302.000000,382.000000,0.100644
files/p43.atsp,0.600000,302.000000,367.800000,0.117591
files/p43.atsp,0.600000,302.000000,357.500000,0.140469
files/p43.atsp,0.600000,302.000000,359.714286,0.168577
files/p43.atsp,0.600000,302.000000,362.375000,0.187948
files/p43.atsp,0.600000,302.000000,388.555556,0.216419
files/p43.atsp,0.600000,302.000000,391.300000,0.234231
files/p43.atsp,0.600000,302.000000,383.818182,0.247386
files/p43.atsp,0.600000,302.000000,390.083333,0.270943
files/p43.atsp,0.600000,302.000000,389.538462,0.296783
files/p43.atsp,0.600000,302.000000,387.571429,0.328683
files/p43.atsp,0.600000,302.000000,383.800000,0.350481
files/p43.atsp,0.600000,302.000000,383.500000,0.381380
files/p43.atsp,0.600000,302.000000,379.058824,0.408376
files/p43.atsp,0.600000,275.000000,373.277778,0.432840
files/p43.atsp,0.600000,275.000000,371.736842,0.461344
files/p43.atsp,0.600000,275.000000,377.800000,0.482742
files/p43.atsp,0.600000,275.000000,375.047619,0.518608
files/p43.atsp,0.600000,275.000000,373.590909,0.541081
files/p43.atsp,0.600000,275.000000,374.434783,0.565129
files/p43.atsp,0.600000,275.000000,374.000000,0.589410
files/p43.atsp,0.600000,275.000000,371.480000,0.609229
files/p43.atsp,0.600000,233.000000,366.153846,0.638144
files/p43.atsp,0.600000,233.000000,367.555556,0.666708
files/p43.atsp,0.600000,233.000000,374.571429,0.690874
files/p43.atsp,0.600000,233.000000,373.862069,0.712823
files/p43.atsp,0.600000,233.000000,374.200000,0.738526
files/p43.atsp,0.600000,233.000000,376.580645,0.761837
files/p43.atsp,0.600000,233.000000,379.187500,0.782463
files/p43.atsp,0.600000,233.000000,379.484848,0.806315
files/p43.atsp,0.600000,233.000000,382.294118,0.837163
files/p43.atsp,0.600000,233.000000,384.257143,0.861271
files/p43.atsp,0.600000,233.000000,380.277778,0.887239
files/p43.atsp,0.600000,233.000000,382.594595,0.911553
files/p43.atsp,0.600000,233.000000,381.815789,0.937444
files/p43.atsp,0.600000,233.000000,384.846154,0.957546
files/p43.atsp,0.600000,233.000000,382.875000,0.983942
files/p43.atsp,0.600000,233.000000,384.804878,1.004872
files/p43.atsp,0.600000,233.000000,385.738095,1.027106
files/p43.atsp,0.600000,233.000000,385.325581,1.050567
files/p43.atsp,0.600000,233.000000,386.795455,1.076562
files/p43.atsp,0.600000,233.000000,386.688889,1.095700
files/p43.atsp,0.600000,233.000000,384.673913,1.121550
files/p43.atsp,0.600000,233.000000,381.680851,1.138261
files/p43.atsp,0.600000,233.000000,380.812500,1.157483
files/p43.atsp,0.600000,233.000000,378.469388,1.182246
files/p43.atsp,0.600000,233.000000,378.340000,1.202208
files/p43.atsp,0.600000,233.000000,378.921569,1.224114
files/p43.atsp,0.600000,233.000000,380.384615,1.248138
files/p43.atsp,0.600000,233.000000,380.245283,1.269611
files/p43.atsp,0.600000,233.000000,380.796296,1.293324
files/p43.atsp,0.600000,233.000000,380.709091,1.322414
files/p43.atsp,0.600000,233.000000,379.642857,1.340466
files/p43.atsp,0.600000,233.000000,379.578947,1.375415
files/p43.atsp,0.600000,233.000000,378.724138,1.401031
files/p43.atsp,0.600000,233.000000,382.288136,1.420557
files/p43.atsp,0.600000,233.000000,381.400000,1.441392
files/p43.atsp,0.600000,233.000000,379.770492,1.458996
files/p43.atsp,0.600000,233.000000,380.112903,1.487019
files/p43.atsp,0.600000,233.000000,379.666667,1.505546
files/p43.atsp,0.600000,233.000000,379.078125,1.528942
files/p43.atsp,0.600000,233.000000,378.892308,1.549448
files/p43.atsp,0.600000,233.000000,378.363636,1.568260
files/p43.atsp,0.600000,233.000000,377.358209,1.592095
files/p43.atsp,0.600000,233.000000,376.823529,1.609852
files/p43.atsp,0.600000,233.000000,376.579710,1.629268
files/p43.atsp,0.600000,233.000000,376.857143,1.653559
files/p43.atsp,0.600000,233.000000,375.929577,1.674941
files/p43.atsp,0.600000,233.000000,374.847222,1.701677
files/p43.atsp,0.600000,233.000000,376.438356,1.724164
files/p43.atsp,0.600000,233.000000,377.756757,1.747000
files/p43.atsp,0.600000,233.000000,377.760000,1.770644
files/p43.atsp,0.600000,233.000000,377.736842,1.791941
files/p43.atsp,0.600000,233.000000,378.844156,1.819594
files/p43.atsp,0.600000,233.000000,378.525641,1.843539
files/p43.atsp,0.600000,233.000000,378.594937,1.875883
files/p43.atsp,0.600000,233.000000,379.250000,1.899193
files/p43.atsp,0.600000,233.000000,378.580247,1.921649
files/p43.atsp,0.600000,233.000000,377.975610,1.953202
files/p43.atsp,0.600000,233.000000,377.313253,1.967220
files/p43.atsp,0.600000,233.000000,376.952381,1.987748
files/p43.atsp,0.600000,233.000000,376.411765,2.011376
files/p43.atsp,0.600000,233.000000,376.453488,2.045324
files/p43.atsp,0.600000,233.000000,377.563218,2.066477
files/p43.atsp,0.600000,233.000000,377.681818,2.090748
files/p43.atsp,0.600000,233.000000,378.494382,2.108720
files/p43.atsp,0.600000,233.000000,378.755556,2.127011
files/p43.atsp,0.600000,233.000000,379.230769,2.146874
files/p43.atsp,0.600000,233.000000,379.086957,2.168147
files/p43.atsp,0.600000,233.000000,379.591398,2.191737
files/p43.atsp,0.600000,233.000000,379.340426,2.212824
files/p43.atsp,0.600000,233.000000,380.442105,2.231146
files/p43.atsp,0.600000,233.000000,380.583333,2.256952
files/p43.atsp,0.600000,233.000000,380.979381,2.281255
files/p43.atsp,0.600000,233.000000,381.887755,2.300567
files/p43.atsp,0.600000,233.000000,382.505051,2.330735
files/p43.atsp,0.600000,233.000000,381.580000,2.355230
files/p43.atsp,0.600000,233.000000,381.673267,2.379230
files/p43.atsp,0.600000,233.000000,381.107843,2.402968
files/p43.atsp,0.600000,233.000000,380.563107,2.419930
files/p43.atsp,0.600000,233.000000,381.596154,2.453544
files/p43.atsp,0.600000,233.000000,382.666667,2.470673
files/p43.atsp,0.600000,233.000000,382.811321,2.486547
files/p43.atsp,0.600000,233.000000,382.794393,2.511487
files/p43.atsp,0.600000,233.000000,382.148148,2.542881
files/p43.atsp,0.600000,233.000000,382.284404,2.564738
files/p43.atsp,0.600000,233.000000,381.181818,2.586050
files/p43.atsp,0.600000,233.000000,380.927928,2.612241
files/p43.atsp,0.600000,233.000000,382.812500,2.636121
files/p43.atsp,0.600000,233.000000,383.557522,2.670230
files/p43.atsp,0.600000,233.000000,382.552632,2.694709
files/p43.atsp,0.600000,233.000000,382.173913,2.714803
files/p43.atsp,0.600000,233.000000,382.275862,2.732050
files/p43.atsp,0.600000,233.000000,382.051282,2.753472
files/p43.atsp,0.600000,233.000000,382.186441,2.781344
files/p43.atsp,0.600000,233.000000,381.663866,2.806136
files/p43.atsp,0.600000,233.000000,381.533333,2.826494
files/p43.atsp,0.600000,233.000000,381.586777,2.854653
files/p43.atsp,0.600000,233.000000,381.303279,2.888248
files/p43.atsp,0.600000,233.000000,381.878049,2.918244
files/p43.atsp,0.600000,233.000000,381.556452,2.940111
files/p43.atsp,0.600000,233.000000,381.576000,2.959791
files/p43.atsp,0.600000,233.000000,382.563492,2.978813
files/p43.atsp,0.600000,233.000000,382.622047,3.005097
files/p43.atsp,0.600000,233.000000,381.804688,3.032958
files/p43.atsp,0.600000,233.000000,381.348837,3.054781
files/p43.atsp,0.600000,233.000000,380.261538,3.082764
files/p43.atsp,0.600000,233.000000,380.557252,3.108704
files/p43.atsp,0.600000,233.000000,380.992424,3.133095
files/p43.atsp,0.600000,233.000000,380.195489,3.159101
files/p43.atsp,0.600000,233.000000,379.738806,3.180623
files/p43.atsp,0.600000,233.000000,380.162963,3.198675
files/p43.atsp,0.600000,233.000000,380.250000,3.225567
files/p43.atsp,0.600000,233.000000,381.029197,3.251732
files/p43.atsp,0.600000,233.000000,380.224638,3.282505
files/p43.atsp,0.600000,227.000000,379.122302,3.303455
files/p43.atsp,0.600000,227.000000,379.921429,3.324842
files/p43.atsp,0.600000,227.000000,380.822695,3.342582
files/p43.atsp,0.600000,227.000000,381.126761,3.363294
files/p43.atsp,0.600000,227.000000,381.209790,3.385109
files/p43.atsp,0.600000,227.000000,381.236111,3.404513
files/p43.atsp,0.600000,227.000000,381.000000,3.426106
files/p43.atsp,0.600000,227.000000,380.541096,3.450426
files/p43.atsp,0.600000,227.000000,380.496599,3.473343
files/p43.atsp,0.600000,227.000000,381.162162,3.506970
files/p43.atsp,0.600000,227.000000,380.476510,3.530988
files/p43.atsp,0.600000,227.000000,380.200000,3.551342
files/p43.atsp,0.600000,227.000000,380.158940,3.575568
files/p43.atsp,0.600000,227.000000,379.769737,3.604638
files/p43.atsp,0.600000,227.000000,379.241830,3.628154
files/p43.atsp,0.600000,227.000000,379.006494,3.651844
files/p43.atsp,0.600000,227.000000,378.516129,3.672487
files/p43.atsp,0.600000,227.000000,377.980769,3.697659
files/p43.atsp,0.600000,227.000000,378.331210,3.722065
files/p43.atsp,0.600000,227.000000,378.069620,3.741055
files/p43.atsp,0.600000,227.000000,378.805031,3.767721
files/p43.atsp,0.600000,227.000000,379.481250,3.790047
files/p43.atsp,0.600000,227.000000,379.080745,3.817830
files/p43.atsp,0.600000,227.000000,379.327160,3.839825
files/p43.atsp,0.600000,227.000000,379.736196,3.859313
files/p43.atsp,0.600000,227.000000,380.378049,3.887991
files/p43.atsp,0.600000,227.000000,381.266667,3.914772
files/p43.atsp,0.600000,227.000000,380.530120,3.941914
files/p43.atsp,0.600000,227.000000,380.413174,3.956488
files/p43.atsp,0.600000,227.000000,380.619048,3.967168
files/p43.atsp,0.600000,227.000000,380.242604,3.997939
files/p43.atsp,0.600000,227.000000,380.700000,4.023296
files/p43.atsp,0.600000,227.000000,380.941520,4.042844
files/p43.atsp,0.600000,227.000000,380.569767,4.068223
files/p43.atsp,0.600000,227.000000,381.260116,4.092191
files/p43.atsp,0.600000,227.000000,381.356322,4.121379
files/p43.atsp,0.600000,227.000000,381.708571,4.140404
files/p43.atsp,0.600000,227.000000,381.181818,4.160916
files/p43.atsp,0.600000,227.000000,381.338983,4.189418
files/p43.atsp,0.600000,227.000000,380.511236,4.211521
files/p43.atsp,0.600000,227.000000,380.709497,4.234356
files/p43.atsp,0.600000,227.000000,380.911111,4.259016
files/p43.atsp,0.600000,227.000000,381.027624,4.283186
files/p43.atsp,0.600000,227.000000,381.373626,4.310929
files/p43.atsp,0.600000,227.000000,381.273224,4.336953
files/p43.atsp,0.600000,227.000000,381.260870,4.370607
files/p43.atsp,0.600000,227.000000,381.627027,4.386192
files/p43.atsp,0.600000,227.000000,381.881720,4.409773
files/p43.atsp,0.600000,227.000000,381.850267,4.441527
files/p43.atsp,0.600000,227.000000,382.313830,4.463473
files/p43.atsp,0.600000,227.000000,382.703704,4.491626
files/p43.atsp,0.600000,227.000000,382.784211,4.508103
files/p43.atsp,0.600000,227.000000,382.827225,4.536014
files/p43.atsp,0.600000,227.000000,382.281250,4.555629
files/p43.atsp,0.600000,227.000000,381.880829,4.577819
files/p43.atsp,0.600000,227.000000,382.592784,4.599184
files/p43.atsp,0.600000,227.000000,382.128205,4.623717
files/p43.atsp,0.600000,227.000000,382.418367,4.652943
files/p43.atsp,0.600000,227.000000,382.883249,4.680578
files/p43.atsp,0.600000,227.000000,382.343434,4.702832
files/p43.atsp,0.600000,227.000000,382.336683,4.727251
files/p43.atsp,0.600000,227.000000,382.360000,4.748418
files/p43.atsp,0.600000,227.000000,382.119403,4.770305
files/p43.atsp,0.600000,227.000000,382.589109,4.796982
files/p43.atsp,0.600000,227.000000,382.571429,4.814104
files/p43.atsp,0.600000,227.000000,382.823529,4.831348
files/p43.atsp,0.600000,227.000000,382.546341,4.848602
files/p43.atsp,0.600000,227.000000,382.184466,4.873099
files/p43.atsp,0.600000,227.000000,381.845411,4.897777
files/p43.atsp,0.600000,227.000000,382.163462,4.920245
files/p43.atsp,0.600000,227.000000,382.311005,4.942563
files/p43.atsp,0.600000,227.000000,382.819048,4.966443
files/p43.atsp,0.600000,227.000000,382.810427,4.990231
files/p43.atsp,0.600000,227.000000,382.665094,5.008477
files/p43.atsp,0.600000,227.000000,382.840376,5.029347
files/p43.atsp,0.600000,227.000000,382.621495,5.057133
files/p43.atsp,0.600000,227.000000,382.939535,5.083409
files/p43.atsp,0.600000,227.000000,383.449074,5.109236
files/p43.atsp,0.600000,227.000000,384.391705,5.134119
files/p43.atsp,0.600000,227.000000,384.123853,5.148808
files/p43.atsp,0.600000,227.000000,384.305936,5.174402
files/p43.atsp,0.600000,227.000000,384.054545,5.202645
files/p43.atsp,0.600000,227.000000,384.570136,5.222758
files/p43.atsp,0.600000,227.000000,384.445946,5.240434
files/p43.atsp,0.600000,227.000000,384.098655,5.263807
files/p43.atsp,0.600000,227.000000,383.915179,5.285170
files/p43.atsp,0.600000,227.000000,383.995556,5.302213
files/p43.atsp,0.600000,227.000000,383.530973,5.323394
files/p43.atsp,0.600000,227.000000,383.312775,5.342973
files/p43.atsp,0.600000,227.000000,382.929825,5.368903
files/p43.atsp,0.600000,227.000000,382.899563,5.391926
files/p43.atsp,0.600000,227.000000,382.647826,5.407448
files/p43.atsp,0.600000,227.000000,382.294372,5.433065
files/p43.atsp,0.600000,227.000000,381.745690,5.457055
files/p43.atsp,0.600000,227.000000,381.922747,5.482295
files/p43.atsp,0.600000,227.000000,382.153846,5.512880
files/p43.atsp,0.600000,227.000000,381.523404,5.533704
files/p43.atsp,0.600000,227.000000,381.580508,5.554826
files/p43.atsp,0.600000,227.000000,381.978903,5.575568
files/p43.atsp,0.600000,227.000000,382.344538,5.598910
files/p43.atsp,0.600000,227.000000,382.405858,5.623816
files/p43.atsp,0.600000,227.000000,382.158333,5.649551
files/p43.atsp,0.600000,227.000000,382.390041,5.669241
files/p43.atsp,0.600000,227.000000,382.223140,5.695204
files/p43.atsp,0.600000,227.000000,381.925926,5.714923
files/p43.atsp,0.600000,227.000000,382.127049,5.735791
files/p43.atsp,0.600000,227.000000,382.600000,5.759130
files/p43.atsp,0.600000,227.000000,382.638211,5.778004
files/p43.atsp,0.600000,227.000000,382.894737,5.799749
files/p43.atsp,0.600000,227.000000,382.629032,5.816877
files/p43.atsp,0.600000,227.000000,382.899598,5.846879
files/p43.atsp,0.600000,218.000000,382.240000,5.878562
files/p43.atsp,0.600000,218.000000,381.968127,5.901980
files/p43.atsp,0.600000,218.000000,381.658730,5.932881
files/p43.atsp,0.600000,218.000000,381.837945,5.964223
files/p43.atsp,0.600000,218.000000,381.929134,5.979706
files/p43.atsp,0.600000,218.000000,381.584314,5.998855
files/p43.atsp,0.600000,218.000000,381.332031,6.016957
files/p43.atsp,0.600000,218.000000,381.058366,6.037380
files/p43.atsp,0.600000,218.000000,380.697674,6.064199
files/p43.atsp,0.600000,218.000000,380.996139,6.086646
files/p43.atsp,0.600000,218.000000,380.688462,6.105590
files/p43.atsp,0.600000,218.000000,380.463602,6.128408
files/p43.atsp,0.600000,218.000000,380.145038,6.150125
files/p43.atsp,0.600000,218.000000,380.395437,6.180659
files/p43.atsp,0.600000,218.000000,380.200758,6.201178
files/p43.atsp,0.600000,218.000000,379.977358,6.234393
files/p43.atsp,0.600000,218.000000,380.285714,6.252920
files/p43.atsp,0.600000,218.000000,380.052434,6.276511
files/p43.atsp,0.600000,218.000000,380.052239,6.300453
files/p43.atsp,0.600000,218.000000,380.319703,6.321233
files/p43.atsp,0.600000,218.000000,380.177778,6.338028
files/p43.atsp,0.600000,218.000000,379.966790,6.366391
files/p43.atsp,0.600000,218.000000,380.220588,6.394368
files/p43.atsp,0.600000,218.000000,380.175824,6.417392
files/p43.atsp,0.600000,218.000000,379.948905,6.443556
files/p43.atsp,0.600000,218.000000,379.934545,6.466835
files/p43.atsp,0.600000,218.000000,379.717391,6.481763
files/p43.atsp,0.600000,218.000000,380.014440,6.506481
files/p43.atsp,0.600000,218.000000,379.902878,6.520663
files/p43.atsp,0.600000,218.000000,379.853047,6.543538
files/p43.atsp,0.600000,218.000000,379.707143,6.566084
files/p43.atsp,0.600000,218.000000,379.580071,6.586394
files/p43.atsp,0.600000,218.000000,379.663121,6.612780
files/p43.atsp,0.600000,218.000000,379.805654,6.634569
files/p43.atsp,0.600000,218.000000,379.443662,6.660977
files/p43.atsp,0.600000,218.000000,379.105263,6.686982
files/p43.atsp,0.600000,218.000000,379.020979,6.709057
files/p43.atsp,0.600000,218.000000,379.006969,6.729675
files/p43.atsp,0.600000,218.000000,378.788194,6.751356
files/p43.atsp,0.600000,218.000000,378.899654,6.772475
files/p43.atsp,0.600000,218.000000,378.703448,6.795013
files/p43.atsp,0.600000,218.000000,378.635739,6.826685
files/p43.atsp,0.600000,218.000000,378.804795,6.849854
files/p43.atsp,0.600000,218.000000,379.279863,6.877790
files/p43.atsp,0.600000,218.000000,379.414966,6.904180
files/p43.atsp,0.600000,218.000000,379.369492,6.932377
files/p43.atsp,0.600000,218.000000,379.405405,6.968562
files/p43.atsp,0.600000,218.000000,379.414141,6.994909
files/p43.atsp,0.600000,218.000000,379.328859,7.023242
files/p43.atsp,0.600000,218.000000,379.147157,7.058276
files/p43.atsp,0.600000,218.000000,379.110000,7.089752
files/p43.atsp,0.600000,218.000000,379.122924,7.122249
files/p43.atsp,0.600000,218.000000,379.096026,7.148322
files/p43.atsp,0.600000,218.000000,379.141914,7.178004
files/p43.atsp,0.600000,218.000000,379.121711,7.202513
files/p43.atsp,0.600000,218.000000,378.927869,7.224822
files/p43.atsp,0.600000,218.000000,378.941176,7.247066
files/p43.atsp,0.600000,218.000000,378.811075,7.265861
files/p43.atsp,0.600000,218.000000,378.545455,7.283841
files/p43.atsp,0.600000,218.000000,378.304207,7.303045
files/p43.atsp,0.600000,218.000000,378.206452,7.323398
files/p43.atsp,0.600000,218.000000,378.601286,7.345902
files/p43.atsp,0.600000,218.000000,379.022436,7.369974
files/p43.atsp,0.600000,218.000000,378.801917,7.407493
files/p43.atsp,0.600000,218.000000,378.812102,7.432661
files/p43.atsp,0.600000,218.000000,379.349206,7.456292
files/p43.atsp,0.600000,218.000000,379.088608,7.480582
files/p43.atsp,0.600000,218.000000,379.072555,7.506058
files/p43.atsp,0.600000,218.000000,379.147799,7.531453
files/p43.atsp,0.600000,218.000000,379.263323,7.556751
files/p43.atsp,0.600000,218.000000,379.440625,7.587646
files/p43.atsp,0.600000,218.000000,379.573209,7.608824
files/p43.atsp,0.600000,218.000000,379.540373,7.641576
files/p43.atsp,0.600000,218.000000,379.885449,7.663744
files/p43.atsp,0.600000,218.000000,379.793210,7.699701
files/p43.atsp,0.600000,218.000000,379.436923,7.723126
files/p43.atsp,0.600000,218.000000,379.843558,7.758832
files/p43.atsp,0.600000,218.000000,379.810398,7.798306
files/p43.atsp,0.600000,218.000000,379.429878,7.832808
files/p43.atsp,0.600000,218.000000,379.793313,7.873361
files/p43.atsp,0.600000,218.000000,379.421212,7.902120
files/p43.atsp,0.600000,218.000000,378.942598,7.922128
files/p43.atsp,0.600000,218.000000,379.006024,7.953574
files/p43.atsp,0.600000,218.000000,379.438438,7.979846
files/p43.atsp,0.600000,218.000000,379.353293,8.000452
files/p43.atsp,0.600000,218.000000,379.537313,8.022424
files/p43.atsp,0.600000,218.000000,379.327381,8.041187
files/p43.atsp,0.600000,218.000000,379.329377,8.067108
files/p43.atsp,0.600000,218.000000,379.215976,8.092452
files/p43.atsp,0.600000,218.000000,379.265487,8.124416
files/p43.atsp,0.600000,218.000000,379.073529,8.155411
files/p43.atsp,0.600000,218.000000,378.938416,8.188350
files/p43.atsp,0.600000,218.000000,378.997076,8.218475
files/p43.atsp,0.600000,218.000000,379.125364,8.252556
files/p43.atsp,0.600000,218.000000,379.026163,8.275533
files/p43.atsp,0.600000,218.000000,379.133333,8.308778
files/p43.atsp,0.600000,218.000000,379.121387,8.342406
files/p43.atsp,0.600000,218.000000,378.700288,8.376574
files/p43.atsp,0.600000,218.000000,378.784483,8.403355
files/p43.atsp,0.600000,218.000000,378.802292,8.424140
files/p43.atsp,0.600000,218.000000,378.848571,8.452535
files/p43.atsp,0.600000,218.000000,378.609687,8.474103
files/p43.atsp,0.600000,218.000000,378.409091,8.502938
files/p43.atsp,0.600000,218.000000,378.419263,8.537265
files/p43.atsp,0.600000,218.000000,378.203390,8.569074
files/p43.atsp,0.600000,218.000000,378.087324,8.594294
files/p43.atsp,0.600000,218.000000,378.033708,8.618791
files/p43.atsp,0.600000,218.000000,378.008403,8.638101
files/p43.atsp,0.600000,218.000000,377.840782,8.667429
files/p43.atsp,0.600000,218.000000,377.582173,8.688002
files/p43.atsp,0.600000,218.000000,377.755556,8.713219
files/p43.atsp,0.600000,218.000000,377.850416,8.742077
files/p43.atsp,0.600000,218.000000,377.776243,8.778381
files/p43.atsp,0.600000,218.000000,377.829201,8.813476
files/p43.atsp,0.600000,218.000000,378.043956,8.860542
files/p43.atsp,0.600000,218.000000,377.841096,8.904216
files/p43.atsp,0.600000,218.000000,378.341530,8.946647
files/p43.atsp,0.600000,218.000000,378.531335,8.985391
files/p43.atsp,0.600000,218.000000,378.600543,9.019905
files/p43.atsp,0.600000,218.000000,378.420054,9.059129
files/p43.atsp,0.600000,218.000000,378.256757,9.100488
files/p43.atsp,0.600000,218.000000,378.463612,9.146406
files/p43.atsp,0.600000,218.000000,378.475806,9.199558
files/p43.atsp,0.600000,218.000000,378.447721,9.236805
files/p43.atsp,0.600000,218.000000,378.270053,9.280415
files/p43.atsp,0.600000,218.000000,378.290667,9.319373
files/p43.atsp,0.600000,218.000000,378.058511,9.368123
files/p43.atsp,0.600000,218.000000,378.010610,9.403365
files/p43.atsp,0.600000,218.000000,377.939153,9.424381
files/p43.atsp,0.600000,218.000000,377.815303,9.443248
files/p43.atsp,0.600000,218.000000,377.528947,9.464139
files/p43.atsp,0.600000,218.000000,377.288714,9.497645
files/p43.atsp,0.600000,218.000000,377.557592,9.515551
files/p43.atsp,0.600000,218.000000,377.673629,9.537293
files/p43.atsp,0.600000,218.000000,377.760417,9.556334
files/p43.atsp,0.600000,218.000000,377.664935,9.572546
files/p43.atsp,0.600000,218.000000,377.443005,9.599139
files/p43.atsp,0.600000,218.000000,377.341085,9.621085
files/p43.atsp,0.600000,218.000000,377.659794,9.647454
files/p43.atsp,0.600000,218.000000,377.390746,9.670562
files/p43.atsp,0.600000,218.000000,377.271795,9.686656
files/p43.atsp,0.600000,218.000000,376.936061,9.712852
files/p43.atsp,0.600000,218.000000,376.727041,9.733659
files/p43.atsp,0.600000,218.000000,376.592875,9.756077
files/p43.atsp,0.600000,218.000000,376.977157,9.785254
files/p43.atsp,0.600000,218.000000,376.941772,9.806056
files/p43.atsp,0.600000,218.000000,377.040404,9.831084
files/p43.atsp,0.600000,218.000000,377.173804,9.861097
files/p43.atsp,0.600000,218.000000,377.178392,9.887823
files/p43.atsp,0.600000,218.000000,377.213033,9.913225
files/p43.atsp,0.600000,218.000000,377.705000,9.938635
files/p43.atsp,0.600000,218.000000,377.708229,9.954706
files/p43.atsp,0.600000,218.000000,377.701493,9.976880
files/p43.atsp,0.600000,218.000000,377.791563,9.996325
files/p43.atsp,0.600000,218.000000,377.764851,10.019803
files/p43.atsp,0.600000,218.000000,377.681481,10.045347
files/p43.atsp,0.600000,218.000000,377.711823,10.063827
files/p43.atsp,0.600000,218.000000,377.668305,10.085775
files/p43.atsp,0.600000,218.000000,377.580882,10.106327
files/p43.atsp,0.600000,218.000000,377.234719,10.133131
files/p43.atsp,0.600000,218.000000,377.417073,10.154707
files/p43.atsp,0.600000,218.000000,377.654501,10.183896
files/p43.atsp,0.600000,218.000000,377.621359,10.212703
files/p43.atsp,0.600000,218.000000,377.537530,10.234142
files/p43.atsp,0.600000,218.000000,377.572464,10.247838
files/p43.atsp,0.600000,218.000000,377.710843,10.261317
files/p43.atsp,0.600000,218.000000,377.658654,10.282276
files/p43.atsp,0.600000,218.000000,377.599520,10.307789
files/p43.atsp,0.600000,218.000000,377.373206,10.330532
files/p43.atsp,0.600000,218.000000,377.455847,10.357068
files/p43.atsp,0.600000,218.000000,377.235714,10.386169
files/p43.atsp,0.600000,218.000000,377.268409,10.411383
files/p43.atsp,0.600000,218.000000,377.094787,10.436255
files/p43.atsp,0.600000,218.000000,377.096927,10.454546
files/p43.atsp,0.600000,218.000000,377.257075,10.480309
files/p43.atsp,0.600000,218.000000,377.289412,10.509146
files/p43.atsp,0.600000,218.000000,377.476526,10.540492
files/p43.atsp,0.600000,218.000000,377.423888,10.568851
files/p43.atsp,0.600000,218.000000,377.341121,10.590252
files/p43.atsp,0.600000,218.000000,377.468531,10.613210
files/p43.atsp,0.600000,218.000000,377.404651,10.644789
files/p43.atsp,0.600000,218.000000,377.329466,10.665425
files/p43.atsp,0.600000,218.000000,377.446759,10.693968
files/p43.atsp,0.600000,218.000000,377.454965,10.719894
files/p43.atsp,0.600000,218.000000,377.433180,10.744405
files/p43.atsp,0.600000,218.000000,377.565517,10.765684
files/p43.atsp,0.600000,218.000000,377.782110,10.785668
files/p43.atsp,0.600000,218.000000,377.736842,10.821551
files/p43.atsp,0.600000,218.000000,377.696347,10.845521
files/p43.atsp,0.600000,218.000000,377.703872,10.861462
files/p43.atsp,0.600000,218.000000,377.702273,10.889694
files/p43.atsp,0.600000,218.000000,377.707483,10.909846
files/p43.atsp,0.600000,218.000000,377.787330,10.937267
files/p43.atsp,0.600000,218.000000,377.677201,10.959892
files/p43.atsp,0.600000,218.000000,377.867117,10.976978
files/p43.atsp,0.600000,218.000000,377.707865,11.009891
files/p43.atsp,0.600000,218.000000,377.677130,11.038275
files/p43.atsp,0.600000,218.000000,377.930649,11.066509
files/p43.atsp,0.600000,218.000000,377.875000,11.087292
files/p43.atsp,0.600000,218.000000,377.928731,11.113396
files/p43.atsp,0.600000,218.000000,377.975556,11.148680
files/p43.atsp,0.600000,218.000000,377.884701,11.171677
files/p43.atsp,0.600000,218.000000,377.876106,11.200350
files/p43.atsp,0.600000,218.000000,378.041943,11.213738
files/p43.atsp,0.600000,218.000000,378.000000,11.237074
files/p43.atsp,0.600000,218.000000,378.167033,11.260923
files/p43.atsp,0.600000,218.000000,377.883772,11.281690
files/p43.atsp,0.600000,218.000000,377.647702,11.307183
files/p43.atsp,0.600000,218.000000,377.674672,11.333021
files/p43.atsp,0.600000,218.000000,377.596950,11.356180
files/p43.atsp,0.600000,218.000000,377.295652,11.384860
files/p43.atsp,0.600000,218.000000,377.338395,11.407140
files/p43.atsp,0.600000,218.000000,377.322511,11.436123
files/p43.atsp,0.600000,218.000000,377.198704,11.465647
files/p43.atsp,0.600000,218.000000,377.071121,11.490971
files/p43.atsp,0.600000,218.000000,376.946237,11.520812
files/p43.atsp,0.600000,218.000000,376.980687,11.541989
files/p43.atsp,0.600000,218.000000,377.143469,11.571466
files/p43.atsp,0.600000,218.000000,377.160256,11.592591
files/p43.atsp,0.600000,218.000000,377.104478,11.615373
files/p43.atsp,0.600000,218.000000,377.474468,11.649970
files/p43.atsp,0.600000,218.000000,377.191083,11.673083
files/p43.atsp,0.600000,218.000000,377.057203,11.698516
files/p43.atsp,0.600000,218.000000,377.173362,11.729704
files/p43.atsp,0.600000,218.000000,377.158228,11.770365
files/p43.atsp,0.600000,218.000000,377.229474,11.797231
files/p43.atsp,0.600000,218.000000,377.325630,11.828906
files/p43.atsp,0.600000,218.000000,377.182390,11.863566
files/p43.atsp,0.600000,218.000000,377.150628,11.898302
files/p43.atsp,0.600000,218.000000,377.448852,11.922422
files/p43.atsp,0.600000,218.000000,377.475000,11.965976
files/p43.atsp,0.600000,218.000000,377.675676,11.994689
files/p43.atsp,0.600000,218.000000,377.730290,12.022314
files/p43.atsp,0.600000,218.000000,377.542443,12.042692
files/p43.atsp,0.600000,218.000000,377.528926,12.076136
files/p43.atsp,0.600000,218.000000,377.950515,12.109637
files/p43.atsp,0.600000,218.000000,377.751029,12.141607
files/p43.atsp,0.600000,218.000000,377.794661,12.169776
files/p43.atsp,0.600000,218.000000,377.557377,12.199592
files/p43.atsp,0.600000,218.000000,377.627812,12.225824
files/p43.atsp,0.600000,218.000000,377.602041,12.251652
files/p43.atsp,0.600000,218.000000,377.507128,12.280508
files/p43.atsp,0.600000,218.000000,377.528455,12.310086
files/p43.atsp,0.600000,218.000000,377.604462,12.342914
files/p43.atsp,0.600000,218.000000,377.540486,12.365104
files/p43.atsp,0.600000,218.000000,377.595960,12.395414
files/p43.atsp,0.600000,218.000000,377.562500,12.415569
files/p43.atsp,0.600000,218.000000,377.511066,12.451384
files/p43.atsp,0.600000,218.000000,377.359438,12.483940
files/p43.atsp,0.600000,218.000000,377.162325,12.517553
files/p43.atsp,0.600000,218.000000,377.306000,12.550444
files/p43.atsp,0.600000,218.000000,377.401198,12.579219
files/p43.atsp,0.600000,218.000000,377.374502,12.607191
files/p43.atsp,0.600000,218.000000,377.709742,12.633366
files/p43.atsp,0.600000,218.000000,377.682540,12.661091
files/p43.atsp,0.600000,218.000000,377.716832,12.696577
files/p43.atsp,0.600000,218.000000,377.895257,12.727171
files/p43.atsp,0.600000,218.000000,377.852071,12.757870
files/p43.atsp,0.600000,218.000000,378.001969,12.782331
files/p43.atsp,0.600000,218.000000,377.779961,12.811542
files/p43.atsp,0.600000,218.000000,377.892157,12.834645
files/p43.atsp,0.600000,218.000000,377.909980,12.862557
files/p43.atsp,0.600000,218.000000,377.863281,12.897382
files/p43.atsp,0.600000,218.000000,378.037037,12.920656
files/p43.atsp,0.600000,218.000000,377.947471,12.946557
files/p43.atsp,0.600000,218.000000,377.792233,12.967342
files/p43.atsp,0.600000,218.000000,377.620155,12.986865
files/p43.atsp,0.600000,218.000000,377.468085,13.004304
files/p43.atsp,0.600000,218.000000,377.445946,13.027634
files/p43.atsp,0.600000,218.000000,377.354528,13.049966
files/p43.atsp,0.600000,218.000000,377.546154,13.076150
files/p43.atsp,0.600000,218.000000,377.681382,13.102571
files/p43.atsp,0.600000,218.000000,377.693487,13.127096
files/p43.atsp,0.600000,218.000000,377.745698,13.148563
files/p43.atsp,0.600000,218.000000,377.687023,13.170764
files/p43.atsp,0.600000,218.000000,377.809524,13.199351
files/p43.atsp,0.600000,218.000000,377.777567,13.233223
files/p43.atsp,0.600000,218.000000,377.688805,13.256774
files/p43.atsp,0.600000,218.000000,377.668561,13.282405
files/p43.atsp,0.600000,218.000000,377.432892,13.309011
files/p43.atsp,0.600000,218.000000,377.407547,13.332517
files/p43.atsp,0.600000,218.000000,377.193974,13.350647
files/p43.atsp,0.600000,218.000000,376.981203,13.373602
files/p43.atsp,0.600000,218.000000,377.221388,13.389454
files/p43.atsp,0.600000,218.000000,377.254682,13.412200
files/p43.atsp,0.600000,218.000000,377.181308,13.439293
files/p43.atsp,0.600000,218.000000,377.343284,13.458679
files/p43.atsp,0.600000,218.000000,377.307263,13.483566
files/p43.atsp,0.600000,218.000000,377.436803,13.501985
files/p43.atsp,0.600000,218.000000,377.606679,13.527068
files/p43.atsp,0.600000,218.000000,377.590741,13.542854
files/p43.atsp,0.600000,218.000000,377.676525,13.572221
files/p43.atsp,0.600000,218.000000,377.675277,13.601193
files/p43.atsp,0.600000,218.000000,377.891344,13.623023
files/p43.atsp,0.600000,218.000000,377.887868,13.649725
files/p43.atsp,0.600000,218.000000,377.825688,13.671946
files/p43.atsp,0.600000,218.000000,377.884615,13.686343
files/p43.atsp,0.600000,218.000000,377.797075,13.715364
files/p43.atsp,0.600000,218.000000,377.739051,13.738711
files/p43.atsp,0.600000,218.000000,377.772313,13.760171
files/p43.atsp,0.600000,218.000000,377.818182,13.792588
files/p43.atsp,0.600000,218.000000,377.833031,13.818038
files/p43.atsp,0.600000,218.000000,377.804348,13.839072
files/p43.atsp,0.600000,218.000000,377.862568,13.861648
files/p43.atsp,0.600000,218.000000,377.727437,13.894543
files/p43.atsp,0.600000,218.000000,377.763964,13.916373
files/p43.atsp,0.600000,218.000000,377.879496,13.940932
files/p43.atsp,0.600000,218.000000,377.847397,13.977311
files/p43.atsp,0.600000,218.000000,377.736559,13.999623
files/p43.atsp,0.600000,218.000000,378.030411,14.022046
files/p43.atsp,0.600000,218.000000,378.071429,14.043967
files/p43.atsp,0.600000,218.000000,378.258467,14.066177
files/p43.atsp,0.600000,218.000000,378.144128,14.097339
files/p43.atsp,0.600000,218.000000,378.033748,14.112679
files/p43.atsp,0.600000,218.000000,377.877660,14.137078
files/p43.atsp,0.600000,218.000000,377.916814,14.158459
files/p43.atsp,0.600000,218.000000,377.848057,14.178336
files/p43.atsp,0.600000,218.000000,377.793651,14.203379
files/p43.atsp,0.600000,218.000000,377.846831,14.223713
files/p43.atsp,0.600000,218.000000,377.947276,14.248290
files/p43.atsp,0.600000,218.000000,377.914035,14.263077
files/p43.atsp,0.600000,218.000000,378.005254,14.282563
files/p43.atsp,0.600000,218.000000,377.868881,14.311617
files/p43.atsp,0.600000,218.000000,377.788831,14.347539
files/p43.atsp,0.600000,218.000000,377.792683,14.371948
files/p43.atsp,0.600000,218.000000,377.739130,14.389802
files/p43.atsp,0.600000,218.000000,377.602431,14.409597
files/p43.atsp,0.600000,216.000000,377.322357,14.436199
files/p43.atsp,0.600000,216.000000,377.230104,14.462992
files/p43.atsp,0.600000,216.000000,377.214162,14.488545
files/p43.atsp,0.600000,216.000000,377.350000,14.505688
files/p43.atsp,0.600000,216.000000,377.549053,14.531804
files/p43.atsp,0.600000,216.000000,377.517182,14.550248
files/p43.atsp,0.600000,216.000000,377.516295,14.573176
files/p43.atsp,0.600000,216.000000,377.398973,14.594533
files/p43.atsp,0.600000,216.000000,377.494017,14.615510
files/p43.atsp,0.600000,216.000000,377.523891,14.635202
files/p43.atsp,0.600000,216.000000,377.533220,14.658695
files/p43.atsp,0.600000,216.000000,377.503401,14.685234
files/p43.atsp,0.600000,216.000000,377.505942,14.715204
files/p43.atsp,0.600000,216.000000,377.691525,14.741432
files/p43.atsp,0.600000,216.000000,377.597293,14.768818
files/p43.atsp,0.600000,216.000000,377.527027,14.794963
files/p43.atsp,0.600000,216.000000,377.645868,14.813978
files/p43.atsp,0.600000,216.000000,377.696970,14.840274
files/p43.atsp,0.600000,216.000000,377.717647,14.866284
files/p43.atsp,0.600000,216.000000,377.822148,14.884481
files/p43.atsp,0.600000,216.000000,377.946399,14.908403
files/p43.atsp,0.600000,216.000000,378.020067,14.925247
files/p43.atsp,0.600000,216.000000,378.000000,14.953440
files/p43.atsp,0.600000,216.000000,377.915000,14.979039
files/p43.atsp,0.600000,216.000000,377.745424,15.006112
files/p43.atsp,0.600000,216.000000,377.770764,15.029193
files/p43.atsp,0.600000,216.000000,377.968491,15.052215
files/p43.atsp,0.600000,216.000000,377.738411,15.078569
files/p43.atsp,0.600000,216.000000,377.641322,15.104329
files/p43.atsp,0.600000,216.000000,377.666667,15.128879
files/p43.atsp,0.600000,216.000000,377.546952,15.154712
files/p43.atsp,0.600000,216.000000,377.547697,15.185214
files/p43.atsp,0.600000,216.000000,377.512315,15.209937
files/p43.atsp,0.600000,216.000000,377.593443,15.238967
files/p43.atsp,0.600000,216.000000,377.569558,15.271439
files/p43.atsp,0.600000,216.000000,377.555556,15.304028
files/p43.atsp,0.600000,216.000000,377.561175,15.327889
files/p43.atsp,0.600000,216.000000,377.410423,15.351763
files/p43.atsp,0.600000,216.000000,377.471545,15.380450
files/p43.atsp,0.600000,216.000000,377.659091,15.414187
files/p43.atsp,0.600000,216.000000,377.803890,15.443609
files/p43.atsp,0.600000,216.000000,377.830097,15.466351
files/p43.atsp,0.600000,216.000000,377.964459,15.491258
files/p43.atsp,0.600000,216.000000,378.062903,15.515025
files/p43.atsp,0.600000,216.000000,377.982287,15.541295
files/p43.atsp,0.600000,216.000000,377.794212,15.565046
files/p43.atsp,0.600000,216.000000,377.656501,15.591315
files/p43.atsp,0.600000,216.000000,377.733974,15.619545
files/p43.atsp,0.600000,216.000000,377.521600,15.647119
files/p43.atsp,0.600000,216.000000,377.725240,15.666178
files/p43.atsp,0.600000,216.000000,377.724083,15.691863
files/p43.atsp,0.600000,216.000000,377.707006,15.720085
files/p43.atsp,0.600000,216.000000,377.701113,15.754952
