files/p43.atsp,0.700000,380.000000,380.000000,0.024671
files/p43.atsp,0.700000,376.000000,378.000000,0.044604
files/p43.atsp,0.700000,376.000000,384.666667,0.069471
files/p43.atsp,0.700000,376.000000,414.750000,0.096452
files/p43.atsp,0.700000,376.000000,428.800000,0.119222
files/p43.atsp,0.700000,297.000000,406.833333,0.138764
files/p43.atsp,0.700000,297.000000,398.428571,0.162615
files/p43.atsp,0.700000,297.000000,392.375000,0.181262
files/p43.atsp,0.700000,297.000000,401.444444,0.206999
files/p43.atsp,0.700000,297.000000,392.300000,0.239470
files/p43.atsp,0.700000,297.000000,387.727273,0.257059
files/p43.atsp,0.700000,286.000000,379.250000,0.281557
files/p43.atsp,0.700000,286.000000,378.153846,0.305826
files/p43.atsp,0.700000,286.000000,372.000000,0.330559
files/p43.atsp,0.700000,286.000000,372.800000,0.348254
files/p43.atsp,0.700000,286.000000,370.875000,0.388387
files/p43.atsp,0.700000,286.000000,371.647059,0.413229
files/p43.atsp,0.700000,251.000000,364.944444,0.431121
files/p43.atsp,0.700000,251.000000,364.368421,0.457738
files/p43.atsp,0.700000,251.000000,361.000000,0.482873
files/p43.atsp,0.700000,246.000000,355.523810,0.499563
files/p43.atsp,0.700000,246.000000,352.181818,0.520986
files/p43.atsp,0.700000,246.000000,360.217391,0.539951
files/p43.atsp,0.700000,246.000000,361.125000,0.562967
files/p43.atsp,0.700000,246.000000,362.200000,0.585167
files/p43.atsp,0.700000,246.000000,361.807692,0.610522
files/p43.atsp,0.700000,246.000000,367.000000,0.630052
files/p43.atsp,0.700000,246.000000,367.571429,0.655569
files/p43.atsp,0.700000,246.000000,365.586207,0.683320
files/p43.atsp,0.700000,246.000000,365.133333,0.698194
files/p43.atsp,0.700000,246.000000,362.483871,0.722298
files/p43.atsp,0.700000,246.000000,366.093750,0.752355
files/p43.atsp,0.700000,246.000000,368.333333,0.767429
files/p43.atsp,0.700000,246.000000,365.588235,0.795729
files/p43.atsp,0.700000,246.000000,365.942857,0.818009
files/p43.atsp,0.700000,246.000000,367.722222,0.844102
files/p43.atsp,0.700000,246.000000,366.513514,0.867400
files/p43.atsp,0.700000,246.000000,366.342105,0.887584
files/p43.atsp,0.700000,246.000000,364.282051,0.906580
files/p43.atsp,0.700000,246.000000,365.100000,0.932565
files/p43.atsp,0.700000,246.000000,362.560976,0.953159
files/p43.atsp,0.700000,246.000000,363.309524,0.978801
files/p43.atsp,0.700000,246.000000,362.953488,0.994828
files/p43.atsp,0.700000,246.000000,360.863636,1.016063
files/p43.atsp,0.700000,246.000000,361.866667,1.033739
files/p43.atsp,0.700000,246.000000,362.260870,1.064321
files/p43.atsp,0.700000,246.000000,362.702128,1.096273
files/p43.atsp,0.700000,246.000000,364.250000,1.125482
files/p43.atsp,0.700000,246.000000,364.265306,1.143080
files/p43.atsp,0.700000,246.000000,363.080000,1.168233
files/p43.atsp,0.700000,246.000000,362.039216,1.198093
files/p43.atsp,0.700000,246.000000,362.115385,1.219765
files/p43.atsp,0.700000,246.000000,362.641509,1.245355
files/p43.atsp,0.700000,246.000000,365.444444,1.274658
files/p43.atsp,0.700000,246.000000,365.709091,1.302621
files/p43.atsp,0.700000,246.000000,364.678571,1.324119
files/p43.atsp,0.700000,246.000000,367.228070,1.342952
files/p43.atsp,0.700000,246.000000,366.948276,1.367052
files/p43.atsp,0.700000,246.000000,368.220339,1.394336
files/p43.atsp,0.700000,238.000000,366.050000,1.412546
files/p43.atsp,0.700000,238.000000,367.672131,1.431031
files/p43.atsp,0.700000,238.000000,366.903226,1.451141
files/p43.atsp,0.700000,238.000000,367.650794,1.480735
files/p43.atsp,0.700000,238.000000,368.812500,1.503120
files/p43.atsp,0.700000,238.000000,366.876923,1.529178
files/p43.atsp,0.700000,238.000000,366.181818,1.549886
files/p43.atsp,0.700000,238.000000,366.656716,1.579624
files/p43.atsp,0.700000,238.000000,368.279412,1.613421
files/p43.atsp,0.700000,238.000000,368.608696,1.638146
files/p43.atsp,0.700000,238.000000,368.528571,1.657593
files/p43.atsp,0.700000,238.000000,369.704225,1.679755
files/p43.atsp,0.700000,238.000000,369.375000,1.703862
files/p43.atsp,0.700000,238.000000,369.356164,1.726672
files/p43.atsp,0.700000,238.000000,370.243243,1.753496
files/p43.atsp,0.700000,238.000000,372.360000,1.771677
files/p43.atsp,0.700000,238.000000,372.342105,1.793803
files/p43.atsp,0.700000,238.000000,372.350649,1.823178
files/p43.atsp,0.700000,238.000000,374.141026,1.844938
files/p43.atsp,0.700000,238.000000,375.518987,1.871997
files/p43.atsp,0.700000,238.000000,375.312500,1.895621
files/p43.atsp,0.700000,238.000000,376.308642,1.933570
files/p43.atsp,0.700000,238.000000,376.512195,1.961034
files/p43.atsp,0.700000,238.000000,376.228916,1.982352
files/p43.atsp,0.700000,238.000000,376.238095,1.994003
files/p43.atsp,0.700000,238.000000,376.494118,2.009277
files/p43.atsp,0.700000,238.000000,377.116279,2.031785
files/p43.atsp,0.700000,238.000000,377.068966,2.055600
files/p43.atsp,0.700000,238.000000,377.454545,2.076133
files/p43.atsp,0.700000,238.000000,377.460674,2.103158
files/p43.atsp,0.700000,238.000000,377.666667,2.129010
files/p43.atsp,0.700000,238.000000,376.384615,2.150986
files/p43.atsp,0.700000,238.000000,376.282609,2.169697
files/p43.atsp,0.700000,238.000000,375.860215,2.190192
files/p43.atsp,0.700000,238.000000,376.191489,2.221281
files/p43.atsp,0.700000,238.000000,376.063158,2.244773
files/p43.atsp,0.700000,238.000000,375.718750,2.268872
files/p43.atsp,0.700000,238.000000,376.000000,2.288398
files/p43.atsp,0.700000,238.000000,375.581633,2.306845
files/p43.atsp,0.700000,238.000000,376.090909,2.335121
files/p43.atsp,0.700000,238.000000,375.650000,2.360763
files/p43.atsp,0.700000,238.000000,374.376238,2.380708
files/p43.atsp,0.700000,238.000000,374.647059,2.405200
files/p43.atsp,0.700000,238.000000,375.223301,2.424452
files/p43.atsp,0.700000,238.000000,374.980769,2.457861
files/p43.atsp,0.700000,238.000000,376.761905,2.488834
files/p43.atsp,0.700000,238.000000,376.924528,2.508659
files/p43.atsp,0.700000,238.000000,377.626168,2.531579
files/p43.atsp,0.700000,238.000000,377.861111,2.550291
files/p43.atsp,0.700000,238.000000,378.128440,2.572711
files/p43.atsp,0.700000,238.000000,378.163636,2.602429
files/p43.atsp,0.700000,238.000000,378.639640,2.617850
files/p43.atsp,0.700000,238.000000,378.562500,2.644898
files/p43.atsp,0.700000,238.000000,379.292035,2.673243
files/p43.atsp,0.700000,238.000000,379.368421,2.690055
files/p43.atsp,0.700000,238.000000,379.052174,2.710820
files/p43.atsp,0.700000,238.000000,379.732759,2.737166
files/p43.atsp,0.700000,238.000000,379.709402,2.766167
files/p43.atsp,0.700000,238.000000,379.771186,2.792144
files/p43.atsp,0.700000,238.000000,380.252101,2.807658
files/p43.atsp,0.700000,238.000000,379.575000,2.828513
files/p43.atsp,0.700000,238.000000,380.545455,2.853956
files/p43.atsp,0.700000,238.000000,379.983607,2.872501
files/p43.atsp,0.700000,218.000000,378.666667,2.892678
files/p43.atsp,0.700000,218.000000,379.266129,2.917540
files/p43.atsp,0.700000,218.000000,379.384000,2.936441
files/p43.atsp,0.700000,218.000000,379.055556,2.960380
files/p43.atsp,0.700000,218.000000,378.590551,2.987645
files/p43.atsp,0.700000,218.000000,378.968750,3.008003
files/p43.atsp,0.700000,218.000000,378.961240,3.024865
files/p43.atsp,0.700000,218.000000,378.100000,3.050182
files/p43.atsp,0.700000,218.000000,378.442748,3.089555
files/p43.atsp,0.700000,218.000000,377.818182,3.115178
files/p43.atsp,0.700000,218.000000,378.330827,3.145203
files/p43.atsp,0.700000,218.000000,379.223881,3.171501
files/p43.atsp,0.700000,218.000000,379.414815,3.197787
files/p43.atsp,0.700000,218.000000,379.088235,3.227551
files/p43.atsp,0.700000,218.000000,379.824818,3.246915
files/p43.atsp,0.700000,218.000000,379.942029,3.277019
files/p43.atsp,0.700000,218.000000,379.877698,3.289807
files/p43.atsp,0.700000,218.000000,379.542857,3.317691
files/p43.atsp,0.700000,218.000000,379.120567,3.339958
files/p43.atsp,0.700000,218.000000,378.056338,3.359076
files/p43.atsp,0.700000,218.000000,378.629371,3.377310
files/p43.atsp,0.700000,218.000000,378.388889,3.401005
files/p43.atsp,0.700000,218.000000,378.896552,3.422029
files/p43.atsp,0.700000,218.000000,378.315068,3.446010
files/p43.atsp,0.700000,218.000000,378.210884,3.467986
files/p43.atsp,0.700000,218.000000,377.945946,3.496559
files/p43.atsp,0.700000,218.000000,377.872483,3.516978
files/p43.atsp,0.700000,218.000000,377.613333,3.551358
files/p43.atsp,0.700000,218.000000,377.483444,3.578330
files/p43.atsp,0.700000,218.000000,377.019737,3.607062
files/p43.atsp,0.700000,218.000000,377.006536,3.620373
files/p43.atsp,0.700000,218.000000,377.103896,3.640770
files/p43.atsp,0.700000,218.000000,377.419355,3.662878
files/p43.atsp,0.700000,218.000000,377.942308,3.688040
files/p43.atsp,0.700000,218.000000,378.152866,3.710980
files/p43.atsp,0.700000,218.000000,377.854430,3.731649
files/p43.atsp,0.700000,218.000000,378.119497,3.754876
files/p43.atsp,0.700000,218.000000,378.031250,3.773888
files/p43.atsp,0.700000,218.000000,378.670807,3.800148
files/p43.atsp,0.700000,218.000000,378.537037,3.818885
files/p43.atsp,0.700000,218.000000,378.220859,3.837354
files/p43.atsp,0.700000,218.000000,378.536585,3.857829
files/p43.atsp,0.700000,218.000000,378.200000,3.887374
files/p43.atsp,0.700000,218.000000,378.265060,3.907338
files/p43.atsp,0.700000,218.000000,377.652695,3.928596
files/p43.atsp,0.700000,218.000000,377.970238,3.960343
files/p43.atsp,0.700000,218.000000,378.278107,3.983268
files/p43.atsp,0.700000,218.000000,378.364706,4.002787
files/p43.atsp,0.700000,218.000000,378.970760,4.021160
files/p43.atsp,0.700000,218.000000,378.558140,4.045001
files/p43.atsp,0.700000,218.000000,378.560694,4.073110
files/p43.atsp,0.700000,218.000000,378.396552,4.099380
files/p43.atsp,0.700000,218.000000,378.394286,4.123436
files/p43.atsp,0.700000,218.000000,378.488636,4.147476
files/p43.atsp,0.700000,218.000000,379.350282,4.179877
files/p43.atsp,0.700000,218.000000,379.617978,4.199881
files/p43.atsp,0.700000,218.000000,379.642458,4.236559
files/p43.atsp,0.700000,218.000000,379.400000,4.258951
files/p43.atsp,0.700000,218.000000,379.209945,4.286191
files/p43.atsp,0.700000,218.000000,379.351648,4.307416
files/p43.atsp,0.700000,218.000000,379.617486,4.331736
files/p43.atsp,0.700000,218.000000,379.586957,4.351865
files/p43.atsp,0.700000,218.000000,379.810811,4.378758
files/p43.atsp,0.700000,218.000000,379.505376,4.398409
files/p43.atsp,0.700000,218.000000,379.406417,4.420770
files/p43.atsp,0.700000,218.000000,379.265957,4.444261
files/p43.atsp,0.700000,218.000000,379.629630,4.468209
files/p43.atsp,0.700000,218.000000,379.573684,4.490898
files/p43.atsp,0.700000,218.000000,379.204188,4.515687
files/p43.atsp,0.700000,218.000000,379.958333,4.543028
files/p43.atsp,0.700000,218.000000,380.207254,4.563993
files/p43.atsp,0.700000,218.000000,380.242268,4.587556
files/p43.atsp,0.700000,218.000000,380.600000,4.606620
files/p43.atsp,0.700000,218.000000,380.117347,4.636776
files/p43.atsp,0.700000,218.000000,379.944162,4.656131
files/p43.atsp,0.700000,218.000000,379.944444,4.676053
files/p43.atsp,0.700000,218.000000,380.321608,4.699955
files/p43.atsp,0.700000,218.000000,380.440000,4.728303
files/p43.atsp,0.700000,218.000000,380.318408,4.753356
files/p43.atsp,0.700000,218.000000,380.559406,4.770994
files/p43.atsp,0.700000,218.000000,380.054187,4.797501
files/p43.atsp,0.700000,218.000000,380.127451,4.821767
files/p43.atsp,0.700000,218.000000,380.043902,4.835882
files/p43.atsp,0.700000,218.000000,380.281553,4.864278
files/p43.atsp,0.700000,218.000000,380.473430,4.884828
files/p43.atsp,0.700000,218.000000,380.192308,4.910013
files/p43.atsp,0.700000,218.000000,380.105263,4.923699
files/p43.atsp,0.700000,218.000000,379.785714,4.946623
files/p43.atsp,0.700000,218.000000,379.701422,4.965803
files/p43.atsp,0.700000,218.000000,380.099057,4.985493
files/p43.atsp,0.700000,218.000000,380.455399,5.007061
files/p43.atsp,0.700000,218.000000,380.574766,5.037497
files/p43.atsp,0.700000,218.000000,380.586047,5.066068
files/p43.atsp,0.700000,218.000000,380.615741,5.100038
files/p43.atsp,0.700000,218.000000,380.465438,5.120352
files/p43.atsp,0.700000,218.000000,380.215596,5.139398
files/p43.atsp,0.700000,218.000000,379.630137,5.157372
files/p43.atsp,0.700000,218.000000,379.677273,5.174251
files/p43.atsp,0.700000,218.000000,379.235294,5.196896
files/p43.atsp,0.700000,218.000000,378.995495,5.219618
files/p43.atsp,0.700000,218.000000,378.923767,5.242644
files/p43.atsp,0.700000,218.000000,378.718750,5.265267
files/p43.atsp,0.700000,218.000000,378.440000,5.288592
files/p43.atsp,0.700000,218.000000,378.349558,5.308527
files/p43.atsp,0.700000,218.000000,378.431718,5.333862
files/p43.atsp,0.700000,218.000000,378.464912,5.361227
files/p43.atsp,0.700000,218.000000,378.187773,5.388267
files/p43.atsp,0.700000,218.000000,378.073913,5.411822
files/p43.atsp,0.700000,218.000000,378.056277,5.435179
files/p43.atsp,0.700000,218.000000,378.012931,5.460612
files/p43.atsp,0.700000,218.000000,378.450644,5.488058
files/p43.atsp,0.700000,218.000000,378.017094,5.510826
files/p43.atsp,0.700000,218.000000,377.897872,5.531166
files/p43.atsp,0.700000,218.000000,378.639831,5.561398
files/p43.atsp,0.700000,218.000000,378.767932,5.581641
files/p43.atsp,0.700000,218.000000,378.819328,5.603201
files/p43.atsp,0.700000,218.000000,379.104603,5.626439
files/p43.atsp,0.700000,209.000000,378.395833,5.654003
files/p43.atsp,0.700000,209.000000,378.024896,5.679552
files/p43.atsp,0.700000,209.000000,378.000000,5.705679
files/p43.atsp,0.700000,209.000000,377.995885,5.731627
files/p43.atsp,0.700000,209.000000,377.516393,5.758943
files/p43.atsp,0.700000,209.000000,377.787755,5.779728
files/p43.atsp,0.700000,209.000000,377.430894,5.804222
files/p43.atsp,0.700000,209.000000,377.340081,5.828818
files/p43.atsp,0.700000,209.000000,377.020161,5.866008
files/p43.atsp,0.700000,209.000000,376.662651,5.880240
files/p43.atsp,0.700000,209.000000,376.716000,5.911172
files/p43.atsp,0.700000,209.000000,376.657371,5.937741
files/p43.atsp,0.700000,209.000000,376.599206,5.951443
files/p43.atsp,0.700000,209.000000,376.620553,5.969422
files/p43.atsp,0.700000,209.000000,376.885827,5.995216
files/p43.atsp,0.700000,209.000000,376.878431,6.022863
files/p43.atsp,0.700000,209.000000,376.925781,6.043338
files/p43.atsp,0.700000,209.000000,376.883268,6.066092
files/p43.atsp,0.700000,209.000000,376.465116,6.082271
files/p43.atsp,0.700000,209.000000,376.594595,6.102495
files/p43.atsp,0.700000,209.000000,376.469231,6.138725
files/p43.atsp,0.700000,209.000000,376.360153,6.161629
files/p43.atsp,0.700000,209.000000,376.690840,6.182215
files/p43.atsp,0.700000,209.000000,376.505703,6.202268
files/p43.atsp,0.700000,209.000000,376.901515,6.226208
files/p43.atsp,0.700000,209.000000,376.800000,6.253337
files/p43.atsp,0.700000,209.000000,376.988722,6.277872
files/p43.atsp,0.700000,209.000000,376.767790,6.297607
files/p43.atsp,0.700000,209.000000,376.738806,6.326953
files/p43.atsp,0.700000,209.000000,376.594796,6.356056
files/p43.atsp,0.700000,209.000000,376.725926,6.376677
files/p43.atsp,0.700000,209.000000,376.785978,6.397650
files/p43.atsp,0.700000,209.000000,377.069853,6.414273
files/p43.atsp,0.700000,209.000000,377.355311,6.428745
files/p43.atsp,0.700000,209.000000,377.372263,6.452521
files/p43.atsp,0.700000,209.000000,377.330909,6.476471
files/p43.atsp,0.700000,209.000000,377.246377,6.494327
files/p43.atsp,0.700000,209.000000,376.891697,6.513515
files/p43.atsp,0.700000,209.000000,377.169065,6.535355
files/p43.atsp,0.700000,209.000000,377.014337,6.554829
files/p43.atsp,0.700000,209.000000,377.282143,6.576613
files/p43.atsp,0.700000,209.000000,377.366548,6.597330
files/p43.atsp,0.700000,209.000000,377.241135,6.617854
files/p43.atsp,0.700000,209.000000,377.053004,6.637780
files/p43.atsp,0.700000,209.000000,376.915493,6.662570
files/p43.atsp,0.700000,209.000000,377.028070,6.688287
files/p43.atsp,0.700000,209.000000,376.723776,6.709654
files/p43.atsp,0.700000,209.000000,376.365854,6.725001
files/p43.atsp,0.700000,209.000000,376.232639,6.742756
files/p43.atsp,0.700000,209.000000,376.249135,6.777681
files/p43.atsp,0.700000,209.000000,376.610345,6.796784
files/p43.atsp,0.700000,209.000000,376.587629,6.825725
files/p43.atsp,0.700000,209.000000,376.441781,6.846940
files/p43.atsp,0.700000,209.000000,376.440273,6.879988
files/p43.atsp,0.700000,209.000000,376.057823,6.907097
files/p43.atsp,0.700000,209.000000,375.966102,6.921786
files/p43.atsp,0.700000,209.000000,375.885135,6.937018
files/p43.atsp,0.700000,209.000000,375.912458,6.959777
files/p43.atsp,0.700000,209.000000,376.130872,6.991805
files/p43.atsp,0.700000,209.000000,375.949833,7.013180
files/p43.atsp,0.700000,209.000000,375.573333,7.037291
files/p43.atsp,0.700000,209.000000,375.598007,7.065774
files/p43.atsp,0.700000,209.000000,375.695364,7.096373
files/p43.atsp,0.700000,209.000000,375.696370,7.121809
files/p43.atsp,0.700000,209.000000,375.625000,7.155000
files/p43.atsp,0.700000,209.000000,375.337705,7.179157
files/p43.atsp,0.700000,209.000000,375.640523,7.200865
files/p43.atsp,0.700000,209.000000,375.739414,7.226644
files/p43.atsp,0.700000,209.000000,375.879870,7.271254
files/p43.atsp,0.700000,209.000000,376.320388,7.303018
files/p43.atsp,0.700000,209.000000,376.306452,7.329860
files/p43.atsp,0.700000,209.000000,376.350482,7.362097
files/p43.atsp,0.700000,209.000000,376.381410,7.388619
files/p43.atsp,0.700000,201.000000,375.821086,7.416182
files/p43.atsp,0.700000,201.000000,375.652866,7.444183
files/p43.atsp,0.700000,201.000000,375.663492,7.465161
files/p43.atsp,0.700000,201.000000,375.917722,7.492779
files/p43.atsp,0.700000,201.000000,376.186120,7.515888
files/p43.atsp,0.700000,201.000000,376.836478,7.542125
files/p43.atsp,0.700000,201.000000,377.219436,7.558863
files/p43.atsp,0.700000,201.000000,377.290625,7.581199
files/p43.atsp,0.700000,201.000000,377.411215,7.597336
files/p43.atsp,0.700000,201.000000,377.459627,7.620217
files/p43.atsp,0.700000,201.000000,377.492260,7.641594
files/p43.atsp,0.700000,201.000000,377.824074,7.664571
files/p43.atsp,0.700000,201.000000,377.396923,7.694404
files/p43.atsp,0.700000,201.000000,377.245399,7.726436
files/p43.atsp,0.700000,201.000000,377.061162,7.754433
files/p43.atsp,0.700000,201.000000,377.051829,7.790941
files/p43.atsp,0.700000,201.000000,377.112462,7.812780
files/p43.atsp,0.700000,201.000000,377.396970,7.838098
files/p43.atsp,0.700000,201.000000,377.465257,7.862197
files/p43.atsp,0.700000,201.000000,377.478916,7.894375
files/p43.atsp,0.700000,201.000000,377.396396,7.924737
files/p43.atsp,0.700000,201.000000,377.197605,7.948308
files/p43.atsp,0.700000,201.000000,377.202985,7.976098
files/p43.atsp,0.700000,201.000000,377.098214,8.006369
files/p43.atsp,0.700000,201.000000,377.086053,8.034344
files/p43.atsp,0.700000,201.000000,377.355030,8.058651
files/p43.atsp,0.700000,201.000000,377.498525,8.083690
files/p43.atsp,0.700000,201.000000,377.402941,8.117306
files/p43.atsp,0.700000,201.000000,377.202346,8.137373
files/p43.atsp,0.700000,201.000000,377.304094,8.158175
files/p43.atsp,0.700000,201.000000,376.877551,8.181783
files/p43.atsp,0.700000,201.000000,376.776163,8.203954
files/p43.atsp,0.700000,201.000000,376.739130,8.236440
files/p43.atsp,0.700000,201.000000,376.979769,8.257404
files/p43.atsp,0.700000,201.000000,376.806916,8.289550
files/p43.atsp,0.700000,201.000000,376.566092,8.312053
files/p43.atsp,0.700000,201.000000,376.744986,8.345209
files/p43.atsp,0.700000,201.000000,377.131429,8.371057
files/p43.atsp,0.700000,201.000000,376.951567,8.392248
files/p43.atsp,0.700000,201.000000,376.517045,8.418643
files/p43.atsp,0.700000,201.000000,376.280453,8.445315
files/p43.atsp,0.700000,201.000000,376.067797,8.465922
files/p43.atsp,0.700000,201.000000,375.963380,8.491599
files/p43.atsp,0.700000,201.000000,376.053371,8.519386
files/p43.atsp,0.700000,201.000000,376.151261,8.550252
files/p43.atsp,0.700000,201.000000,376.145251,8.578205
files/p43.atsp,0.700000,201.000000,376.289694,8.591117
files/p43.atsp,0.700000,201.000000,376.286111,8.619581
files/p43.atsp,0.700000,201.000000,376.168975,8.651180
files/p43.atsp,0.700000,201.000000,376.259669,8.679919
files/p43.atsp,0.700000,201.000000,376.683196,8.704296
files/p43.atsp,0.700000,201.000000,376.684066,8.725841
files/p43.atsp,0.700000,201.000000,376.490411,8.741334
files/p43.atsp,0.700000,201.000000,376.956284,8.762203
files/p43.atsp,0.700000,201.000000,376.967302,8.777726
files/p43.atsp,0.700000,201.000000,377.130435,8.804024
files/p43.atsp,0.700000,201.000000,377.444444,8.828978
files/p43.atsp,0.700000,201.000000,377.489189,8.861147
files/p43.atsp,0.700000,201.000000,377.407008,8.890286
files/p43.atsp,0.700000,201.000000,377.583333,8.918172
files/p43.atsp,0.700000,201.000000,377.581769,8.938704
files/p43.atsp,0.700000,201.000000,377.307487,8.952942
files/p43.atsp,0.700000,201.000000,377.226667,8.988929
files/p43.atsp,0.700000,201.000000,377.130319,9.014935
files/p43.atsp,0.700000,201.000000,377.013263,9.043456
files/p43.atsp,0.700000,201.000000,377.015873,9.063381
files/p43.atsp,0.700000,201.000000,377.092348,9.094727
files/p43.atsp,0.700000,201.000000,376.910526,9.119175
files/p43.atsp,0.700000,201.000000,376.818898,9.142937
files/p43.atsp,0.700000,201.000000,376.573298,9.175002
files/p43.atsp,0.700000,201.000000,376.543081,9.197329
files/p43.atsp,0.700000,201.000000,376.638021,9.221647
files/p43.atsp,0.700000,201.000000,376.579221,9.238706
files/p43.atsp,0.700000,201.000000,376.717617,9.261912
files/p43.atsp,0.700000,201.000000,376.803618,9.291365
files/p43.atsp,0.700000,201.000000,376.778351,9.317003
files/p43.atsp,0.700000,201.000000,376.727506,9.346703
files/p43.atsp,0.700000,201.000000,376.802564,9.373124
files/p43.atsp,0.700000,201.000000,376.634271,9.398933
files/p43.atsp,0.700000,201.000000,376.479592,9.429596
files/p43.atsp,0.700000,201.000000,376.458015,9.453871
files/p43.atsp,0.700000,201.000000,376.276650,9.481415
files/p43.atsp,0.700000,201.000000,376.465823,9.499125
files/p43.atsp,0.700000,201.000000,376.474747,9.523628
files/p43.atsp,0.700000,201.000000,376.506297,9.549497
files/p43.atsp,0.700000,201.000000,376.356784,9.569034
files/p43.atsp,0.700000,201.000000,376.441103,9.593462
files/p43.atsp,0.700000,201.000000,376.622500,9.610973
files/p43.atsp,0.700000,201.000000,377.009975,9.629878
files/p43.atsp,0.700000,201.000000,377.014925,9.659009
files/p43.atsp,0.700000,201.000000,377.037221,9.677050
files/p43.atsp,0.700000,201.000000,377.220297,9.708928
files/p43.atsp,0.700000,201.000000,377.200000,9.732731
files/p43.atsp,0.700000,201.000000,377.017241,9.750706
files/p43.atsp,0.700000,201.000000,377.307125,9.778066
files/p43.atsp,0.700000,201.000000,377.551471,9.799474
files/p43.atsp,0.700000,201.000000,377.760391,9.824032
files/p43.atsp,0.700000,201.000000,377.678049,9.845282
files/p43.atsp,0.700000,201.000000,377.552311,9.864516
files/p43.atsp,0.700000,201.000000,377.461165,9.888392
files/p43.atsp,0.700000,201.000000,377.518160,9.917060
files/p43.atsp,0.700000,201.000000,377.371981,9.936601
files/p43.atsp,0.700000,201.000000,377.445783,9.969454
files/p43.atsp,0.700000,201.000000,377.161058,9.991540
files/p43.atsp,0.700000,201.000000,377.247002,10.022233
files/p43.atsp,0.700000,201.000000,377.167464,10.047876
files/p43.atsp,0.700000,201.000000,377.272076,10.076807
files/p43.atsp,0.700000,201.000000,377.323810,10.099265
files/p43.atsp,0.700000,201.000000,377.315914,10.130299
files/p43.atsp,0.700000,201.000000,377.232227,10.156914
files/p43.atsp,0.700000,201.000000,377.082742,10.180187
files/p43.atsp,0.700000,201.000000,377.117925,10.216156
files/p43.atsp,0.700000,201.000000,377.374118,10.247853
files/p43.atsp,0.700000,201.000000,377.279343,10.272285
files/p43.atsp,0.700000,201.000000,377.325527,10.301481
files/p43.atsp,0.700000,201.000000,377.100467,10.333959
files/p43.atsp,0.700000,201.000000,377.205128,10.361303
files/p43.atsp,0.700000,201.000000,377.272093,10.388638
files/p43.atsp,0.700000,201.000000,377.116009,10.413405
files/p43.atsp,0.700000,201.000000,377.273148,10.446870
files/p43.atsp,0.700000,201.000000,377.489607,10.470293
files/p43.atsp,0.700000,201.000000,377.557604,10.493413
files/p43.atsp,0.700000,201.000000,377.542529,10.528710
files/p43.atsp,0.700000,201.000000,377.463303,10.564512
files/p43.atsp,0.700000,201.000000,377.745995,10.589185
files/p43.atsp,0.700000,201.000000,378.079909,10.613988
files/p43.atsp,0.700000,201.000000,377.822323,10.648503
files/p43.atsp,0.700000,201.000000,377.838636,10.682830
files/p43.atsp,0.700000,201.000000,377.600907,10.703120
files/p43.atsp,0.700000,201.000000,377.579186,10.742380
files/p43.atsp,0.700000,201.000000,377.354402,10.765699
files/p43.atsp,0.700000,201.000000,377.216216,10.788855
files/p43.atsp,0.700000,201.000000,377.417978,10.819560
files/p43.atsp,0.700000,201.000000,377.322870,10.847676
files/p43.atsp,0.700000,201.000000,377.467562,10.877322
files/p43.atsp,0.700000,201.000000,377.513393,10.907566
files/p43.atsp,0.700000,201.000000,377.625835,10.935948
files/p43.atsp,0.700000,201.000000,377.440000,10.959624
files/p43.atsp,0.700000,201.000000,377.412417,10.993301
files/p43.atsp,0.700000,201.000000,377.327434,11.010632
files/p43.atsp,0.700000,201.000000,377.445916,11.025822
files/p43.atsp,0.700000,201.000000,377.865639,11.049617
files/p43.atsp,0.700000,201.000000,377.975824,11.075898
files/p43.atsp,0.700000,201.000000,378.307018,11.101732
files/p43.atsp,0.700000,201.000000,378.321663,11.126176
files/p43.atsp,0.700000,201.000000,378.482533,11.147839
files/p43.atsp,0.700000,201.000000,378.779956,11.174279
files/p43.atsp,0.700000,201.000000,378.834783,11.195968
files/p43.atsp,0.700000,201.000000,378.791757,11.227745
files/p43.atsp,0.700000,201.000000,378.603896,11.242171
files/p43.atsp,0.700000,201.000000,378.658747,11.273318
files/p43.atsp,0.700000,201.000000,378.711207,11.292503
files/p43.atsp,0.700000,201.000000,379.081720,11.316710
files/p43.atsp,0.700000,201.000000,378.875536,11.339462
files/p43.atsp,0.700000,201.000000,378.961456,11.360912
files/p43.atsp,0.700000,201.000000,378.863248,11.381015
files/p43.atsp,0.700000,201.000000,379.089552,11.409532
files/p43.atsp,0.700000,201.000000,379.357447,11.435100
files/p43.atsp,0.700000,201.000000,379.116773,11.451651
files/p43.atsp,0.700000,201.000000,379.237288,11.471841
files/p43.atsp,0.700000,201.000000,379.257928,11.495783
files/p43.atsp,0.700000,201.000000,379.312236,11.514101
files/p43.atsp,0.700000,201.000000,379.296842,11.540500
files/p43.atsp,0.700000,201.000000,379.245798,11.561233
files/p43.atsp,0.700000,201.000000,379.255765,11.583442
files/p43.atsp,0.700000,201.000000,379.347280,11.619712
files/p43.atsp,0.700000,201.000000,379.455115,11.647718
files/p43.atsp,0.700000,201.000000,379.606250,11.679647
files/p43.atsp,0.700000,201.000000,379.582121,11.715108
files/p43.atsp,0.700000,201.000000,379.788382,11.733760
files/p43.atsp,0.700000,201.000000,379.616977,11.760094
files/p43.atsp,0.700000,201.000000,379.369835,11.787885
files/p43.atsp,0.700000,201.000000,379.367010,11.817875
files/p43.atsp,0.700000,201.000000,379.547325,11.846515
files/p43.atsp,0.700000,201.000000,379.698152,11.870674
files/p43.atsp,0.700000,201.000000,379.721311,11.892689
files/p43.atsp,0.700000,201.000000,379.531697,11.916447
files/p43.atsp,0.700000,201.000000,379.697959,11.932434
files/p43.atsp,0.700000,201.000000,379.914460,11.958753
files/p43.atsp,0.700000,201.000000,379.766260,11.987018
files/p43.atsp,0.700000,201.000000,379.813387,12.026493
files/p43.atsp,0.700000,201.000000,379.870445,12.048744
files/p43.atsp,0.700000,201.000000,379.777778,12.068344
files/p43.atsp,0.700000,201.000000,379.530242,12.094135
files/p43.atsp,0.700000,201.000000,379.583501,12.120666
files/p43.atsp,0.700000,201.000000,379.903614,12.137501
files/p43.atsp,0.700000,201.000000,379.805611,12.171034
files/p43.atsp,0.700000,201.000000,379.836000,12.189596
files/p43.atsp,0.700000,201.000000,379.938124,12.214335
files/p43.atsp,0.700000,201.000000,379.886454,12.231633
files/p43.atsp,0.700000,201.000000,380.007952,12.247080
files/p43.atsp,0.700000,201.000000,380.125000,12.266207
files/p43.atsp,0.700000,201.000000,379.906931,12.295121
files/p43.atsp,0.700000,201.000000,380.191700,12.317970
files/p43.atsp,0.700000,201.000000,380.402367,12.343045
files/p43.atsp,0.700000,201.000000,380.612205,12.365563
files/p43.atsp,0.700000,201.000000,380.528487,12.393119
files/p43.atsp,0.700000,201.000000,380.523529,12.418859
files/p43.atsp,0.700000,201.000000,380.442270,12.439085
files/p43.atsp,0.700000,201.000000,380.474609,12.465061
files/p43.atsp,0.700000,201.000000,380.259259,12.481896
files/p43.atsp,0.700000,201.000000,380.496109,12.505002
files/p43.atsp,0.700000,201.000000,380.551456,12.536215
files/p43.atsp,0.700000,201.000000,380.412791,12.554716
files/p43.atsp,0.700000,201.000000,380.441006,12.577242
files/p43.atsp,0.700000,201.000000,380.567568,12.603488
files/p43.atsp,0.700000,201.000000,380.631985,12.622690
files/p43.atsp,0.700000,201.000000,380.740385,12.645819
files/p43.atsp,0.700000,201.000000,380.825336,12.670348
files/p43.atsp,0.700000,201.000000,380.547893,12.697482
files/p43.atsp,0.700000,201.000000,380.518164,12.720963
files/p43.atsp,0.700000,201.000000,380.492366,12.746251
files/p43.atsp,0.700000,201.000000,380.613333,12.769669
files/p43.atsp,0.700000,201.000000,380.458175,12.799898
files/p43.atsp,0.700000,201.000000,380.481973,12.818402
files/p43.atsp,0.700000,201.000000,380.439394,12.845912
files/p43.atsp,0.700000,201.000000,380.572779,12.873517
files/p43.atsp,0.700000,201.000000,380.271698,12.896904
files/p43.atsp,0.700000,201.000000,380.350282,12.913801
files/p43.atsp,0.700000,201.000000,380.171053,12.940340
files/p43.atsp,0.700000,201.000000,380.127580,12.973774
files/p43.atsp,0.700000,201.000000,380.292135,12.991870
files/p43.atsp,0.700000,201.000000,380.416822,13.024043
files/p43.atsp,0.700000,201.000000,380.419776,13.044684
files/p43.atsp,0.700000,201.000000,380.461825,13.067995
files/p43.atsp,0.700000,201.000000,380.509294,13.099967
files/p43.atsp,0.700000,201.000000,380.543599,13.137267
files/p43.atsp,0.700000,201.000000,380.614815,13.158228
files/p43.atsp,0.700000,201.000000,380.820702,13.175588
files/p43.atsp,0.700000,201.000000,380.850554,13.196879
files/p43.atsp,0.700000,201.000000,380.729282,13.220209
files/p43.atsp,0.700000,201.000000,380.887868,13.242452
files/p43.atsp,0.700000,201.000000,380.856881,13.259340
files/p43.atsp,0.700000,201.000000,380.879121,13.287973
files/p43.atsp,0.700000,201.000000,380.881170,13.315115
files/p43.atsp,0.700000,201.000000,380.919708,13.348239
files/p43.atsp,0.700000,201.000000,380.805100,13.368635
files/p43.atsp,0.700000,201.000000,380.889091,13.397522
files/p43.atsp,0.700000,201.000000,380.773140,13.416875
files/p43.atsp,0.700000,201.000000,380.878623,13.456298
files/p43.atsp,0.700000,201.000000,380.867993,13.469893
files/p43.atsp,0.700000,201.000000,380.906137,13.493470
files/p43.atsp,0.700000,201.000000,381.136937,13.514190
files/p43.atsp,0.700000,201.000000,381.228417,13.539037
files/p43.atsp,0.700000,201.000000,381.222621,13.559526
files/p43.atsp,0.700000,201.000000,381.222222,13.586516
files/p43.atsp,0.700000,201.000000,381.144902,13.609164
files/p43.atsp,0.700000,201.000000,380.878571,13.626293
files/p43.atsp,0.700000,201.000000,380.814617,13.647341
files/p43.atsp,0.700000,201.000000,380.597865,13.666431
files/p43.atsp,0.700000,201.000000,380.515098,13.687763
files/p43.atsp,0.700000,201.000000,380.393617,13.710346
files/p43.atsp,0.700000,201.000000,380.490265,13.733381
files/p43.atsp,0.700000,201.000000,380.593640,13.764222
files/p43.atsp,0.700000,201.000000,380.671958,13.801270
files/p43.atsp,0.700000,201.000000,380.619718,13.825709
files/p43.atsp,0.700000,201.000000,380.657293,13.854643
files/p43.atsp,0.700000,201.000000,380.722807,13.887054
files/p43.atsp,0.700000,201.000000,380.632224,13.918046
files/p43.atsp,0.700000,201.000000,380.603147,13.941147
files/p43.atsp,0.700000,201.000000,380.380454,13.964050
files/p43.atsp,0.700000,201.000000,380.390244,13.985735
files/p43.atsp,0.700000,201.000000,380.469565,14.017907
files/p43.atsp,0.700000,201.000000,380.604167,14.039047
files/p43.atsp,0.700000,201.000000,380.542461,14.066908
files/p43.atsp,0.700000,201.000000,380.614187,14.089516
files/p43.atsp,0.700000,201.000000,380.835924,14.115737
files/p43.atsp,0.700000,201.000000,380.881034,14.143082
files/p43.atsp,0.700000,201.000000,380.970740,14.167000
files/p43.atsp,0.700000,201.000000,381.103093,14.189172
files/p43.atsp,0.700000,201.000000,380.886792,14.202981
files/p43.atsp,0.700000,201.000000,380.993151,14.234153
files/p43.atsp,0.700000,201.000000,381.056410,14.256286
files/p43.atsp,0.700000,201.000000,380.996587,14.280821
files/p43.atsp,0.700000,201.000000,381.137990,14.300251
files/p43.atsp,0.700000,201.000000,380.962585,14.330935
files/p43.atsp,0.700000,201.000000,380.908319,14.351947
files/p43.atsp,0.700000,201.000000,380.806780,14.372359
files/p43.atsp,0.700000,201.000000,380.847716,14.392395
files/p43.atsp,0.700000,201.000000,380.768581,14.409891
files/p43.atsp,0.700000,201.000000,380.723440,14.441544
files/p43.atsp,0.700000,201.000000,380.924242,14.466890
files/p43.atsp,0.700000,201.000000,380.884034,14.498868
files/p43.atsp,0.700000,201.000000,380.775168,14.518929
files/p43.atsp,0.700000,201.000000,380.931323,14.532053
files/p43.atsp,0.700000,201.000000,380.852843,14.552768
files/p43.atsp,0.700000,201.000000,380.811352,14.580524
files/p43.atsp,0.700000,201.000000,380.735000,14.601826
files/p43.atsp,0.700000,201.000000,380.680532,14.629399
files/p43.atsp,0.700000,201.000000,380.677741,14.650794
files/p43.atsp,0.700000,201.000000,380.610282,14.672537
files/p43.atsp,0.700000,201.000000,380.816225,14.698040
files/p43.atsp,0.700000,201.000000,381.000000,14.718433
files/p43.atsp,0.700000,201.000000,380.963696,14.734913
files/p43.atsp,0.700000,201.000000,380.909390,14.755218
files/p43.atsp,0.700000,201.000000,381.023026,14.778456
files/p43.atsp,0.700000,201.000000,381.024631,14.804790
files/p43.atsp,0.700000,201.000000,380.850820,14.839858
files/p43.atsp,0.700000,201.000000,380.870704,14.858514
files/p43.atsp,0.700000,201.000000,380.841503,14.885698
files/p43.atsp,0.700000,201.000000,380.895595,14.903335
files/p43.atsp,0.700000,201.000000,380.988599,14.923551
files/p43.atsp,0.700000,201.000000,380.861789,14.950658
files/p43.atsp,0.700000,201.000000,380.766234,14.972347
files/p43.atsp,0.700000,201.000000,380.743922,14.993927
files/p43.atsp,0.700000,201.000000,380.741100,15.018257
files/p43.atsp,0.700000,201.000000,380.707593,15.041191
files/p43.atsp,0.700000,201.000000,380.483871,15.069657
files/p43.atsp,0.700000,201.000000,380.613527,15.088952
files/p43.atsp,0.700000,201.000000,380.694534,15.115464
files/p43.atsp,0.700000,201.000000,380.804173,15.144997
files/p43.atsp,0.700000,201.000000,380.623397,15.166097
files/p43.atsp,0.700000,201.000000,380.833600,15.183156
files/p43.atsp,0.700000,201.000000,380.829073,15.210314
files/p43.atsp,0.700000,201.000000,380.928230,15.238706
files/p43.atsp,0.700000,201.000000,381.030255,15.262288
files/p43.atsp,0.700000,201.000000,381.082671,15.284873
files/p43.atsp,0.700000,201.000000,380.942857,15.310401
files/p43.atsp,0.700000,201.000000,381.061807,15.345805
files/p43.atsp,0.700000,201.000000,381.020570,15.371979
files/p43.atsp,0.700000,201.000000,381.052133,15.399132
files/p43.atsp,0.700000,201.000000,381.179811,15.431152
files/p43.atsp,0.700000,201.000000,381.103937,15.460155
files/p43.atsp,0.700000,201.000000,381.108491,15.485914
files/p43.atsp,0.700000,201.000000,381.054945,15.514352
files/p43.atsp,0.700000,201.000000,380.982759,15.559088
files/p43.atsp,0.700000,201.000000,381.048513,15.584362
files/p43.atsp,0.700000,201.000000,380.807813,15.620886
files/p43.atsp,0.700000,201.000000,380.912637,15.653650
files/p43.atsp,0.700000,201.000000,380.897196,15.678397
files/p43.atsp,0.700000,201.000000,380.853810,15.728039
files/p43.atsp,0.700000,201.000000,380.759317,15.756371
