files/p43.atsp,0.800000,327.000000,327.000000,0.041440
files/p43.atsp,0.800000,327.000000,429.000000,0.082628
files/p43.atsp,0.800000,327.000000,421.000000,0.145495
files/p43.atsp,0.800000,327.000000,424.500000,0.185711
files/p43.atsp,0.800000,327.000000,420.200000,0.237187
files/p43.atsp,0.800000,327.000000,417.833333,0.280505
files/p43.atsp,0.800000,327.000000,426.571429,0.327524
files/p43.atsp,0.800000,327.000000,417.250000,0.362163
files/p43.atsp,0.800000,327.000000,414.777778,0.379230
files/p43.atsp,0.800000,327.000000,423.300000,0.405066
files/p43.atsp,0.800000,327.000000,428.272727,0.431241
files/p43.atsp,0.800000,327.000000,435.083333,0.467462
files/p43.atsp,0.800000,322.000000,426.384615,0.502507
files/p43.atsp,0.800000,322.000000,422.785714,0.553001
files/p43.atsp,0.800000,322.000000,416.333333,0.591826
files/p43.atsp,0.800000,322.000000,416.562500,0.639971
files/p43.atsp,0.800000,322.000000,411.882353,0.679781
files/p43.atsp,0.800000,322.000000,415.777778,0.715196
files/p43.atsp,0.800000,322.000000,413.684211,0.748663
files/p43.atsp,0.800000,322.000000,413.950000,0.770724
files/p43.atsp,0.800000,307.000000,408.857143,0.791479
files/p43.atsp,0.800000,307.000000,408.363636,0.815631
files/p43.atsp,0.800000,307.000000,409.086957,0.842792
files/p43.atsp,0.800000,307.000000,414.416667,0.863476
files/p43.atsp,0.800000,307.000000,412.880000,0.894017
files/p43.atsp,0.800000,307.000000,413.192308,0.924878
files/p43.atsp,0.800000,253.000000,407.259259,0.941475
files/p43.atsp,0.800000,253.000000,406.464286,0.962900
files/p43.atsp,0.800000,253.000000,405.793103,0.985013
files/p43.atsp,0.800000,253.000000,401.500000,1.008014
files/p43.atsp,0.800000,253.000000,406.258065,1.036382
files/p43.atsp,0.800000,253.000000,406.812500,1.061928
files/p43.atsp,0.800000,253.000000,407.606061,1.081509
files/p43.atsp,0.800000,253.000000,405.323529,1.106643
files/p43.atsp,0.800000,253.000000,409.257143,1.126878
files/p43.atsp,0.800000,253.000000,409.527778,1.147328
files/p43.atsp,0.800000,253.000000,409.783784,1.170996
files/p43.atsp,0.800000,253.000000,410.289474,1.203242
files/p43.atsp,0.800000,253.000000,407.435897,1.216777
files/p43.atsp,0.800000,241.000000,403.275000,1.243293
files/p43.atsp,0.800000,241.000000,404.365854,1.277842
files/p43.atsp,0.800000,241.000000,401.904762,1.308138
files/p43.atsp,0.800000,241.000000,402.534884,1.342309
files/p43.atsp,0.800000,241.000000,401.045455,1.399612
files/p43.atsp,0.800000,241.000000,400.177778,1.448831
files/p43.atsp,0.800000,241.000000,397.934783,1.503400
files/p43.atsp,0.800000,241.000000,398.787234,1.555126
files/p43.atsp,0.800000,241.000000,396.729167,1.581184
files/p43.atsp,0.800000,241.000000,396.265306,1.621086
files/p43.atsp,0.800000,241.000000,397.700000,1.664496
files/p43.atsp,0.800000,241.000000,396.333333,1.709930
files/p43.atsp,0.800000,241.000000,397.673077,1.753186
files/p43.atsp,0.800000,241.000000,397.830189,1.786668
files/p43.atsp,0.800000,241.000000,397.703704,1.828429
files/p43.atsp,0.800000,241.000000,398.363636,1.864866
files/p43.atsp,0.800000,241.000000,399.714286,1.908150
files/p43.atsp,0.800000,241.000000,401.561404,1.927598
files/p43.atsp,0.800000,241.000000,399.689655,1.950073
files/p43.atsp,0.800000,241.000000,400.271186,1.978310
files/p43.atsp,0.800000,241.000000,401.216667,2.020153
files/p43.atsp,0.800000,241.000000,400.393443,2.043188
files/p43.atsp,0.800000,241.000000,400.064516,2.064153
files/p43.atsp,0.800000,241.000000,399.301587,2.091171
files/p43.atsp,0.800000,241.000000,397.078125,2.120502
files/p43.atsp,0.800000,241.000000,399.615385,2.147303
files/p43.atsp,0.800000,241.000000,399.833333,2.168332
files/p43.atsp,0.800000,241.000000,399.253731,2.186012
files/p43.atsp,0.800000,241.000000,398.470588,2.217683
files/p43.atsp,0.800000,238.000000,396.144928,2.239644
files/p43.atsp,0.800000,238.000000,397.014286,2.263387
files/p43.atsp,0.800000,238.000000,396.859155,2.285239
files/p43.atsp,0.800000,238.000000,397.236111,2.311209
files/p43.atsp,0.800000,238.000000,396.356164,2.342570
files/p43.atsp,0.800000,238.000000,396.581081,2.383705
files/p43.atsp,0.800000,238.000000,398.053333,2.419400
files/p43.atsp,0.800000,238.000000,397.394737,2.446158
files/p43.atsp,0.800000,238.000000,396.285714,2.479710
files/p43.atsp,0.800000,238.000000,396.307692,2.506348
files/p43.atsp,0.800000,238.000000,396.050633,2.537569
files/p43.atsp,0.800000,238.000000,395.087500,2.567070
files/p43.atsp,0.800000,238.000000,394.925926,2.595149
files/p43.atsp,0.800000,238.000000,394.695122,2.614385
files/p43.atsp,0.800000,238.000000,393.493976,2.634232
files/p43.atsp,0.800000,238.000000,393.892857,2.662930
files/p43.atsp,0.800000,238.000000,393.258824,2.684621
files/p43.atsp,0.800000,238.000000,392.988372,2.701991
files/p43.atsp,0.800000,238.000000,392.137931,2.728509
files/p43.atsp,0.800000,238.000000,392.534091,2.753855
files/p43.atsp,0.800000,238.000000,392.056180,2.771270
files/p43.atsp,0.800000,238.000000,391.833333,2.794088
files/p43.atsp,0.800000,238.000000,393.329670,2.816964
files/p43.atsp,0.800000,238.000000,391.793478,2.840215
files/p43.atsp,0.800000,238.000000,390.752688,2.862804
files/p43.atsp,0.800000,238.000000,390.010638,2.888964
files/p43.atsp,0.800000,238.000000,389.821053,2.917901
files/p43.atsp,0.800000,238.000000,389.927083,2.947121
files/p43.atsp,0.800000,238.000000,390.762887,2.978980
files/p43.atsp,0.800000,238.000000,390.775510,3.002967
files/p43.atsp,0.800000,238.000000,390.595960,3.039624
files/p43.atsp,0.800000,238.000000,390.260000,3.070329
files/p43.atsp,0.800000,238.000000,390.277228,3.096607
files/p43.atsp,0.800000,238.000000,391.039216,3.124288
files/p43.atsp,0.800000,238.000000,391.252427,3.164992
files/p43.atsp,0.800000,238.000000,390.394231,3.186787
files/p43.atsp,0.800000,238.000000,390.876190,3.204681
files/p43.atsp,0.800000,238.000000,391.122642,3.243866
files/p43.atsp,0.800000,238.000000,391.813084,3.273762
files/p43.atsp,0.800000,238.000000,392.203704,3.302885
files/p43.atsp,0.800000,238.000000,391.743119,3.346688
files/p43.atsp,0.800000,238.000000,391.645455,3.385811
files/p43.atsp,0.800000,238.000000,390.864865,3.417271
files/p43.atsp,0.800000,238.000000,392.250000,3.451284
files/p43.atsp,0.800000,238.000000,392.504425,3.486020
files/p43.atsp,0.800000,238.000000,391.614035,3.523080
files/p43.atsp,0.800000,238.000000,392.191304,3.554512
files/p43.atsp,0.800000,238.000000,391.250000,3.585126
files/p43.atsp,0.800000,238.000000,390.974359,3.624404
files/p43.atsp,0.800000,238.000000,390.508475,3.658880
files/p43.atsp,0.800000,238.000000,390.588235,3.705624
files/p43.atsp,0.800000,238.000000,390.650000,3.740738
files/p43.atsp,0.800000,238.000000,390.057851,3.773199
files/p43.atsp,0.800000,238.000000,389.696721,3.812003
files/p43.atsp,0.800000,238.000000,389.764228,3.840373
files/p43.atsp,0.800000,238.000000,389.000000,3.881491
files/p43.atsp,0.800000,238.000000,389.240000,3.912534
files/p43.atsp,0.800000,238.000000,388.587302,3.945675
files/p43.atsp,0.800000,238.000000,388.582677,3.966597
files/p43.atsp,0.800000,238.000000,387.562500,3.993904
files/p43.atsp,0.800000,238.000000,388.248062,4.013122
files/p43.atsp,0.800000,238.000000,387.676923,4.036012
files/p43.atsp,0.800000,238.000000,388.664122,4.054370
files/p43.atsp,0.800000,238.000000,388.333333,4.085157
files/p43.atsp,0.800000,238.000000,388.766917,4.111597
files/p43.atsp,0.800000,238.000000,389.626866,4.140935
files/p43.atsp,0.800000,238.000000,391.229630,4.178489
files/p43.atsp,0.800000,238.000000,391.625000,4.203733
files/p43.atsp,0.800000,238.000000,392.817518,4.227939
files/p43.atsp,0.800000,219.000000,391.557971,4.249393
files/p43.atsp,0.800000,219.000000,391.741007,4.277341
files/p43.atsp,0.800000,219.000000,391.514286,4.305920
files/p43.atsp,0.800000,219.000000,391.368794,4.355072
files/p43.atsp,0.800000,219.000000,391.802817,4.412500
files/p43.atsp,0.800000,219.000000,391.923077,4.438316
files/p43.atsp,0.800000,219.000000,391.847222,4.465782
files/p43.atsp,0.800000,219.000000,392.351724,4.501147
files/p43.atsp,0.800000,219.000000,392.767123,4.526650
files/p43.atsp,0.800000,219.000000,392.442177,4.552538
files/p43.atsp,0.800000,219.000000,392.283784,4.581656
files/p43.atsp,0.800000,219.000000,392.879195,4.621682
files/p43.atsp,0.800000,219.000000,392.526667,4.667337
files/p43.atsp,0.800000,219.000000,392.794702,4.705318
files/p43.atsp,0.800000,219.000000,392.769737,4.733814
files/p43.atsp,0.800000,219.000000,392.143791,4.775645
files/p43.atsp,0.800000,219.000000,392.331169,4.821115
files/p43.atsp,0.800000,219.000000,392.148387,4.880745
files/p43.atsp,0.800000,219.000000,392.717949,4.955473
files/p43.atsp,0.800000,219.000000,393.382166,4.982327
files/p43.atsp,0.800000,219.000000,393.651899,5.005309
files/p43.atsp,0.800000,219.000000,393.716981,5.029292
files/p43.atsp,0.800000,219.000000,394.681250,5.044087
files/p43.atsp,0.800000,219.000000,395.000000,5.067517
files/p43.atsp,0.800000,219.000000,395.228395,5.086626
files/p43.atsp,0.800000,219.000000,394.380368,5.104532
files/p43.atsp,0.800000,219.000000,394.152439,5.137312
files/p43.atsp,0.800000,219.000000,393.939394,5.160726
files/p43.atsp,0.800000,219.000000,393.590361,5.199010
files/p43.atsp,0.800000,219.000000,393.449102,5.221259
files/p43.atsp,0.800000,219.000000,393.339286,5.243068
files/p43.atsp,0.800000,219.000000,393.745562,5.265840
files/p43.atsp,0.800000,219.000000,393.623529,5.287213
files/p43.atsp,0.800000,219.000000,393.608187,5.310699
files/p43.atsp,0.800000,219.000000,394.000000,5.380585
files/p43.atsp,0.800000,219.000000,394.011561,5.421400
files/p43.atsp,0.800000,219.000000,393.695402,5.480344
files/p43.atsp,0.800000,219.000000,393.782857,5.515318
files/p43.atsp,0.800000,219.000000,393.284091,5.555312
files/p43.atsp,0.800000,219.000000,393.485876,5.596023
files/p43.atsp,0.800000,219.000000,393.134831,5.651752
files/p43.atsp,0.800000,219.000000,392.553073,5.694156
files/p43.atsp,0.800000,219.000000,392.633333,5.744449
files/p43.atsp,0.800000,219.000000,392.602210,5.779492
files/p43.atsp,0.800000,219.000000,393.252747,5.830324
files/p43.atsp,0.800000,219.000000,392.841530,5.876164
files/p43.atsp,0.800000,219.000000,392.788043,5.924486
files/p43.atsp,0.800000,219.000000,392.475676,5.966277
files/p43.atsp,0.800000,219.000000,392.569892,6.007246
files/p43.atsp,0.800000,219.000000,392.828877,6.048487
files/p43.atsp,0.800000,219.000000,392.851064,6.107059
files/p43.atsp,0.800000,219.000000,392.936508,6.140067
files/p43.atsp,0.800000,219.000000,392.847368,6.167181
files/p43.atsp,0.800000,219.000000,392.753927,6.203991
files/p43.atsp,0.800000,219.000000,392.098958,6.250696
files/p43.atsp,0.800000,219.000000,392.321244,6.283705
files/p43.atsp,0.800000,219.000000,392.371134,6.314765
files/p43.atsp,0.800000,219.000000,392.512821,6.360036
files/p43.atsp,0.800000,219.000000,392.790816,6.404306
files/p43.atsp,0.800000,219.000000,392.654822,6.432981
files/p43.atsp,0.800000,219.000000,391.984848,6.468483
files/p43.atsp,0.800000,219.000000,392.030151,6.492271
files/p43.atsp,0.800000,219.000000,392.140000,6.519152
files/p43.atsp,0.800000,219.000000,392.781095,6.564423
files/p43.atsp,0.800000,219.000000,392.985149,6.608787
files/p43.atsp,0.800000,219.000000,393.625616,6.649500
files/p43.atsp,0.800000,219.000000,393.622549,6.685277
files/p43.atsp,0.800000,219.000000,394.043902,6.705626
files/p43.atsp,0.800000,219.000000,393.771845,6.730738
files/p43.atsp,0.800000,219.000000,394.463768,6.751941
files/p43.atsp,0.800000,219.000000,394.600962,6.777255
files/p43.atsp,0.800000,219.000000,394.401914,6.809944
files/p43.atsp,0.800000,219.000000,394.152381,6.835945
files/p43.atsp,0.800000,219.000000,394.526066,6.859220
files/p43.atsp,0.800000,219.000000,395.339623,6.882036
files/p43.atsp,0.800000,219.000000,394.882629,6.903598
files/p43.atsp,0.800000,219.000000,394.457944,6.922846
files/p43.atsp,0.800000,219.000000,394.930233,6.952027
files/p43.atsp,0.800000,219.000000,394.856481,6.978470
files/p43.atsp,0.800000,219.000000,394.769585,7.002052
files/p43.atsp,0.800000,219.000000,394.509174,7.017559
files/p43.atsp,0.800000,219.000000,394.657534,7.044668
files/p43.atsp,0.800000,219.000000,394.527273,7.075069
files/p43.atsp,0.800000,219.000000,394.515837,7.099215
files/p43.atsp,0.800000,219.000000,394.184685,7.120621
files/p43.atsp,0.800000,219.000000,394.134529,7.143691
files/p43.atsp,0.800000,219.000000,394.294643,7.164085
files/p43.atsp,0.800000,219.000000,394.764444,7.187614
files/p43.atsp,0.800000,219.000000,395.026549,7.202872
files/p43.atsp,0.800000,219.000000,394.872247,7.234144
files/p43.atsp,0.800000,219.000000,394.723684,7.261906
files/p43.atsp,0.800000,219.000000,395.078603,7.286982
files/p43.atsp,0.800000,219.000000,394.939130,7.309956
files/p43.atsp,0.800000,219.000000,394.887446,7.338188
files/p43.atsp,0.800000,219.000000,394.400862,7.366865
files/p43.atsp,0.800000,219.000000,394.416309,7.387578
files/p43.atsp,0.800000,219.000000,394.910256,7.414765
files/p43.atsp,0.800000,219.000000,394.319149,7.435113
files/p43.atsp,0.800000,219.000000,394.169492,7.459009
files/p43.atsp,0.800000,219.000000,394.059072,7.483504
files/p43.atsp,0.800000,219.000000,394.231092,7.506916
files/p43.atsp,0.800000,219.000000,393.573222,7.523057
files/p43.atsp,0.800000,219.000000,393.508333,7.545845
files/p43.atsp,0.800000,219.000000,393.331950,7.579154
files/p43.atsp,0.800000,219.000000,393.471074,7.603505
files/p43.atsp,0.800000,219.000000,393.209877,7.626180
files/p43.atsp,0.800000,219.000000,392.741803,7.647345
files/p43.atsp,0.800000,219.000000,392.693878,7.673480
files/p43.atsp,0.800000,219.000000,393.146341,7.701240
files/p43.atsp,0.800000,219.000000,392.963563,7.734712
files/p43.atsp,0.800000,219.000000,392.733871,7.760512
files/p43.atsp,0.800000,219.000000,392.397590,7.778310
files/p43.atsp,0.800000,219.000000,392.064000,7.799795
files/p43.atsp,0.800000,219.000000,392.115538,7.812707
files/p43.atsp,0.800000,219.000000,391.734127,7.836930
files/p43.atsp,0.800000,219.000000,391.371542,7.860231
files/p43.atsp,0.800000,219.000000,391.551181,7.885949
files/p43.atsp,0.800000,219.000000,391.290196,7.906480
files/p43.atsp,0.800000,219.000000,391.105469,7.932303
files/p43.atsp,0.800000,219.000000,390.875486,7.960873
files/p43.atsp,0.800000,219.000000,391.480620,7.977574
files/p43.atsp,0.800000,219.000000,390.853282,8.003589
files/p43.atsp,0.800000,219.000000,391.023077,8.025384
files/p43.atsp,0.800000,219.000000,390.865900,8.043229
files/p43.atsp,0.800000,219.000000,390.477099,8.074580
files/p43.atsp,0.800000,219.000000,390.376426,8.099279
files/p43.atsp,0.800000,219.000000,390.325758,8.127346
files/p43.atsp,0.800000,219.000000,390.132075,8.148709
files/p43.atsp,0.800000,219.000000,390.000000,8.176662
files/p43.atsp,0.800000,219.000000,389.962547,8.197121
files/p43.atsp,0.800000,219.000000,390.041045,8.219108
files/p43.atsp,0.800000,219.000000,390.301115,8.238733
files/p43.atsp,0.800000,219.000000,390.333333,8.252824
files/p43.atsp,0.800000,219.000000,389.948339,8.272009
files/p43.atsp,0.800000,219.000000,389.922794,8.297525
files/p43.atsp,0.800000,219.000000,390.076923,8.324036
files/p43.atsp,0.800000,219.000000,390.408759,8.350726
files/p43.atsp,0.800000,219.000000,389.800000,8.372714
files/p43.atsp,0.800000,219.000000,389.702899,8.393585
files/p43.atsp,0.800000,219.000000,389.761733,8.412656
files/p43.atsp,0.800000,219.000000,389.604317,8.432497
files/p43.atsp,0.800000,219.000000,389.724014,8.456795
files/p43.atsp,0.800000,219.000000,389.446429,8.476782
files/p43.atsp,0.800000,219.000000,389.145907,8.502704
files/p43.atsp,0.800000,219.000000,388.851064,8.525290
files/p43.atsp,0.800000,219.000000,388.575972,8.550997
files/p43.atsp,0.800000,219.000000,388.961268,8.580879
files/p43.atsp,0.800000,219.000000,389.178947,8.608844
files/p43.atsp,0.800000,219.000000,388.723776,8.631838
files/p43.atsp,0.800000,219.000000,388.536585,8.652876
files/p43.atsp,0.800000,219.000000,388.531250,8.681662
files/p43.atsp,0.800000,219.000000,388.287197,8.702039
files/p43.atsp,0.800000,219.000000,388.355172,8.723496
files/p43.atsp,0.800000,219.000000,388.340206,8.751303
files/p43.atsp,0.800000,219.000000,388.236301,8.782489
files/p43.atsp,0.800000,219.000000,387.993174,8.812091
files/p43.atsp,0.800000,219.000000,387.595238,8.830603
files/p43.atsp,0.800000,219.000000,387.383051,8.849568
files/p43.atsp,0.800000,219.000000,387.402027,8.877906
files/p43.atsp,0.800000,219.000000,386.973064,8.907182
files/p43.atsp,0.800000,219.000000,386.976510,8.942017
files/p43.atsp,0.800000,219.000000,387.220736,8.963527
files/p43.atsp,0.800000,219.000000,387.613333,8.988378
files/p43.atsp,0.800000,219.000000,388.189369,9.010055
files/p43.atsp,0.800000,219.000000,388.251656,9.030041
files/p43.atsp,0.800000,219.000000,387.867987,9.050051
files/p43.atsp,0.800000,219.000000,388.167763,9.075908
files/p43.atsp,0.800000,219.000000,388.163934,9.104454
files/p43.atsp,0.800000,219.000000,388.513072,9.120415
files/p43.atsp,0.800000,219.000000,388.589577,9.148436
files/p43.atsp,0.800000,219.000000,388.360390,9.175184
files/p43.atsp,0.800000,219.000000,388.122977,9.205119
files/p43.atsp,0.800000,219.000000,388.458065,9.227700
files/p43.atsp,0.800000,219.000000,388.517685,9.258415
files/p43.atsp,0.800000,219.000000,388.596154,9.293015
files/p43.atsp,0.800000,219.000000,388.594249,9.316033
files/p43.atsp,0.800000,219.000000,388.464968,9.340850
files/p43.atsp,0.800000,219.000000,388.260317,9.363079
files/p43.atsp,0.800000,219.000000,388.094937,9.394002
files/p43.atsp,0.800000,219.000000,387.760252,9.420825
files/p43.atsp,0.800000,219.000000,387.893082,9.442623
files/p43.atsp,0.800000,219.000000,388.319749,9.470315
files/p43.atsp,0.800000,219.000000,388.128125,9.493597
files/p43.atsp,0.800000,219.000000,388.246106,9.517631
files/p43.atsp,0.800000,219.000000,388.329193,9.540639
files/p43.atsp,0.800000,219.000000,388.368421,9.561227
files/p43.atsp,0.800000,219.000000,388.938272,9.580105
files/p43.atsp,0.800000,219.000000,388.880000,9.603000
files/p43.atsp,0.800000,219.000000,388.506135,9.618037
files/p43.atsp,0.800000,219.000000,388.339450,9.643289
files/p43.atsp,0.800000,219.000000,388.161585,9.666131
files/p43.atsp,0.800000,219.000000,387.823708,9.686356
files/p43.atsp,0.800000,219.000000,388.009091,9.710712
files/p43.atsp,0.800000,219.000000,388.051360,9.733984
files/p43.atsp,0.800000,219.000000,388.087349,9.756601
files/p43.atsp,0.800000,219.000000,387.774775,9.785253
files/p43.atsp,0.800000,219.000000,387.706587,9.814328
files/p43.atsp,0.800000,219.000000,387.701493,9.842580
files/p43.atsp,0.800000,219.000000,387.482143,9.871483
files/p43.atsp,0.800000,219.000000,387.154303,9.895037
files/p43.atsp,0.800000,219.000000,387.213018,9.924291
files/p43.atsp,0.800000,219.000000,386.941003,9.950063
files/p43.atsp,0.800000,219.000000,386.905882,9.976659
files/p43.atsp,0.800000,219.000000,387.126100,9.997930
files/p43.atsp,0.800000,219.000000,387.154971,10.023394
files/p43.atsp,0.800000,219.000000,387.221574,10.053650
files/p43.atsp,0.800000,219.000000,387.049419,10.083357
files/p43.atsp,0.800000,219.000000,386.971014,10.107126
files/p43.atsp,0.800000,219.000000,386.907514,10.132342
files/p43.atsp,0.800000,219.000000,386.795389,10.153695
files/p43.atsp,0.800000,219.000000,386.752874,10.181047
files/p43.atsp,0.800000,219.000000,387.318052,10.206123
files/p43.atsp,0.800000,219.000000,387.477143,10.235133
files/p43.atsp,0.800000,219.000000,387.754986,10.253986
files/p43.atsp,0.800000,219.000000,387.937500,10.287943
files/p43.atsp,0.800000,219.000000,387.759207,10.311054
files/p43.atsp,0.800000,219.000000,387.850282,10.335632
files/p43.atsp,0.800000,219.000000,387.740845,10.362371
files/p43.atsp,0.800000,219.000000,387.918539,10.376085
files/p43.atsp,0.800000,219.000000,388.375350,10.402638
files/p43.atsp,0.800000,219.000000,388.254190,10.421746
files/p43.atsp,0.800000,219.000000,388.183844,10.444392
files/p43.atsp,0.800000,219.000000,388.180556,10.471385
files/p43.atsp,0.800000,219.000000,388.243767,10.496614
files/p43.atsp,0.800000,219.000000,388.215470,10.520545
files/p43.atsp,0.800000,219.000000,388.275482,10.546784
files/p43.atsp,0.800000,219.000000,388.486264,10.566142
files/p43.atsp,0.800000,219.000000,388.073973,10.584787
files/p43.atsp,0.800000,219.000000,387.956284,10.605613
files/p43.atsp,0.800000,219.000000,388.098093,10.616206
files/p43.atsp,0.800000,219.000000,387.945652,10.648143
files/p43.atsp,0.800000,219.000000,388.113821,10.669070
files/p43.atsp,0.800000,219.000000,388.018919,10.688604
files/p43.atsp,0.800000,219.000000,387.948787,10.713784
files/p43.atsp,0.800000,219.000000,388.145161,10.746614
files/p43.atsp,0.800000,219.000000,387.806971,10.762916
files/p43.atsp,0.800000,219.000000,387.893048,10.786568
files/p43.atsp,0.800000,219.000000,388.048000,10.807777
files/p43.atsp,0.800000,219.000000,388.117021,10.828599
files/p43.atsp,0.800000,219.000000,387.822281,10.854346
files/p43.atsp,0.800000,219.000000,387.500000,10.871935
files/p43.atsp,0.800000,219.000000,387.651715,10.891992
files/p43.atsp,0.800000,219.000000,387.576316,10.922253
files/p43.atsp,0.800000,219.000000,387.724409,10.945241
files/p43.atsp,0.800000,219.000000,387.691099,10.967963
files/p43.atsp,0.800000,219.000000,387.503916,10.995911
files/p43.atsp,0.800000,219.000000,387.132812,11.017617
files/p43.atsp,0.800000,219.000000,386.789610,11.041356
files/p43.atsp,0.800000,219.000000,386.968912,11.074640
files/p43.atsp,0.800000,219.000000,387.116279,11.094734
files/p43.atsp,0.800000,219.000000,387.056701,11.111713
files/p43.atsp,0.800000,219.000000,387.233933,11.138376
files/p43.atsp,0.800000,219.000000,387.097436,11.164294
files/p43.atsp,0.800000,219.000000,386.913043,11.187294
files/p43.atsp,0.800000,219.000000,386.859694,11.211330
files/p43.atsp,0.800000,219.000000,387.035623,11.237198
files/p43.atsp,0.800000,219.000000,386.771574,11.257999
files/p43.atsp,0.800000,219.000000,386.448101,11.284881
files/p43.atsp,0.800000,219.000000,386.161616,11.316947
files/p43.atsp,0.800000,219.000000,386.196474,11.343819
files/p43.atsp,0.800000,219.000000,386.211055,11.369231
files/p43.atsp,0.800000,219.000000,385.919799,11.388358
files/p43.atsp,0.800000,219.000000,385.912500,11.415069
files/p43.atsp,0.800000,219.000000,385.705736,11.436460
files/p43.atsp,0.800000,219.000000,385.771144,11.462797
files/p43.atsp,0.800000,219.000000,385.883375,11.485666
files/p43.atsp,0.800000,219.000000,385.725248,11.502112
files/p43.atsp,0.800000,219.000000,385.439506,11.527143
files/p43.atsp,0.800000,219.000000,385.497537,11.554805
files/p43.atsp,0.800000,219.000000,385.444717,11.592005
files/p43.atsp,0.800000,219.000000,385.526961,11.610175
files/p43.atsp,0.800000,219.000000,385.621027,11.635363
files/p43.atsp,0.800000,219.000000,385.621951,11.665522
files/p43.atsp,0.800000,219.000000,385.669100,11.691140
files/p43.atsp,0.800000,219.000000,385.745146,11.713245
files/p43.atsp,0.800000,219.000000,385.796610,11.737687
files/p43.atsp,0.800000,219.000000,385.526570,11.770066
files/p43.atsp,0.800000,219.000000,385.486747,11.791009
files/p43.atsp,0.800000,219.000000,385.682692,11.815288
files/p43.atsp,0.800000,219.000000,385.714628,11.832139
files/p43.atsp,0.800000,219.000000,385.708134,11.852955
files/p43.atsp,0.800000,219.000000,385.498807,11.875107
files/p43.atsp,0.800000,219.000000,385.519048,11.901069
files/p43.atsp,0.800000,219.000000,385.612827,11.926198
files/p43.atsp,0.800000,219.000000,385.758294,11.946416
files/p43.atsp,0.800000,219.000000,385.605201,11.975111
files/p43.atsp,0.800000,219.000000,385.709906,12.002961
files/p43.atsp,0.800000,219.000000,385.536471,12.031008
files/p43.atsp,0.800000,219.000000,385.741784,12.058224
files/p43.atsp,0.800000,219.000000,385.784543,12.086617
files/p43.atsp,0.800000,219.000000,385.623832,12.109830
files/p43.atsp,0.800000,219.000000,385.573427,12.131714
files/p43.atsp,0.800000,219.000000,385.746512,12.153043
files/p43.atsp,0.800000,219.000000,385.939675,12.178347
files/p43.atsp,0.800000,219.000000,386.046296,12.202927
files/p43.atsp,0.800000,219.000000,385.926097,12.223133
files/p43.atsp,0.800000,219.000000,385.923963,12.251087
files/p43.atsp,0.800000,219.000000,386.105747,12.276719
files/p43.atsp,0.800000,219.000000,386.389908,12.305852
files/p43.atsp,0.800000,219.000000,386.491991,12.339720
files/p43.atsp,0.800000,219.000000,386.748858,12.362635
files/p43.atsp,0.800000,219.000000,386.685649,12.380791
files/p43.atsp,0.800000,219.000000,386.479545,12.408373
files/p43.atsp,0.800000,219.000000,386.369615,12.431230
files/p43.atsp,0.800000,219.000000,386.531674,12.454668
files/p43.atsp,0.800000,219.000000,386.584650,12.475807
files/p43.atsp,0.800000,219.000000,386.231982,12.493699
files/p43.atsp,0.800000,219.000000,386.339326,12.513418
files/p43.atsp,0.800000,219.000000,386.044843,12.529442
files/p43.atsp,0.800000,219.000000,386.268456,12.553467
files/p43.atsp,0.800000,219.000000,386.245536,12.571561
files/p43.atsp,0.800000,219.000000,385.979955,12.593998
files/p43.atsp,0.800000,219.000000,385.860000,12.624546
files/p43.atsp,0.800000,219.000000,385.960089,12.650293
files/p43.atsp,0.800000,219.000000,386.258850,12.673626
files/p43.atsp,0.800000,219.000000,386.426049,12.690015
files/p43.atsp,0.800000,219.000000,386.367841,12.719356
files/p43.atsp,0.800000,219.000000,386.320879,12.747513
files/p43.atsp,0.800000,219.000000,386.298246,12.770848
files/p43.atsp,0.800000,219.000000,386.293217,12.798236
files/p43.atsp,0.800000,219.000000,386.240175,12.821342
files/p43.atsp,0.800000,219.000000,386.045752,12.837592
files/p43.atsp,0.800000,219.000000,386.160870,12.861323
files/p43.atsp,0.800000,219.000000,386.186551,12.886231
files/p43.atsp,0.800000,219.000000,386.051948,12.913499
files/p43.atsp,0.800000,219.000000,385.902808,12.933648
files/p43.atsp,0.800000,219.000000,385.646552,12.960864
files/p43.atsp,0.800000,219.000000,385.789247,12.977382
files/p43.atsp,0.800000,219.000000,386.072961,12.998481
files/p43.atsp,0.800000,219.000000,385.961456,13.028594
files/p43.atsp,0.800000,219.000000,385.743590,13.049747
files/p43.atsp,0.800000,219.000000,385.863539,13.073005
files/p43.atsp,0.800000,219.000000,385.614894,13.096257
files/p43.atsp,0.800000,219.000000,385.777070,13.118377
files/p43.atsp,0.800000,219.000000,385.576271,13.150376
files/p43.atsp,0.800000,219.000000,385.374207,13.169320
files/p43.atsp,0.800000,219.000000,385.455696,13.188786
files/p43.atsp,0.800000,219.000000,385.164211,13.212339
files/p43.atsp,0.800000,219.000000,385.073529,13.238459
files/p43.atsp,0.800000,219.000000,385.085954,13.262927
files/p43.atsp,0.800000,219.000000,385.144351,13.289582
files/p43.atsp,0.800000,219.000000,385.323591,13.322292
files/p43.atsp,0.800000,219.000000,385.341667,13.342702
files/p43.atsp,0.800000,219.000000,385.465696,13.365105
files/p43.atsp,0.800000,219.000000,385.365145,13.388974
files/p43.atsp,0.800000,219.000000,385.188406,13.407365
files/p43.atsp,0.800000,219.000000,385.103306,13.421842
files/p43.atsp,0.800000,219.000000,384.880412,13.441099
files/p43.atsp,0.800000,219.000000,385.028807,13.470153
files/p43.atsp,0.800000,219.000000,385.067762,13.493607
files/p43.atsp,0.800000,219.000000,384.932377,13.521510
files/p43.atsp,0.800000,219.000000,385.030675,13.540966
files/p43.atsp,0.800000,219.000000,384.981633,13.566536
files/p43.atsp,0.800000,219.000000,384.887984,13.590113
files/p43.atsp,0.800000,219.000000,384.898374,13.619031
files/p43.atsp,0.800000,219.000000,384.817444,13.641852
files/p43.atsp,0.800000,219.000000,384.659919,13.656098
files/p43.atsp,0.800000,219.000000,384.472727,13.677022
files/p43.atsp,0.800000,219.000000,384.514113,13.703964
files/p43.atsp,0.800000,219.000000,384.364185,13.728186
files/p43.atsp,0.800000,219.000000,384.309237,13.745524
files/p43.atsp,0.800000,219.000000,384.410822,13.769695
files/p43.atsp,0.800000,219.000000,384.494000,13.785153
files/p43.atsp,0.800000,219.000000,384.656687,13.808703
files/p43.atsp,0.800000,219.000000,384.500000,13.842647
files/p43.atsp,0.800000,219.000000,384.335984,13.864998
files/p43.atsp,0.800000,219.000000,384.384921,13.887142
files/p43.atsp,0.800000,219.000000,384.201980,13.910108
files/p43.atsp,0.800000,219.000000,384.250988,13.929664
files/p43.atsp,0.800000,219.000000,384.090730,13.951656
files/p43.atsp,0.800000,219.000000,383.937008,13.981943
files/p43.atsp,0.800000,219.000000,383.925344,14.009616
files/p43.atsp,0.800000,219.000000,384.096078,14.031958
files/p43.atsp,0.800000,219.000000,384.109589,14.048158
files/p43.atsp,0.800000,219.000000,384.265625,14.070000
files/p43.atsp,0.800000,219.000000,384.311891,14.093744
files/p43.atsp,0.800000,219.000000,384.464981,14.122022
files/p43.atsp,0.800000,219.000000,384.601942,14.143072
files/p43.atsp,0.800000,219.000000,384.408915,14.161817
files/p43.atsp,0.800000,219.000000,384.624758,14.185017
files/p43.atsp,0.800000,219.000000,384.544402,14.218252
files/p43.atsp,0.800000,219.000000,384.714836,14.238931
files/p43.atsp,0.800000,219.000000,384.786538,14.271149
files/p43.atsp,0.800000,219.000000,384.886756,14.285513
files/p43.atsp,0.800000,219.000000,384.961686,14.319517
files/p43.atsp,0.800000,219.000000,385.195029,14.344928
files/p43.atsp,0.800000,219.000000,385.232824,14.368090
files/p43.atsp,0.800000,219.000000,384.990476,14.389960
files/p43.atsp,0.800000,219.000000,384.895437,14.409661
files/p43.atsp,0.800000,219.000000,384.965844,14.434949
files/p43.atsp,0.800000,219.000000,384.977273,14.458743
files/p43.atsp,0.800000,219.000000,385.090737,14.482708
files/p43.atsp,0.800000,219.000000,385.366038,14.502939
files/p43.atsp,0.800000,219.000000,385.282486,14.529390
files/p43.atsp,0.800000,219.000000,385.325188,14.551633
files/p43.atsp,0.800000,219.000000,385.504690,14.584159
files/p43.atsp,0.800000,219.000000,385.470037,14.609898
files/p43.atsp,0.800000,219.000000,385.650467,14.638414
files/p43.atsp,0.800000,219.000000,385.708955,14.660810
files/p43.atsp,0.800000,219.000000,385.532588,14.685183
files/p43.atsp,0.800000,219.000000,385.581784,14.703402
files/p43.atsp,0.800000,219.000000,385.525046,14.736200
files/p43.atsp,0.800000,219.000000,385.581481,14.757808
files/p43.atsp,0.800000,219.000000,385.451017,14.781473
files/p43.atsp,0.800000,219.000000,385.260148,14.803978
files/p43.atsp,0.800000,219.000000,385.217311,14.827543
files/p43.atsp,0.800000,219.000000,385.402574,14.841722
files/p43.atsp,0.800000,219.000000,385.645872,14.861868
files/p43.atsp,0.800000,219.000000,385.474359,14.885529
files/p43.atsp,0.800000,219.000000,385.405850,14.911522
files/p43.atsp,0.800000,219.000000,385.187956,14.942926
files/p43.atsp,0.800000,219.000000,385.369763,14.963823
files/p43.atsp,0.800000,219.000000,385.192727,14.991868
files/p43.atsp,0.800000,219.000000,385.128857,15.012583
files/p43.atsp,0.800000,219.000000,385.038043,15.029210
files/p43.atsp,0.800000,219.000000,385.092224,15.050828
files/p43.atsp,0.800000,219.000000,385.077617,15.076102
files/p43.atsp,0.800000,219.000000,385.012613,15.099805
files/p43.atsp,0.800000,219.000000,384.973022,15.132421
files/p43.atsp,0.800000,219.000000,384.921005,15.154977
files/p43.atsp,0.800000,219.000000,384.783154,15.176194
files/p43.atsp,0.800000,219.000000,384.871199,15.210057
files/p43.atsp,0.800000,219.000000,385.057143,15.229983
files/p43.atsp,0.800000,219.000000,384.819964,15.252592
files/p43.atsp,0.800000,219.000000,384.991103,15.278561
files/p43.atsp,0.800000,219.000000,384.900533,15.296043
files/p43.atsp,0.800000,219.000000,384.845745,15.322958
files/p43.atsp,0.800000,219.000000,384.837168,15.341581
files/p43.atsp,0.800000,219.000000,384.699647,15.361978
files/p43.atsp,0.800000,219.000000,384.708995,15.388373
files/p43.atsp,0.800000,219.000000,384.669014,15.412840
files/p43.atsp,0.800000,219.000000,384.667838,15.433678
files/p43.atsp,0.800000,219.000000,384.394737,15.456312
files/p43.atsp,0.800000,219.000000,384.204904,15.469327
files/p43.atsp,0.800000,219.000000,384.277972,15.489332
files/p43.atsp,0.800000,219.000000,384.291449,15.513380
files/p43.atsp,0.800000,219.000000,384.289199,15.532208
files/p43.atsp,0.800000,219.000000,384.436522,15.553764
files/p43.atsp,0.800000,219.000000,384.562500,15.576820
files/p43.atsp,0.800000,219.000000,384.504333,15.595244
files/p43.atsp,0.800000,219.000000,384.899654,15.614334
files/p43.atsp,0.800000,219.000000,384.901554,15.639729
files/p43.atsp,0.800000,219.000000,384.727586,15.666642
files/p43.atsp,0.800000,219.000000,384.905336,15.697746
files/p43.atsp,0.800000,219.000000,384.850515,15.719267
files/p43.atsp,0.800000,219.000000,384.728988,15.732515
files/p43.atsp,0.800000,219.000000,384.674658,15.758327
