files/p43.atsp,0.900000,359.000000,359.000000,0.025232
files/p43.atsp,0.900000,359.000000,397.500000,0.044009
files/p43.atsp,0.900000,359.000000,396.000000,0.076549
files/p43.atsp,0.900000,359.000000,1711.500000,0.079613
files/p43.atsp,0.900000,359.000000,1441.400000,0.101201
files/p43.atsp,0.900000,320.000000,1254.500000,0.128952
files/p43.atsp,0.900000,320.000000,1131.571429,0.158181
files/p43.atsp,0.900000,320.000000,1703.750000,0.171780
files/p43.atsp,0.900000,320.000000,2137.555556,0.175520
files/p43.atsp,0.900000,320.000000,2477.000000,0.178157
files/p43.atsp,0.900000,320.000000,2289.636364,0.201315
files/p43.atsp,0.900000,320.000000,2130.166667,0.227995
files/p43.atsp,0.900000,320.000000,2401.769231,0.231113
files/p43.atsp,0.900000,320.000000,2265.785714,0.249416
files/p43.atsp,0.900000,320.000000,2142.133333,0.266523
files/p43.atsp,0.900000,320.000000,2366.625000,0.275863
files/p43.atsp,0.900000,320.000000,2562.941176,0.289595
files/p43.atsp,0.900000,320.000000,2448.333333,0.322200
files/p43.atsp,0.900000,320.000000,2343.736842,0.349493
files/p43.atsp,0.900000,320.000000,2247.000000,0.371722
files/p43.atsp,0.900000,320.000000,2402.095238,0.374610
files/p43.atsp,0.900000,320.000000,2316.909091,0.410708
files/p43.atsp,0.900000,320.000000,2468.173913,0.415172
files/p43.atsp,0.900000,228.000000,2374.833333,0.440012
files/p43.atsp,0.900000,228.000000,2297.280000,0.460865
files/p43.atsp,0.900000,228.000000,2426.576923,0.471824
files/p43.atsp,0.900000,228.000000,2552.814815,0.486783
files/p43.atsp,0.900000,228.000000,2477.428571,0.510027
files/p43.atsp,0.900000,228.000000,2592.551724,0.524264
files/p43.atsp,0.900000,228.000000,2521.300000,0.548413
files/p43.atsp,0.900000,228.000000,2619.741935,0.555654
files/p43.atsp,0.900000,228.000000,2709.875000,0.559326
files/p43.atsp,0.900000,228.000000,2797.666667,0.572385
files/p43.atsp,0.900000,228.000000,2885.588235,0.590221
files/p43.atsp,0.900000,228.000000,2814.228571,0.622722
files/p43.atsp,0.900000,228.000000,2897.611111,0.624382
files/p43.atsp,0.900000,228.000000,2831.486486,0.651445
files/p43.atsp,0.900000,228.000000,2906.447368,0.658904
files/p43.atsp,0.900000,228.000000,2840.923077,0.683941
files/p43.atsp,0.900000,228.000000,2780.775000,0.709048
files/p43.atsp,0.900000,228.000000,2849.243902,0.712798
files/p43.atsp,0.900000,228.000000,2791.142857,0.730731
files/p43.atsp,0.900000,228.000000,2857.372093,0.742404
files/p43.atsp,0.900000,228.000000,2803.136364,0.771980
files/p43.atsp,0.900000,228.000000,2748.355556,0.801501
files/p43.atsp,0.900000,228.000000,2698.000000,0.828236
files/p43.atsp,0.900000,228.000000,2647.127660,0.858267
files/p43.atsp,0.900000,228.000000,2601.000000,0.879102
files/p43.atsp,0.900000,228.000000,2555.693878,0.902847
files/p43.atsp,0.900000,228.000000,2514.480000,0.929640
files/p43.atsp,0.900000,228.000000,2473.313725,0.949184
files/p43.atsp,0.900000,228.000000,2432.500000,0.983339
files/p43.atsp,0.900000,228.000000,2395.471698,0.998186
files/p43.atsp,0.900000,228.000000,2357.814815,1.021951
files/p43.atsp,0.900000,228.000000,2320.945455,1.047276
files/p43.atsp,0.900000,228.000000,2285.035714,1.066962
files/p43.atsp,0.900000,228.000000,2252.157895,1.088209
files/p43.atsp,0.900000,228.000000,2221.586207,1.116631
files/p43.atsp,0.900000,228.000000,2189.186441,1.138111
files/p43.atsp,0.900000,228.000000,2158.266667,1.161909
files/p43.atsp,0.900000,228.000000,2127.967213,1.193909
files/p43.atsp,0.900000,228.000000,2099.080645,1.225247
files/p43.atsp,0.900000,228.000000,2156.571429,1.243748
files/p43.atsp,0.900000,228.000000,2129.968750,1.259749
files/p43.atsp,0.900000,228.000000,2103.338462,1.292161
files/p43.atsp,0.900000,228.000000,2157.636364,1.296834
files/p43.atsp,0.900000,228.000000,2130.850746,1.320947
files/p43.atsp,0.900000,228.000000,2105.764706,1.339093
files/p43.atsp,0.900000,228.000000,2156.855072,1.354297
files/p43.atsp,0.900000,228.000000,2207.042857,1.360478
files/p43.atsp,0.900000,228.000000,2256.887324,1.371371
files/p43.atsp,0.900000,228.000000,2231.152778,1.395936
files/p43.atsp,0.900000,228.000000,2205.616438,1.414141
files/p43.atsp,0.900000,228.000000,2181.918919,1.441404
files/p43.atsp,0.900000,228.000000,2230.333333,1.458586
files/p43.atsp,0.900000,228.000000,2275.355263,1.474001
files/p43.atsp,0.900000,228.000000,2251.545455,1.500617
files/p43.atsp,0.900000,228.000000,2227.012821,1.527225
files/p43.atsp,0.900000,228.000000,2202.683544,1.561312
files/p43.atsp,0.900000,228.000000,2179.912500,1.585163
files/p43.atsp,0.900000,228.000000,2224.592593,1.599686
files/p43.atsp,0.900000,228.000000,2203.146341,1.632214
files/p43.atsp,0.900000,228.000000,2181.132530,1.650243
files/p43.atsp,0.900000,228.000000,2223.738095,1.673590
files/p43.atsp,0.900000,228.000000,2265.152941,1.676908
files/p43.atsp,0.900000,228.000000,2242.848837,1.699302
files/p43.atsp,0.900000,228.000000,2221.344828,1.720793
files/p43.atsp,0.900000,228.000000,2200.556818,1.741869
files/p43.atsp,0.900000,228.000000,2180.674157,1.767069
files/p43.atsp,0.900000,228.000000,2160.844444,1.788817
files/p43.atsp,0.900000,228.000000,2141.615385,1.813844
files/p43.atsp,0.900000,228.000000,2178.771739,1.815992
files/p43.atsp,0.900000,228.000000,2216.000000,1.822244
files/p43.atsp,0.900000,228.000000,2253.680851,1.843772
files/p43.atsp,0.900000,228.000000,2233.873684,1.873632
files/p43.atsp,0.900000,228.000000,2214.947917,1.895035
files/p43.atsp,0.900000,228.000000,2196.030928,1.917575
files/p43.atsp,0.900000,228.000000,2177.408163,1.941037
files/p43.atsp,0.900000,228.000000,2212.797980,1.955841
files/p43.atsp,0.900000,228.000000,2193.980000,1.976424
files/p43.atsp,0.900000,228.000000,2174.930693,2.004652
files/p43.atsp,0.900000,228.000000,2157.186275,2.026575
files/p43.atsp,0.900000,228.000000,2139.631068,2.058059
files/p43.atsp,0.900000,228.000000,2173.182692,2.063625
files/p43.atsp,0.900000,228.000000,2156.285714,2.088291
files/p43.atsp,0.900000,228.000000,2140.471698,2.115672
files/p43.atsp,0.900000,228.000000,2173.878505,2.122915
files/p43.atsp,0.900000,228.000000,2157.462963,2.141568
files/p43.atsp,0.900000,228.000000,2140.605505,2.165040
files/p43.atsp,0.900000,228.000000,2172.372727,2.188696
files/p43.atsp,0.900000,228.000000,2203.747748,2.192641
files/p43.atsp,0.900000,228.000000,2188.821429,2.214072
files/p43.atsp,0.900000,215.000000,2171.353982,2.234793
files/p43.atsp,0.900000,215.000000,2155.763158,2.258613
files/p43.atsp,0.900000,215.000000,2140.208696,2.282480
files/p43.atsp,0.900000,215.000000,2124.500000,2.305080
files/p43.atsp,0.900000,215.000000,2109.735043,2.330647
files/p43.atsp,0.900000,215.000000,2094.932203,2.357287
files/p43.atsp,0.900000,215.000000,2081.008403,2.375696
files/p43.atsp,0.900000,215.000000,2066.341667,2.393324
files/p43.atsp,0.900000,215.000000,2051.768595,2.415881
files/p43.atsp,0.900000,215.000000,2080.991803,2.425817
files/p43.atsp,0.900000,215.000000,2067.008130,2.497097
files/p43.atsp,0.900000,215.000000,2052.693548,2.530520
files/p43.atsp,0.900000,215.000000,2039.328000,2.570207
files/p43.atsp,0.900000,215.000000,2068.833333,2.581509
files/p43.atsp,0.900000,215.000000,2055.448819,2.641651
files/p43.atsp,0.900000,215.000000,2043.375000,2.679508
files/p43.atsp,0.900000,215.000000,2029.930233,2.716570
files/p43.atsp,0.900000,215.000000,2017.430769,2.746025
files/p43.atsp,0.900000,215.000000,2004.587786,2.768963
files/p43.atsp,0.900000,215.000000,1992.030303,2.814344
files/p43.atsp,0.900000,215.000000,1979.533835,2.867218
files/p43.atsp,0.900000,215.000000,1968.000000,2.908044
files/p43.atsp,0.900000,215.000000,1995.607407,2.916810
files/p43.atsp,0.900000,215.000000,1984.066176,2.958409
files/p43.atsp,0.900000,215.000000,1972.715328,3.001002
files/p43.atsp,0.900000,215.000000,1961.072464,3.057695
files/p43.atsp,0.900000,215.000000,1987.244604,3.061931
files/p43.atsp,0.900000,215.000000,1976.342857,3.111981
files/p43.atsp,0.900000,215.000000,1965.347518,3.139146
files/p43.atsp,0.900000,215.000000,1991.556338,3.170982
files/p43.atsp,0.900000,215.000000,1979.650350,3.220439
files/p43.atsp,0.900000,215.000000,1967.840278,3.257986
files/p43.atsp,0.900000,215.000000,1992.613793,3.262313
files/p43.atsp,0.900000,215.000000,1981.780822,3.319751
files/p43.atsp,0.900000,215.000000,1970.748299,3.344048
files/p43.atsp,0.900000,215.000000,1960.081081,3.375081
files/p43.atsp,0.900000,215.000000,1985.885906,3.416573
files/p43.atsp,0.900000,215.000000,1975.560000,3.458746
files/p43.atsp,0.900000,215.000000,1964.801325,3.479976
files/p43.atsp,0.900000,215.000000,1954.375000,3.514460
files/p43.atsp,0.900000,215.000000,1944.980392,3.547280
files/p43.atsp,0.900000,215.000000,1935.831169,3.587895
files/p43.atsp,0.900000,215.000000,1925.935484,3.626559
files/p43.atsp,0.900000,215.000000,1915.884615,3.674174
files/p43.atsp,0.900000,215.000000,1939.764331,3.692664
files/p43.atsp,0.900000,215.000000,1930.031646,3.730245
files/p43.atsp,0.900000,215.000000,1954.471698,3.757369
files/p43.atsp,0.900000,215.000000,1978.100000,3.769885
files/p43.atsp,0.900000,215.000000,1968.496894,3.804651
files/p43.atsp,0.900000,215.000000,1958.827160,3.836199
files/p43.atsp,0.900000,215.000000,1981.582822,3.845779
files/p43.atsp,0.900000,215.000000,1972.109756,3.881791
files/p43.atsp,0.900000,215.000000,1962.393939,3.916091
files/p43.atsp,0.900000,215.000000,1952.873494,3.957330
files/p43.atsp,0.900000,215.000000,1943.646707,4.008333
files/p43.atsp,0.900000,215.000000,1933.797619,4.041246
files/p43.atsp,0.900000,215.000000,1924.171598,4.082242
files/p43.atsp,0.900000,215.000000,1945.805882,4.087294
files/p43.atsp,0.900000,215.000000,1936.795322,4.138374
files/p43.atsp,0.900000,215.000000,1957.790698,4.142687
files/p43.atsp,0.900000,215.000000,1948.583815,4.189594
files/p43.atsp,0.900000,215.000000,1939.718391,4.224012
files/p43.atsp,0.900000,215.000000,1930.817143,4.261265
files/p43.atsp,0.900000,215.000000,1952.386364,4.299640
files/p43.atsp,0.900000,215.000000,1943.649718,4.338872
files/p43.atsp,0.900000,215.000000,1935.668539,4.379959
files/p43.atsp,0.900000,215.000000,1926.776536,4.434624
files/p43.atsp,0.900000,215.000000,1917.905556,4.471495
files/p43.atsp,0.900000,215.000000,1939.314917,4.496366
files/p43.atsp,0.900000,215.000000,1959.208791,4.501122
files/p43.atsp,0.900000,215.000000,1980.049180,4.530309
files/p43.atsp,0.900000,215.000000,2000.793478,4.533185
files/p43.atsp,0.900000,215.000000,1992.162162,4.555930
files/p43.atsp,0.900000,215.000000,1983.854839,4.577487
files/p43.atsp,0.900000,215.000000,1975.320856,4.599433
files/p43.atsp,0.900000,215.000000,1966.425532,4.622044
files/p43.atsp,0.900000,215.000000,1957.814815,4.655932
files/p43.atsp,0.900000,215.000000,1949.726316,4.680377
files/p43.atsp,0.900000,215.000000,1941.837696,4.704818
files/p43.atsp,0.900000,215.000000,1934.125000,4.723075
files/p43.atsp,0.900000,215.000000,1953.461140,4.743161
files/p43.atsp,0.900000,215.000000,1945.139175,4.776718
files/p43.atsp,0.900000,215.000000,1963.984615,4.781177
files/p43.atsp,0.900000,215.000000,1983.734694,4.802068
files/p43.atsp,0.900000,215.000000,1974.893401,4.824185
files/p43.atsp,0.900000,215.000000,1967.161616,4.849783
files/p43.atsp,0.900000,215.000000,1959.613065,4.878625
files/p43.atsp,0.900000,215.000000,1951.490000,4.893752
files/p43.atsp,0.900000,215.000000,1943.796020,4.921766
files/p43.atsp,0.900000,215.000000,1936.103960,4.940848
files/p43.atsp,0.900000,215.000000,1954.832512,4.954326
files/p43.atsp,0.900000,215.000000,1973.274510,4.981545
files/p43.atsp,0.900000,215.000000,1965.697561,5.009232
files/p43.atsp,0.900000,215.000000,1957.723301,5.030500
files/p43.atsp,0.900000,215.000000,1950.193237,5.050138
files/p43.atsp,0.900000,215.000000,1942.620192,5.072854
files/p43.atsp,0.900000,215.000000,1935.004785,5.104889
files/p43.atsp,0.900000,215.000000,1928.066667,5.126888
files/p43.atsp,0.900000,215.000000,1920.364929,5.158865
files/p43.atsp,0.900000,215.000000,1938.589623,5.169183
files/p43.atsp,0.900000,215.000000,1931.549296,5.190709
files/p43.atsp,0.900000,215.000000,1948.742991,5.209759
files/p43.atsp,0.900000,215.000000,1941.423256,5.235630
files/p43.atsp,0.900000,215.000000,1934.171296,5.262086
files/p43.atsp,0.900000,215.000000,1926.483871,5.285791
files/p43.atsp,0.900000,215.000000,1919.417431,5.305563
files/p43.atsp,0.900000,215.000000,1936.584475,5.311385
files/p43.atsp,0.900000,215.000000,1953.500000,5.330000
files/p43.atsp,0.900000,215.000000,1946.692308,5.347592
files/p43.atsp,0.900000,215.000000,1939.621622,5.369238
files/p43.atsp,0.900000,215.000000,1932.497758,5.400039
files/p43.atsp,0.900000,215.000000,1925.629464,5.414580
files/p43.atsp,0.900000,215.000000,1941.533333,5.417732
files/p43.atsp,0.900000,215.000000,1935.163717,5.438631
files/p43.atsp,0.900000,215.000000,1951.568282,5.464836
files/p43.atsp,0.900000,215.000000,1945.469298,5.483675
files/p43.atsp,0.900000,215.000000,1938.532751,5.517877
files/p43.atsp,0.900000,215.000000,1931.373913,5.539444
files/p43.atsp,0.900000,215.000000,1924.380952,5.562845
files/p43.atsp,0.900000,215.000000,1941.568966,5.565700
files/p43.atsp,0.900000,215.000000,1935.197425,5.588621
files/p43.atsp,0.900000,215.000000,1951.722222,5.592365
files/p43.atsp,0.900000,215.000000,1944.902128,5.612417
files/p43.atsp,0.900000,215.000000,1960.220339,5.614828
files/p43.atsp,0.900000,215.000000,1975.974684,5.627557
files/p43.atsp,0.900000,215.000000,1969.878151,5.653130
files/p43.atsp,0.900000,215.000000,1985.602510,5.660088
files/p43.atsp,0.900000,215.000000,1978.475000,5.685094
files/p43.atsp,0.900000,215.000000,1971.502075,5.709868
files/p43.atsp,0.900000,215.000000,1964.913223,5.734240
files/p43.atsp,0.900000,215.000000,1958.572016,5.756606
files/p43.atsp,0.900000,215.000000,1952.532787,5.783764
files/p43.atsp,0.900000,215.000000,1945.942857,5.804117
files/p43.atsp,0.900000,215.000000,1939.520325,5.832278
files/p43.atsp,0.900000,215.000000,1933.295547,5.850675
files/p43.atsp,0.900000,215.000000,1948.302419,5.854466
files/p43.atsp,0.900000,215.000000,1942.160643,5.879221
files/p43.atsp,0.900000,215.000000,1936.016000,5.895049
files/p43.atsp,0.900000,215.000000,1951.215139,5.902485
files/p43.atsp,0.900000,215.000000,1966.115079,5.906232
files/p43.atsp,0.900000,215.000000,1959.490119,5.931643
files/p43.atsp,0.900000,215.000000,1953.153543,5.950943
files/p43.atsp,0.900000,215.000000,1947.231373,5.971999
files/p43.atsp,0.900000,215.000000,1941.261719,5.991991
files/p43.atsp,0.900000,215.000000,1934.937743,6.018384
files/p43.atsp,0.900000,215.000000,1929.492248,6.040388
files/p43.atsp,0.900000,215.000000,1923.328185,6.062144
files/p43.atsp,0.900000,215.000000,1916.976923,6.084069
files/p43.atsp,0.900000,215.000000,1910.923372,6.113624
files/p43.atsp,0.900000,215.000000,1904.908397,6.140978
files/p43.atsp,0.900000,215.000000,1899.258555,6.171490
files/p43.atsp,0.900000,215.000000,1893.719697,6.190622
files/p43.atsp,0.900000,215.000000,1887.939623,6.210417
files/p43.atsp,0.900000,215.000000,1902.345865,6.221373
files/p43.atsp,0.900000,215.000000,1896.494382,6.251874
files/p43.atsp,0.900000,215.000000,1910.973881,6.276251
files/p43.atsp,0.900000,215.000000,1905.022305,6.305908
files/p43.atsp,0.900000,215.000000,1899.511111,6.327949
files/p43.atsp,0.900000,215.000000,1913.062731,6.330421
files/p43.atsp,0.900000,215.000000,1907.477941,6.346729
files/p43.atsp,0.900000,215.000000,1921.549451,6.351150
files/p43.atsp,0.900000,215.000000,1916.430657,6.374221
files/p43.atsp,0.900000,215.000000,1911.112727,6.400393
files/p43.atsp,0.900000,215.000000,1905.547101,6.435393
files/p43.atsp,0.900000,215.000000,1919.548736,6.451746
files/p43.atsp,0.900000,215.000000,1914.212230,6.481731
files/p43.atsp,0.900000,215.000000,1928.311828,6.506376
files/p43.atsp,0.900000,193.000000,1922.114286,6.526600
files/p43.atsp,0.900000,193.000000,1916.195730,6.557668
files/p43.atsp,0.900000,193.000000,1911.134752,6.590461
files/p43.atsp,0.900000,193.000000,1924.452297,6.595616
files/p43.atsp,0.900000,193.000000,1918.757042,6.626464
files/p43.atsp,0.900000,193.000000,1912.982456,6.657786
files/p43.atsp,0.900000,193.000000,1907.500000,6.690954
files/p43.atsp,0.900000,193.000000,1902.146341,6.718860
files/p43.atsp,0.900000,193.000000,1915.760417,6.732568
files/p43.atsp,0.900000,193.000000,1928.878893,6.751761
files/p43.atsp,0.900000,193.000000,1941.779310,6.772448
files/p43.atsp,0.900000,193.000000,1954.786942,6.783697
files/p43.atsp,0.900000,193.000000,1967.722603,6.795975
files/p43.atsp,0.900000,193.000000,1980.757679,6.823920
files/p43.atsp,0.900000,193.000000,1975.010204,6.846131
files/p43.atsp,0.900000,193.000000,1969.162712,6.863748
files/p43.atsp,0.900000,193.000000,1963.885135,6.888562
files/p43.atsp,0.900000,193.000000,1976.542088,6.896464
files/p43.atsp,0.900000,193.000000,1971.036913,6.924605
files/p43.atsp,0.900000,193.000000,1983.729097,6.926478
files/p43.atsp,0.900000,193.000000,1996.516667,6.938070
files/p43.atsp,0.900000,193.000000,1991.637874,6.967311
files/p43.atsp,0.900000,193.000000,1986.327815,6.987728
files/p43.atsp,0.900000,193.000000,1980.937294,7.004984
files/p43.atsp,0.900000,193.000000,1975.407895,7.023849
files/p43.atsp,0.900000,193.000000,1970.163934,7.045900
files/p43.atsp,0.900000,193.000000,1965.225490,7.073623
files/p43.atsp,0.900000,193.000000,1959.951140,7.098395
files/p43.atsp,0.900000,193.000000,1971.840909,7.102381
files/p43.atsp,0.900000,193.000000,1966.873786,7.124685
files/p43.atsp,0.900000,193.000000,1978.919355,7.132899
files/p43.atsp,0.900000,193.000000,1973.627010,7.152611
files/p43.atsp,0.900000,193.000000,1968.506410,7.172586
files/p43.atsp,0.900000,193.000000,1980.658147,7.198143
files/p43.atsp,0.900000,193.000000,1992.735669,7.217694
files/p43.atsp,0.900000,193.000000,1987.809524,7.237188
files/p43.atsp,0.900000,193.000000,1983.044304,7.261246
files/p43.atsp,0.900000,193.000000,1978.028391,7.284869
files/p43.atsp,0.900000,193.000000,1973.150943,7.307542
files/p43.atsp,0.900000,193.000000,1968.122257,7.337599
files/p43.atsp,0.900000,193.000000,1963.134375,7.358364
files/p43.atsp,0.900000,193.000000,1958.065421,7.385841
files/p43.atsp,0.900000,193.000000,1953.822981,7.410482
files/p43.atsp,0.900000,193.000000,1948.826625,7.428719
files/p43.atsp,0.900000,193.000000,1944.234568,7.459535
files/p43.atsp,0.900000,193.000000,1955.523077,7.466563
files/p43.atsp,0.900000,193.000000,1950.263804,7.484816
files/p43.atsp,0.900000,193.000000,1945.960245,7.503422
files/p43.atsp,0.900000,193.000000,1941.314024,7.522475
files/p43.atsp,0.900000,193.000000,1952.227964,7.525381
files/p43.atsp,0.900000,193.000000,1963.672727,7.540561
files/p43.atsp,0.900000,193.000000,1975.114804,7.544327
files/p43.atsp,0.900000,193.000000,1970.394578,7.568345
files/p43.atsp,0.900000,193.000000,1965.501502,7.596257
files/p43.atsp,0.900000,193.000000,1976.502994,7.599788
files/p43.atsp,0.900000,193.000000,1987.779104,7.609200
files/p43.atsp,0.900000,193.000000,1999.014881,7.616409
files/p43.atsp,0.900000,193.000000,1994.100890,7.642574
files/p43.atsp,0.900000,193.000000,1989.591716,7.668253
files/p43.atsp,0.900000,193.000000,1984.799410,7.697125
files/p43.atsp,0.900000,193.000000,1980.008824,7.721402
files/p43.atsp,0.900000,193.000000,1975.480938,7.739379
files/p43.atsp,0.900000,193.000000,1970.707602,7.763540
files/p43.atsp,0.900000,193.000000,1966.183673,7.787721
files/p43.atsp,0.900000,193.000000,1961.863372,7.810379
files/p43.atsp,0.900000,193.000000,1957.591304,7.831421
files/p43.atsp,0.900000,193.000000,1952.843931,7.867641
files/p43.atsp,0.900000,193.000000,1963.832853,7.873114
files/p43.atsp,0.900000,193.000000,1974.488506,7.877638
files/p43.atsp,0.900000,193.000000,1969.744986,7.900352
files/p43.atsp,0.900000,193.000000,1965.194286,7.916722
files/p43.atsp,0.900000,193.000000,1975.612536,7.921414
files/p43.atsp,0.900000,193.000000,1971.420455,7.954795
files/p43.atsp,0.900000,193.000000,1966.977337,7.981438
files/p43.atsp,0.900000,193.000000,1962.909605,8.012355
files/p43.atsp,0.900000,193.000000,1973.118310,8.017996
files/p43.atsp,0.900000,193.000000,1983.744382,8.022609
files/p43.atsp,0.900000,193.000000,1979.072829,8.039339
files/p43.atsp,0.900000,193.000000,1989.837989,8.059438
files/p43.atsp,0.900000,193.000000,1999.860724,8.062417
files/p43.atsp,0.900000,193.000000,1995.111111,8.087415
files/p43.atsp,0.900000,193.000000,1990.720222,8.113011
files/p43.atsp,0.900000,193.000000,1986.364641,8.145976
files/p43.atsp,0.900000,193.000000,1981.947658,8.165646
files/p43.atsp,0.900000,193.000000,1977.313187,8.192470
files/p43.atsp,0.900000,193.000000,1972.849315,8.217757
files/p43.atsp,0.900000,193.000000,1968.486339,8.239687
files/p43.atsp,0.900000,193.000000,1964.049046,8.270785
files/p43.atsp,0.900000,193.000000,1959.570652,8.306500
files/p43.atsp,0.900000,193.000000,1955.355014,8.336384
files/p43.atsp,0.900000,193.000000,1951.254054,8.365539
files/p43.atsp,0.900000,193.000000,1947.150943,8.384648
files/p43.atsp,0.900000,193.000000,1942.594086,8.423000
files/p43.atsp,0.900000,193.000000,1938.541555,8.450582
files/p43.atsp,0.900000,193.000000,1948.149733,8.453369
files/p43.atsp,0.900000,193.000000,1958.138667,8.455508
files/p43.atsp,0.900000,193.000000,1954.071809,8.498067
files/p43.atsp,0.900000,193.000000,1949.877984,8.520449
files/p43.atsp,0.900000,193.000000,1945.756614,8.559672
files/p43.atsp,0.900000,193.000000,1955.952507,8.578258
files/p43.atsp,0.900000,193.000000,1951.565789,8.607009
files/p43.atsp,0.900000,193.000000,1947.330709,8.630255
files/p43.atsp,0.900000,193.000000,1957.136126,8.632414
files/p43.atsp,0.900000,193.000000,1966.616188,8.634354
files/p43.atsp,0.900000,193.000000,1976.763021,8.660792
files/p43.atsp,0.900000,193.000000,1972.711688,8.694245
files/p43.atsp,0.900000,193.000000,1968.997409,8.719858
files/p43.atsp,0.900000,193.000000,1965.209302,8.749053
files/p43.atsp,0.900000,193.000000,1961.069588,8.780259
files/p43.atsp,0.900000,193.000000,1956.966581,8.801879
files/p43.atsp,0.900000,193.000000,1953.117949,8.851040
files/p43.atsp,0.900000,193.000000,1949.219949,8.880353
files/p43.atsp,0.900000,193.000000,1944.987245,8.906056
files/p43.atsp,0.900000,193.000000,1940.966921,8.935665
files/p43.atsp,0.900000,193.000000,1950.637056,8.957740
files/p43.atsp,0.900000,193.000000,1946.845570,8.979811
files/p43.atsp,0.900000,193.000000,1942.601010,9.003945
files/p43.atsp,0.900000,193.000000,1938.700252,9.033462
files/p43.atsp,0.900000,193.000000,1934.527638,9.060599
files/p43.atsp,0.900000,193.000000,1943.543860,9.063279
files/p43.atsp,0.900000,193.000000,1953.322500,9.086992
files/p43.atsp,0.900000,193.000000,1949.653367,9.120605
files/p43.atsp,0.900000,193.000000,1946.027363,9.156786
files/p43.atsp,0.900000,193.000000,1955.491315,9.170412
files/p43.atsp,0.900000,193.000000,1951.851485,9.198732
files/p43.atsp,0.900000,193.000000,1948.111111,9.228447
files/p43.atsp,0.900000,193.000000,1944.204433,9.253262
files/p43.atsp,0.900000,193.000000,1953.066339,9.258573
files/p43.atsp,0.900000,193.000000,1948.916667,9.274202
files/p43.atsp,0.900000,193.000000,1944.726161,9.295216
files/p43.atsp,0.900000,193.000000,1954.146341,9.315739
files/p43.atsp,0.900000,193.000000,1963.328467,9.319308
files/p43.atsp,0.900000,193.000000,1959.468447,9.346906
files/p43.atsp,0.900000,193.000000,1955.801453,9.364279
files/p43.atsp,0.900000,193.000000,1964.990338,9.365966
files/p43.atsp,0.900000,193.000000,1960.908434,9.392284
files/p43.atsp,0.900000,193.000000,1957.132212,9.420338
files/p43.atsp,0.900000,193.000000,1953.414868,9.452095
files/p43.atsp,0.900000,193.000000,1962.315789,9.466837
files/p43.atsp,0.900000,193.000000,1971.145585,9.469755
files/p43.atsp,0.900000,193.000000,1967.292857,9.502819
files/p43.atsp,0.900000,193.000000,1976.446556,9.518687
files/p43.atsp,0.900000,193.000000,1985.725118,9.549463
files/p43.atsp,0.900000,193.000000,1994.513002,9.580927
files/p43.atsp,0.900000,193.000000,1990.712264,9.600157
files/p43.atsp,0.900000,193.000000,1986.929412,9.627971
files/p43.atsp,0.900000,193.000000,1995.185446,9.631119
files/p43.atsp,0.900000,193.000000,1991.377049,9.660800
files/p43.atsp,0.900000,193.000000,1987.495327,9.687945
files/p43.atsp,0.900000,193.000000,1983.804196,9.709533
files/p43.atsp,0.900000,193.000000,1992.600000,9.722526
files/p43.atsp,0.900000,193.000000,1988.935035,9.757610
files/p43.atsp,0.900000,193.000000,1985.233796,9.790825
files/p43.atsp,0.900000,193.000000,1981.452656,9.809963
files/p43.atsp,0.900000,193.000000,1989.983871,9.811634
files/p43.atsp,0.900000,193.000000,1986.183908,9.830556
files/p43.atsp,0.900000,193.000000,1982.589450,9.856040
files/p43.atsp,0.900000,193.000000,1991.141876,9.861259
files/p43.atsp,0.900000,193.000000,1987.518265,9.885086
files/p43.atsp,0.900000,193.000000,1983.594533,9.902981
files/p43.atsp,0.900000,193.000000,1979.815909,9.928363
files/p43.atsp,0.900000,193.000000,1988.138322,9.931221
files/p43.atsp,0.900000,193.000000,1984.556561,9.969842
files/p43.atsp,0.900000,193.000000,1980.821670,9.998697
files/p43.atsp,0.900000,193.000000,1977.159910,10.026709
files/p43.atsp,0.900000,193.000000,1985.366292,10.035935
files/p43.atsp,0.900000,193.000000,1981.780269,10.051840
files/p43.atsp,0.900000,193.000000,1978.118568,10.082544
files/p43.atsp,0.900000,193.000000,1974.558036,10.115139
files/p43.atsp,0.900000,193.000000,1982.605791,10.117399
files/p43.atsp,0.900000,193.000000,1979.077778,10.142981
files/p43.atsp,0.900000,193.000000,1975.585366,10.160091
files/p43.atsp,0.900000,193.000000,1972.059735,10.183239
files/p43.atsp,0.900000,193.000000,1979.971302,10.185891
files/p43.atsp,0.900000,193.000000,1976.242291,10.205106
files/p43.atsp,0.900000,193.000000,1972.635165,10.219865
files/p43.atsp,0.900000,193.000000,1980.638158,10.228557
files/p43.atsp,0.900000,193.000000,1977.118162,10.246631
files/p43.atsp,0.900000,193.000000,1985.414847,10.262861
files/p43.atsp,0.900000,193.000000,1993.427015,10.270328
files/p43.atsp,0.900000,193.000000,2001.241304,10.272518
files/p43.atsp,0.900000,193.000000,1997.960954,10.290092
files/p43.atsp,0.900000,193.000000,2005.887446,10.292256
files/p43.atsp,0.900000,193.000000,2013.911447,10.306739
files/p43.atsp,0.900000,193.000000,2010.318966,10.321848
files/p43.atsp,0.900000,193.000000,2018.365591,10.330002
files/p43.atsp,0.900000,193.000000,2014.957082,10.359720
files/p43.atsp,0.900000,193.000000,2023.278373,10.373348
files/p43.atsp,0.900000,193.000000,2031.004274,10.385355
files/p43.atsp,0.900000,193.000000,2039.031983,10.407961
files/p43.atsp,0.900000,193.000000,2035.736170,10.436424
files/p43.atsp,0.900000,193.000000,2032.131635,10.456132
files/p43.atsp,0.900000,193.000000,2040.322034,10.472074
files/p43.atsp,0.900000,193.000000,2036.985201,10.502544
files/p43.atsp,0.900000,193.000000,2044.476793,10.504732
files/p43.atsp,0.900000,193.000000,2051.966316,10.508751
files/p43.atsp,0.900000,193.000000,2059.514706,10.512035
files/p43.atsp,0.900000,193.000000,2056.054507,10.531857
files/p43.atsp,0.900000,193.000000,2052.462343,10.559705
files/p43.atsp,0.900000,193.000000,2048.803758,10.585758
files/p43.atsp,0.900000,193.000000,2045.418750,10.605678
files/p43.atsp,0.900000,193.000000,2042.027027,10.623717
files/p43.atsp,0.900000,193.000000,2038.834025,10.645049
files/p43.atsp,0.900000,193.000000,2035.567288,10.672560
files/p43.atsp,0.900000,193.000000,2032.347107,10.693998
files/p43.atsp,0.900000,193.000000,2029.074227,10.726919
files/p43.atsp,0.900000,193.000000,2036.681070,10.733180
files/p43.atsp,0.900000,193.000000,2033.248460,10.753739
files/p43.atsp,0.900000,193.000000,2030.278689,10.780444
files/p43.atsp,0.900000,193.000000,2037.580777,10.794147
files/p43.atsp,0.900000,193.000000,2045.167347,10.806362
files/p43.atsp,0.900000,193.000000,2041.737271,10.832445
files/p43.atsp,0.900000,193.000000,2038.288618,10.861136
files/p43.atsp,0.900000,193.000000,2034.933063,10.881036
files/p43.atsp,0.900000,193.000000,2031.599190,10.908954
files/p43.atsp,0.900000,193.000000,2028.143434,10.933854
files/p43.atsp,0.900000,193.000000,2024.850806,10.959797
files/p43.atsp,0.900000,193.000000,2032.217304,10.975314
files/p43.atsp,0.900000,193.000000,2039.726908,10.983952
files/p43.atsp,0.900000,193.000000,2036.488978,11.011565
files/p43.atsp,0.900000,193.000000,2043.912000,11.021729
files/p43.atsp,0.900000,193.000000,2051.053892,11.029322
files/p43.atsp,0.900000,193.000000,2047.886454,11.050581
files/p43.atsp,0.900000,193.000000,2055.335984,11.062240
files/p43.atsp,0.900000,193.000000,2052.130952,11.092710
files/p43.atsp,0.900000,193.000000,2059.411881,11.102401
files/p43.atsp,0.900000,193.000000,2056.167984,11.139888
files/p43.atsp,0.900000,193.000000,2053.027613,11.168430
files/p43.atsp,0.900000,193.000000,2059.820866,11.172689
files/p43.atsp,0.900000,193.000000,2056.335953,11.211683
files/p43.atsp,0.900000,193.000000,2063.515686,11.219707
files/p43.atsp,0.900000,193.000000,2070.542074,11.227136
files/p43.atsp,0.900000,193.000000,2077.675781,11.230701
files/p43.atsp,0.900000,193.000000,2074.450292,11.274443
files/p43.atsp,0.900000,193.000000,2071.260700,11.314055
files/p43.atsp,0.900000,193.000000,2068.221359,11.355354
files/p43.atsp,0.900000,193.000000,2064.790698,11.415430
files/p43.atsp,0.900000,193.000000,2071.852998,11.435219
files/p43.atsp,0.900000,193.000000,2068.559846,11.464346
files/p43.atsp,0.900000,193.000000,2065.375723,11.491552
files/p43.atsp,0.900000,193.000000,2062.217308,11.513490
files/p43.atsp,0.900000,193.000000,2069.170825,11.526425
files/p43.atsp,0.900000,193.000000,2065.883142,11.554729
files/p43.atsp,0.900000,193.000000,2062.395793,11.578900
files/p43.atsp,0.900000,193.000000,2059.379771,11.610890
files/p43.atsp,0.900000,193.000000,2056.177143,11.633207
files/p43.atsp,0.900000,193.000000,2052.963878,11.666351
files/p43.atsp,0.900000,193.000000,2049.622391,11.695619
files/p43.atsp,0.900000,193.000000,2046.501894,11.722903
files/p43.atsp,0.900000,193.000000,2043.285444,11.743537
files/p43.atsp,0.900000,193.000000,2050.377358,11.763290
files/p43.atsp,0.900000,193.000000,2057.084746,11.769997
files/p43.atsp,0.900000,193.000000,2053.902256,11.798238
files/p43.atsp,0.900000,193.000000,2050.846154,11.831790
files/p43.atsp,0.900000,193.000000,2047.535581,11.859528
files/p43.atsp,0.900000,193.000000,2044.429907,11.889467
files/p43.atsp,0.900000,193.000000,2041.406716,11.911822
files/p43.atsp,0.900000,193.000000,2048.243948,11.919286
files/p43.atsp,0.900000,193.000000,2055.001859,11.924019
files/p43.atsp,0.900000,193.000000,2051.749536,11.944014
files/p43.atsp,0.900000,193.000000,2048.607407,11.965559
files/p43.atsp,0.900000,193.000000,2045.452865,11.987062
files/p43.atsp,0.900000,193.000000,2052.239852,11.994295
files/p43.atsp,0.900000,193.000000,2049.226519,12.007964
files/p43.atsp,0.900000,193.000000,2046.246324,12.028322
files/p43.atsp,0.900000,193.000000,2052.713761,12.037469
files/p43.atsp,0.900000,193.000000,2049.723443,12.053781
files/p43.atsp,0.900000,193.000000,2056.393053,12.077912
files/p43.atsp,0.900000,193.000000,2053.357664,12.094302
files/p43.atsp,0.900000,193.000000,2050.320583,12.114185
files/p43.atsp,0.900000,193.000000,2056.949091,12.118614
files/p43.atsp,0.900000,193.000000,2053.827586,12.137365
files/p43.atsp,0.900000,193.000000,2050.686594,12.167981
files/p43.atsp,0.900000,193.000000,2047.645570,12.185019
files/p43.atsp,0.900000,193.000000,2054.454874,12.202969
files/p43.atsp,0.900000,193.000000,2051.394595,12.230263
files/p43.atsp,0.900000,193.000000,2058.019784,12.236813
files/p43.atsp,0.900000,193.000000,2064.477558,12.239395
files/p43.atsp,0.900000,193.000000,2061.379928,12.259807
files/p43.atsp,0.900000,193.000000,2058.273703,12.278894
files/p43.atsp,0.900000,193.000000,2055.467857,12.297709
files/p43.atsp,0.900000,193.000000,2062.089127,12.312851
files/p43.atsp,0.900000,193.000000,2058.991103,12.332276
files/p43.atsp,0.900000,193.000000,2055.994671,12.353812
files/p43.atsp,0.900000,193.000000,2052.895390,12.385221
files/p43.atsp,0.900000,193.000000,2059.246018,12.399613
files/p43.atsp,0.900000,193.000000,2065.703180,12.405700
files/p43.atsp,0.900000,193.000000,2072.243386,12.422049
files/p43.atsp,0.900000,193.000000,2078.461268,12.427378
files/p43.atsp,0.900000,193.000000,2084.868190,12.451558
files/p43.atsp,0.900000,193.000000,2081.784211,12.479663
files/p43.atsp,0.900000,193.000000,2078.898424,12.512490
files/p43.atsp,0.900000,193.000000,2085.451049,12.539390
files/p43.atsp,0.900000,193.000000,2082.415358,12.556926
files/p43.atsp,0.900000,193.000000,2079.442509,12.583754
files/p43.atsp,0.900000,193.000000,2076.375652,12.613583
files/p43.atsp,0.900000,193.000000,2073.453125,12.634313
files/p43.atsp,0.900000,193.000000,2070.596187,12.658592
files/p43.atsp,0.900000,193.000000,2067.794118,12.687861
files/p43.atsp,0.900000,193.000000,2074.438687,12.700550
files/p43.atsp,0.900000,193.000000,2080.663793,12.714663
files/p43.atsp,0.900000,193.000000,2086.679862,12.717533
files/p43.atsp,0.900000,193.000000,2083.970790,12.747157
files/p43.atsp,0.900000,193.000000,2090.259005,12.767045
files/p43.atsp,0.900000,193.000000,2087.308219,12.791057
files/p43.atsp,0.900000,193.000000,2084.600000,12.814142
files/p43.atsp,0.900000,193.000000,2090.530717,12.816814
files/p43.atsp,0.900000,193.000000,2087.470187,12.838047
files/p43.atsp,0.900000,193.000000,2093.440476,12.853541
files/p43.atsp,0.900000,193.000000,2090.475382,12.875412
files/p43.atsp,0.900000,193.000000,2087.633898,12.898943
files/p43.atsp,0.900000,193.000000,2084.708968,12.925007
files/p43.atsp,0.900000,193.000000,2081.765203,12.952608
files/p43.atsp,0.900000,193.000000,2088.043845,12.974208
files/p43.atsp,0.900000,193.000000,2085.181818,12.990730
files/p43.atsp,0.900000,193.000000,2082.273950,13.011529
files/p43.atsp,0.900000,193.000000,2079.716443,13.027182
files/p43.atsp,0.900000,193.000000,2076.938023,13.049603
files/p43.atsp,0.900000,193.000000,2074.212375,13.063417
files/p43.atsp,0.900000,193.000000,2071.340568,13.079012
files/p43.atsp,0.900000,193.000000,2068.401667,13.100576
files/p43.atsp,0.900000,193.000000,2074.374376,13.102776
files/p43.atsp,0.900000,193.000000,2071.481728,13.128224
files/p43.atsp,0.900000,193.000000,2068.593698,13.167813
files/p43.atsp,0.900000,193.000000,2074.657285,13.211542
files/p43.atsp,0.900000,193.000000,2071.897521,13.271129
files/p43.atsp,0.900000,193.000000,2069.133663,13.328121
files/p43.atsp,0.900000,193.000000,2066.461285,13.369467
files/p43.atsp,0.900000,193.000000,2072.238487,13.375490
files/p43.atsp,0.900000,193.000000,2069.551724,13.424103
files/p43.atsp,0.900000,193.000000,2066.922951,13.474913
files/p43.atsp,0.900000,193.000000,2064.055646,13.507953
files/p43.atsp,0.900000,193.000000,2061.302288,13.545851
files/p43.atsp,0.900000,193.000000,2067.526917,13.552323
files/p43.atsp,0.900000,193.000000,2065.021173,13.579666
files/p43.atsp,0.900000,193.000000,2062.458537,13.609276
files/p43.atsp,0.900000,193.000000,2068.522727,13.613280
files/p43.atsp,0.900000,193.000000,2065.737439,13.646167
files/p43.atsp,0.900000,193.000000,2062.812298,13.664944
files/p43.atsp,0.900000,193.000000,2060.235864,13.681825
files/p43.atsp,0.900000,193.000000,2057.891935,13.704912
files/p43.atsp,0.900000,193.000000,2055.014493,13.726826
files/p43.atsp,0.900000,193.000000,2052.424437,13.756969
files/p43.atsp,0.900000,193.000000,2049.829856,13.779197
files/p43.atsp,0.900000,193.000000,2047.264423,13.802866
files/p43.atsp,0.900000,193.000000,2044.515200,13.825059
files/p43.atsp,0.900000,193.000000,2041.900958,13.849075
files/p43.atsp,0.900000,193.000000,2039.433812,13.867798
files/p43.atsp,0.900000,193.000000,2045.326433,13.873135
files/p43.atsp,0.900000,193.000000,2042.844197,13.910936
files/p43.atsp,0.900000,193.000000,2040.279365,13.926979
files/p43.atsp,0.900000,193.000000,2037.671949,13.953331
files/p43.atsp,0.900000,193.000000,2034.992089,13.980916
files/p43.atsp,0.900000,193.000000,2032.251185,13.998558
files/p43.atsp,0.900000,193.000000,2037.938486,14.001455
files/p43.atsp,0.900000,193.000000,2043.634646,14.015672
files/p43.atsp,0.900000,193.000000,2041.073899,14.040558
files/p43.atsp,0.900000,193.000000,2038.684458,14.070948
files/p43.atsp,0.900000,193.000000,2036.072100,14.103717
files/p43.atsp,0.900000,193.000000,2033.389671,14.127927
files/p43.atsp,0.900000,193.000000,2039.028125,14.130164
files/p43.atsp,0.900000,193.000000,2036.327613,14.147663
files/p43.atsp,0.900000,193.000000,2033.786604,14.166161
files/p43.atsp,0.900000,193.000000,2031.054432,14.188275
files/p43.atsp,0.900000,193.000000,2028.549689,14.219001
files/p43.atsp,0.900000,193.000000,2025.965891,14.242779
files/p43.atsp,0.900000,193.000000,2031.724458,14.245106
files/p43.atsp,0.900000,193.000000,2029.046368,14.276052
files/p43.atsp,0.900000,193.000000,2026.438272,14.305889
files/p43.atsp,0.900000,193.000000,2024.084746,14.323462
files/p43.atsp,0.900000,193.000000,2021.458462,14.346399
files/p43.atsp,0.900000,193.000000,2019.052227,14.376621
files/p43.atsp,0.900000,193.000000,2016.530675,14.398307
files/p43.atsp,0.900000,193.000000,2022.442573,14.414226
files/p43.atsp,0.900000,193.000000,2019.935780,14.453690
files/p43.atsp,0.900000,193.000000,2017.332824,14.474706
files/p43.atsp,0.900000,193.000000,2014.801829,14.497618
files/p43.atsp,0.900000,193.000000,2020.155251,14.501426
files/p43.atsp,0.900000,193.000000,2017.609422,14.524259
files/p43.atsp,0.900000,193.000000,2023.220030,14.528941
files/p43.atsp,0.900000,193.000000,2020.842424,14.556857
files/p43.atsp,0.900000,193.000000,2026.293495,14.560931
files/p43.atsp,0.900000,193.000000,2023.779456,14.603431
files/p43.atsp,0.900000,193.000000,2021.300151,14.626097
files/p43.atsp,0.900000,193.000000,2026.917169,14.659162
files/p43.atsp,0.900000,193.000000,2032.502256,14.671790
files/p43.atsp,0.900000,193.000000,2030.003003,14.698952
files/p43.atsp,0.900000,193.000000,2027.470765,14.720889
files/p43.atsp,0.900000,193.000000,2024.881737,14.753666
files/p43.atsp,0.900000,193.000000,2022.553064,14.779964
files/p43.atsp,0.900000,193.000000,2020.153731,14.804629
files/p43.atsp,0.900000,193.000000,2025.554396,14.812593
files/p43.atsp,0.900000,193.000000,2023.261905,14.845760
files/p43.atsp,0.900000,193.000000,2020.606241,14.871756
files/p43.atsp,0.900000,193.000000,2026.106825,14.892004
files/p43.atsp,0.900000,193.000000,2023.773333,14.916359
files/p43.atsp,0.900000,193.000000,2021.486686,14.940934
files/p43.atsp,0.900000,193.000000,2019.041359,14.967758
files/p43.atsp,0.900000,193.000000,2024.547198,14.977497
files/p43.atsp,0.900000,193.000000,2022.191458,15.002229
files/p43.atsp,0.900000,193.000000,2027.592647,15.022590
files/p43.atsp,0.900000,193.000000,2025.069016,15.045108
files/p43.atsp,0.900000,193.000000,2030.422287,15.049403
files/p43.atsp,0.900000,193.000000,2035.834553,15.056218
files/p43.atsp,0.900000,193.000000,2033.440058,15.085525
files/p43.atsp,0.900000,193.000000,2031.032117,15.113287
files/p43.atsp,0.900000,193.000000,2028.546647,15.135782
files/p43.atsp,0.900000,193.000000,2026.123726,15.162867
files/p43.atsp,0.900000,193.000000,2023.831395,15.183847
files/p43.atsp,0.900000,193.000000,2029.190131,15.209316
files/p43.atsp,0.900000,193.000000,2026.827536,15.227742
files/p43.atsp,0.900000,193.000000,2024.470333,15.242502
files/p43.atsp,0.900000,193.000000,2022.174855,15.262775
files/p43.atsp,0.900000,193.000000,2019.884560,15.279371
files/p43.atsp,0.900000,193.000000,2017.487032,15.295713
files/p43.atsp,0.900000,193.000000,2015.148201,15.315789
files/p43.atsp,0.900000,193.000000,2020.363506,15.320453
files/p43.atsp,0.900000,193.000000,2025.482066,15.322369
files/p43.atsp,0.900000,193.000000,2022.875358,15.341596
files/p43.atsp,0.900000,193.000000,2020.543634,15.369023
files/p43.atsp,0.900000,193.000000,2018.224286,15.400714
files/p43.atsp,0.900000,193.000000,2016.032810,15.431941
files/p43.atsp,0.900000,193.000000,2021.435897,15.448052
files/p43.atsp,0.900000,193.000000,2026.751067,15.460343
files/p43.atsp,0.900000,193.000000,2024.247159,15.488135
files/p43.atsp,0.900000,193.000000,2021.903546,15.516229
files/p43.atsp,0.900000,193.000000,2019.661473,15.550610
files/p43.atsp,0.900000,193.000000,2017.357850,15.579090
files/p43.atsp,0.900000,193.000000,2015.045198,15.597729
files/p43.atsp,0.900000,193.000000,2012.691114,15.624649
files/p43.atsp,0.900000,193.000000,2010.287324,15.641652
files/p43.atsp,0.900000,193.000000,2008.067511,15.669275
files/p43.atsp,0.900000,193.000000,2005.765449,15.687013
files/p43.atsp,0.900000,193.000000,2010.952314,15.705007
files/p43.atsp,0.900000,193.000000,2015.976190,15.708556
files/p43.atsp,0.900000,193.000000,2013.660140,15.728427
files/p43.atsp,0.900000,193.000000,2011.349162,15.750359
